03329719951011   254  205
03329719951012   261  195
03329719951013   275  180
03329719951014   285  221
03329719951015   248 -999
03329719951016   229  174
03329719951017   232  202
03329719951018   239  194
03329719951019   250  194
03329719951020   258  211
03329719951021   262  216
03329719951022   269  225
03329719951023   285  227
03329719951024   298  210
03329719951025   276  232
03329719951026   276  194
03329719951027   276  195
03329719951028   270  196
03329719951029   271  195
03329719951030   285  175
03329719951031   304  191
03329719951101   291  209
03329719951102   307  235
03329719951103   312  233
03329719951104   310  232
03329719951105   312  237
03329719951106   310  230
03329719951107   309  218
03329719951108   308  210
03329719951109   302  231
03329719951110   299  216
03329719951111   295  238
03329719951112   295  230
03329719951113   287  245
03329719951114   278  212
03329719951115   285  219
03329719951116   288  234
03329719951117   298  242
03329719951118   305  240
03329719951119   319  250
03329719951120   323  259
03329719951121   297  221
03329719951122   324  225
03329719951123   326  258
03329719951124   302  224
03329719951125   309  222
03329719951126   305  238
03329719951127   304  221
03329719951128   309  249
03329719951129   310  217
03329719951130   314  248
03329719951201   328  246
03329719951202   305  203
03329719951203   300  250
03329719951204   317  250
03329719951205   317  264
03329719951206   326  226
03329719951207   312  233
03329719951208   303  245
03329719951209   305  259
03329719951210   312  223
03329719951211   325  246
03329719951212   270  215
03329719951213   297  184
03329719951214   282  245
03329719951215   299  242
03329719951216   300 -999
03329719951217   331  220
03329719951218   335  252
03329719951219   350  232
03329719951220   385  225
03329719951221   367  238
03329719951222   313  259
03329719951223   312  244
03329719951224   298  219
03329719951225   300  259
03329719951226   302  252
03329719951227   295  245
03329719951228   315  202
03329719951229   305  226
03329719951230   308  257
03329719951231   311  262
03329719960101   325  263
03329719960102   326  265
03329719960103   318  252
03329719960104   310  235
03329719960105   287  229
03329719960106   283  218
03329719960107   286  231
03329719960108   285  241
03329719960109   327  234
03329719960110   323  242
03329719960111   334  246
03329719960112   307  241
03329719960113   301  243
03329719960114   296  260
03329719960115   275  248
03329719960116   293  225
03329719960117   291  227
03329719960118   295  233
03329719960119   298  260
03329719960120   304  217
03329719960121   305  218
03329719960122   303  230
03329719960123   310  259
03329719960124   307  227
03329719960125   304  241
03329719960126   298  240
03329719960127   271  235
03329719960128   299 -999
03329719960129   306  238
03329719960130   318  240
03329719960131   317  244
03329719960201   324  235
03329719960202   310  236
03329719960203   307  222
03329719960204   310  248
03329719960205   288  246
03329719960206   304  231
03329719960207   305  249
03329719960208   310  269
03329719960209   315  235
03329719960210   295  215
03329719960211   305  202
03329719960212   301  223
03329719960213   294  258
03329719960214   291  234
03329719960215   284  199
03329719960216   320  201
03329719960217   316  223
03329719960218   305  244
03329719960219   305  228
03329719960220   306  230
03329719960221   300  265
03329719960222   285  234
03329719960223   265  209
03329719960224   283  195
03329719960225   280  225
03329719960226   285  218
03329719960227   289  214
03329719960228   297  223
03329719960229   301  226
03329719960301   290  225
03329719960302   290  236
03329719960303   270  217
03329719960304   278 -999
03329719960305   278  219
03329719960306   277  233
03329719960307   280  226
03329719960308   274  230
03329719960309   274  213
03329719960310   275  228
03329719960311   259  225
03329719960312   256  202
03329719960313   277  223
03329719960314   284  225
03329719960315   284  215
03329719960316   285  200
03329719960317   292  228
03329719960318   293  217
03329719960319   291  210
03329719960320   291  223
03329719960321   288  210
03329719960322   290  208
03329719960323   280  245
03329719960324   273  217
03329719960325   273  220
03329719960326   271  221
03329719960327   271  220
03329719960328   274  223
03329719960329   274  219
03329719960330   277  227
03329719960331   284  234
03329719960401   282  195
03329719960402   282  195
03329719960403   283  193
03329719960404   285  198
03329719960405   285  193
03329719960406   286  196
03329719960407   289  247
03329719960408   293  193
03329719960409   284  192
03329719960410   272  205
03329719960411   281  203
03329719960412   300  220
03329719960413   314  224
03329719960414   319  235
03329719960415   315  245
03329719960416   318  225
03329719960417   301  216
03329719960418   281  211
03329719960419   271  210
03329719960420   266  210
03329719960421   265  193
03329719960422   271  207
03329719960423   260  209
03329719960424   274  218
03329719960425   280  228
03329719960426   279  230
03329719960427   278  230
03329719960428   265  233
03329719960429   267  217
03329719960430   282  220
03329719960501   268  199
03329719960502   288  186
03329719960503   275  175
03329719960504   292  160
03329719960505   275  189
03329719960506   267  204
03329719960507   271  194
03329719960508   265  230
03329719960509   260  225
03329719960510   247  210
03329719960511   252  206
03329719960512   235  195
03329719960513   252  193
03329719960514   251  174
03329719960515   247  183
03329719960516   233  196
03329719960517   243  155
03329719960518   250  147
03329719960519   252  135
03329719960520   265  152
03329719960521   229  151
03329719960522   227  108
03329719960523   223  129
03329719960524   229  183
03329719960525   237  186
03329719960526   240  191
03329719960527   231  188
03329719960528   236  152
03329719960529   243  158
03329719960530   229  174
03329719960531   224  185
03329719960601   231  183
03329719960602   235  180
03329719960603   238  200
03329719960604   237  194
03329719960605   235  197
03329719960606   229  193
03329719960607   235  192
03329719960608   237  185
03329719960609   233  200
03329719960610   216  194
03329719960611   219  164
03329719960612   214  165
03329719960613   213  170
03329719960614   206  170
03329719960615   215  170
03329719960616   219  140
03329719960617   220  144
03329719960618   230  140
03329719960619   227  135
03329719960620   231  129
03329719960621   240  126
03329719960622   253  134
03329719960623   260  178
03329719960624   233  181
03329719960625   244  135
03329719960626   264  165
03329719960627   250  169
03329719960628   205  134
03329719960629   220  104
03329719960630   240  122
03329719960701   207  105
03329719960702   215   95
03329719960703   225  150
03329719960704   236  174
03329719960705   228  191
03329719960706   231  185
03329719960707   205  180
03329719960708   156  146
03329719960709   210  105
03329719960710   208  107
03329719960711   227  132
03329719960712   250  140
03329719960713   220  116
03329719960714   185   90
03329719960715   185   75
03329719960716   181   72
03329719960717   195   76
03329719960718   220  103
03329719960719   250  124
03329719960720   272  171
03329719960721   216  145
03329719960722   208   93
03329719960723   225  104
03329719960724   244  107
03329719960725   254  135
03329719960726   232  140
03329719960727   184  145
03329719960728   236  120
03329719960729   206  115
03329719960730   239  100
03329719960731   202  115
03329719960801   243  102
03329719960802   257  120
03329719960803   266  162
03329719960804   264  174
03329719960805   268  165
03329719960806   238  183
03329719960807   271  189
03329719960808   240  191
03329719960809   174  145
03329719960810   180   90
03329719960811   199   98
03329719960812   214  127
03329719960813   219  123
03329719960814   234  129
03329719960815   235  146
03329719960816   255  151
03329719960817   252  156
03329719960818   275  188
03329719960819   243  192
03329719960820   178  115
03329719960821   200   73
03329719960822   219  111
03329719960823   227  125
03329719960824   261  144
03329719960825   230  149
03329719960826   235  187
03329719960827   234  159
03329719960828   240  198
03329719960829   252  155
03329719960830   274  188
03329719960831   262  155
03329719960901   226  124
03329719960902   250  106
03329719960903   233  135
03329719960904   223  107
03329719960905   225  114
03329719960906   242  126
03329719960907   245  136
03329719960908   253  140
03329719960909   272  133
03329719960910   277  149
03329719960911   285  155
03329719960912   285  170
03329719960913   285  200
03329719960914   249  130
03329719960915   261  153
03329719960916   250  142
03329719960917   259  201
03329719960918   263  161
03329719960919   284  175
03329719960920   285  216
03329719960921   245  165
03329719960922   208   94
03329719960923   260  101
03329719960924   295  140
03329719960925   279  164
03329719960926   268  146
03329719960927   276  170
03329719960928   284  165
03329719960929   288  222
03329719960930   302  234
03329719961001   270  190
03329719961002   253  180
03329719961003   258  208
03329719961004   275  224
03329719961005   271  225
03329719961006   284  203
03329719961007   289  192
03329719961008   280  212
03329719961009   246  207
03329719961010   260  210
03329719961011   266  219
03329719961012   286  200
03329719961013   260  215
03329719961014   255  223
03329719961015   259  205
03329719961016   255  205
03329719961017   263  207
03329719961018   276  217
03329719961019   284  230
03329719961020   270  215
03329719961021   276  216
03329719961022   260  216
03329719961023   259  198
03329719961024   247  207
03329719961025   257  180
03329719961026   264  181
03329719961027   264  175
03329719961028   269  171
03329719961029   268  169
03329719961030   273  170
03329719961031   276  176
03329719961101   278  225
03329719961102   266  218
03329719961103   274  216
03329719961104   271  225
03329719961105   286  187
03329719961106   288  207
03329719961107   277  198
03329719961108   299  176
03329719961109   310  200
03329719961110   307  216
03329719961111   294  220
03329719961112   288  185
03329719961113   319  183
03329719961114   313  225
03329719961115   317  245
03329719961116   315  239
03329719961117   319  240
03329719961118   336  243
03329719961119   326  225
03329719961120   296  250
03329719961121   315  206
03329719961122   286  223
03329719961123   275  186
03329719961124   275  201
03329719961125   292  199
03329719961126   286  194
03329719961127   295  197
03329719961128   297  203
03329719961129   305  206
03329719961130   314  220
03329719961201   322  240
03329719961202   330  244
03329719961203   327  254
03329719961204   335  255
03329719961205   310  245
03329719961206   324  259
03329719961207   326  254
03329719961208   327  250
03329719961209   317  223
03329719961210   321  232
03329719961211   317  232
03329719961212   322  237
03329719961213   316  266
03329719961214   305  258
03329719961215   311  254
03329719961216   286  225
03329719961217   301  203
03329719961218   313  224
03329719961219   321  230
03329719961220   301  226
03329719961221   296  223
03329719961222   290  225
03329719961223   295  238
03329719961224   290  237
03329719961225   296  242
03329719961226   281  245
03329719961227   297  225
03329719961228   290  220
03329719961229   298  213
03329719961230   311  232
03329719961231   320  221
03329719970101   308  224
03329719970102   300  233
03329719970103   292  192
03329719970104   290  234
03329719970105   285 -999
03329719970106   289  225
03329719970107   295  220
03329719970108   333  221
03329719970109   324  245
03329719970110   312  243
03329719970111   302  252
03329719970112   300  257
03329719970113   294  240
03329719970114   285  235
03329719970115   292  243
03329719970116   297  243
03329719970117   302  245
03329719970118   301  247
03329719970119   284  251
03329719970120   281  220
03329719970121   287  205
03329719970122   295  221
03329719970123   303  240
03329719970124   296  215
03329719970125   300  215
03329719970126   297  228
03329719970127   310  240
03329719970128   316  250
03329719970129   323  242
03329719970130   330  260
03329719970131   340  257
03329719970201   343  265
03329719970202   312  232
03329719970203   304  260
03329719970204   287  234
03329719970205   292  235
03329719970206   300  252
03329719970207   297  255
03329719970208   290  254
03329719970209   295  238
03329719970210   306  240
03329719970211   278  235
03329719970212   273  222
03329719970213   303  235
03329719970214   312  257
03329719970215   308  228
03329719970216   302  235
03329719970217   303  234
03329719970218   303  244
03329719970219   298  234
03329719970220   293  235
03329719970221   289  235
03329719970222   298  211
03329719970223   295  210
03329719970224   278  240
03329719970225   282  199
03329719970226   298  253
03329719970227   317  260
03329719970228   295  245
03329719970301   298  249
03329719970302   300  261
03329719970303   305  238
03329719970304   283  251
03329719970305   302  241
03329719970306   305  261
03329719970307   295  264
03329719970308   256  245
03329719970309   265  231
03329719970310   272  219
03329719970311   284  208
03329719970312   284  215
03329719970313   284  220
03329719970314   271  226
03329719970315   279  217
03329719970316   280  207
03329719970317   281  200
03329719970318   281  211
03329719970319   279  223
03329719970320   276  224
03329719970321   272  229
03329719970322   287  229
03329719970323   301  242
03329719970324   256  230
03329719970325   276  215
03329719970326   260  224
03329719970327   266  220
03329719970328   274  213
03329719970329   266  223
03329719970330   273  215
03329719970331   276  184
03329719970401   272  195
03329719970402   281  197
03329719970403   274  194
03329719970404   282  204
03329719970405   276  202
03329719970406   277  187
03329719970407   293  180
03329719970408   274  163
03329719970409   259  217
03329719970410   270  213
03329719970411   266  193
03329719970412   261  203
03329719970413   258  205
03329719970414   252  196
03329719970415   262  182
03329719970416   255  181
03329719970417   261  184
03329719970418   265  181
03329719970419   265  169
03329719970420   273  175
03329719970421   262  184
03329719970422   261  204
03329719970423   265  210
03329719970424   252  203
03329719970425   250  202
03329719970426   254  201
03329719970427   248  200
03329719970428   250  200
03329719970429   252  201
03329719970430   246  185
03329719970501   247  194
03329719970502   246  200
03329719970503   250  199
03329719970504   251  205
03329719970505   255  192
03329719970506   251  207
03329719970507   255  188
03329719970508   260  187
03329719970509   239  195
03329719970510   231  119
03329719970511   215  111
03329719970512   225  104
03329719970513   231  139
03329719970514   239  191
03329719970515   232  198
03329719970516   196  176
03329719970517   215  168
03329719970518   241  166
03329719970519   240  159
03329719970520   240  140
03329719970521   236  154
03329719970522   242  162
03329719970523   236  188
03329719970524   243  170
03329719970525   223  145
03329719970526   235  147
03329719970527   236  144
03329719970528   239  158
03329719970529   240  161
03329719970530   244  157
03329719970531   232  150
03329719970601   201  100
03329719970602   214   98
03329719970603   234  163
03329719970604   235  156
03329719970605   238  159
03329719970606   243  164
03329719970607   234  155
03329719970608   229  177
03329719970609   221  184
03329719970610   221  173
03329719970611   218  172
03329719970612   221  166
03329719970613   228  152
03329719970614   236  156
03329719970615   220  150
03329719970616   196  105
03329719970617   200  105
03329719970618   207  112
03329719970619   202  168
03329719970620   196  153
03329719970621   207  162
03329719970622   215  170
03329719970623   217  174
03329719970624   216  181
03329719970625   214  179
03329719970626   210  124
03329719970627   213  129
03329719970628   228  120
03329719970629   179   89
03329719970630   197   72
03329719970701   204  105
03329719970702   196  156
03329719970703   205  165
03329719970704   197  120
03329719970705   183  134
03329719970706   200  103
03329719970707   202  130
03329719970708   213  171
03329719970709   218  185
03329719970710   220  167
03329719970711   205  145
03329719970712   206  170
03329719970713   217  176
03329719970714   214  167
03329719970715   217  148
03329719970716  -999  140
03329719970717   218 -999
03329719970718   202   87
03329719970719   200  146
03329719970720   201  150
03329719970721   199  150
03329719970722   204  147
03329719970723   205  112
03329719970724   203  147
03329719970725   209  155
03329719970726   214  152
03329719970727   212  147
03329719970728   216  133
03329719970729   215  137
03329719970730   211  123
03329719970731   214  119
03329719970801   207  115
03329719970802   206  155
03329719970803   207  147
03329719970804   215  162
03329719970805   198  156
03329719970806   208  139
03329719970807   234  147
03329719970808   239  154
03329719970809   249  169
03329719970810   218  117
03329719970811   229  131
03329719970812   251  132
03329719970813   216  148
03329719970814   220  141
03329719970815   217  165
03329719970816   219  142
03329719970817   221  139
03329719970818   229  142
03329719970819   227  138
03329719970820   228  171
03329719970821   229  191
03329719970822   226  189
03329719970823   227  139
03329719970824   258  144
03329719970825   208  134
03329719970826   211   91
03329719970827   214  101
03329719970828   219  108
03329719970829   216  125
03329719970830   214  184
03329719970831   233  186
03329719970901   241  205
03329719970902   272  175
03329719970903   270  187
03329719970904   261  189
03329719970905   274  199
03329719970906   249  161
03329719970907   284  131
03329719970908   279  175
03329719970909   274  170
03329719970910   239  138
03329719970911   240  150
03329719970912   235  159
03329719970913   229  182
03329719970914   238  180
03329719970915   238  178
03329719970916   249  156
03329719970917   250  144
03329719970918   251  150
03329719970919   260  210
03329719970920   275  163
03329719970921   284  192
03329719970922   293  200
03329719970923   285  179
03329719970924   285  220
03329719970925   291  190
03329719970926   289  215
03329719970927   324  215
03329719970928   304  204
03329719970929   299  205
03329719970930   241  214
03329719971001   249  214
03329719971002   268  170
03329719971003   279  175
03329719971004   290  177
03329719971005   254  222
03329719971006   276  200
03329719971007   289  214
03329719971008   295  200
03329719971009   283  190
03329719971010   270  179
03329719971011   280  184
03329719971012   289  168
03329719971013   294  183
03329719971014   283  188
03329719971015   288  189
03329719971016   290  196
03329719971017   284  189
03329719971018   298  184
03329719971019   287  186
03329719971020   285  182
03329719971021   256  195
03329719971022   255  215
03329719971023   257  209
03329719971024   261  205
03329719971025   265  213
03329719971026   273  216
03329719971027   269  224
03329719971028   273  194
03329719971029   273  171
03329719971030   282  174
03329719971031   289  184
03329719971101   275  196
03329719971102   278  185
03329719971103   293  188
03329719971104   295  190
03329719971105   304  200
03329719971106   317  210
03329719971107   282  220
03329719971108   301  206
03329719971109   290  194
03329719971110   300  225
03329719971111   298  210
03329719971112   292  216
03329719971113   316  222
03329719971114   317  240
03329719971115   311  247
03329719971116   322  243
03329719971117   320  240
03329719971118   311  232
03329719971119   308  220
03329719971120   270  211
03329719971121   286  195
03329719971122   284  230
03329719971123   287  240
03329719971124   295  240
03329719971125   294  217
03329719971126   290  208
03329719971127   303  205
03329719971128   313  209
03329719971129   327  223
03329719971130   333  250
03329719971201   333  248
03329719971202   340  254
03329719971203   336  256
03329719971204   319  258
03329719971205   319  256
03329719971206   329  258
03329719971207   319  250
03329719971208   325  254
03329719971209   323  254
03329719971210   330  230
03329719971211   314  260
03329719971212   310  238
03329719971213   295  238
03329719971214   325  230
03329719971215   332  257
03329719971216   302  229
03329719971217   319  236
03329719971218   334  249
03329719971219   328  259
03329719971220   322  239
03329719971221   329  247
03329719971222   290  224
03329719971223   317  233
03329719971224   324  231
03329719971225   331  246
03329719971226   310  248
03329719971227   295  246
03329719971228   270  233
03329719971229   271  230
03329719971230   270  236
03329719971231   274  230
03329719980101   284  221
03329719980102   281  228
03329719980103   283  243
03329719980104   295  239
03329719980105   294  250
03329719980106   295  245
03329719980107   286  242
03329719980108   288  245
03329719980109   295  255
03329719980110   281  260
03329719980111   270  226
03329719980112   280  233
03329719980113   295  241
03329719980114   296  263
03329719980115   300  260
03329719980116   293  254
03329719980117   292  258
03329719980118   295  246
03329719980119   300  261
03329719980120   293  241
03329719980121   314  222
03329719980122   318  231
03329719980123   311  257
03329719980124   307  269
03329719980125   312  261
03329719980126   312  252
03329719980127   313  250
03329719980128   313  274
03329719980129   323  255
03329719980130   321  270
03329719980131   291  246
03329719980201   311  231
03329719980202   322  242
03329719980203   323  245
03329719980204   315  250
03329719980205   312  238
03329719980206   317  241
03329719980207   313  255
03329719980208   317  261
03329719980209   320  244
03329719980210   319  253
03329719980211   332  256
03329719980212   322  254
03329719980213   322  248
03329719980214   310  237
03329719980215   317  232
03329719980216   327  250
03329719980217   318  227
03329719980218   320  245
03329719980219   310  247
03329719980220   314  232
03329719980221   318  238
03329719980222   327  246
03329719980223   326  250
03329719980224   319  254
03329719980225   289  239
03329719980226   290  244
03329719980227   301  252
03329719980228   302  252
03329719980301   282  260
03329719980302   286  227
03329719980303   266  223
03329719980304   252  219
03329719980305   266  225
03329719980306   293  232
03329719980307   303  220
03329719980308   303  235
03329719980309   305  235
03329719980310   303  266
03329719980311   295  250
03329719980312   288  230
03329719980313   288  244
03329719980314   295  205
03329719980315   291  197
03329719980316   302  205
03329719980317   300  237
03329719980318   301  254
03329719980319   300  270
03329719980320   291  249
03329719980321   283  231
03329719980322   285  232
03329719980323   293  237
03329719980324   286  217
03329719980325   290  218
03329719980326   288  205
03329719980327   298  216
03329719980328   319  226
03329719980329   298  217
03329719980330   297  215
03329719980331   299  226
03329719980401   307  252
03329719980402   298  251
03329719980403   283  234
03329719980404   274  219
03329719980405   271  228
03329719980406   279  238
03329719980407   264  211
03329719980408   275  213
03329719980409   277  214
03329719980410   281  196
03329719980411   288  198
03329719980412   296  200
03329719980413   306  230
03329719980414   304  241
03329719980415   293  261
03329719980416   264  232
03329719980417   267  230
03329719980418   268  232
03329719980419   270  223
03329719980420   270  231
03329719980421   285  210
03329719980422   300  220
03329719980423   273  200
03329719980424   272  217
03329719980425   285  214
03329719980426   286  231
03329719980427   265  234
03329719980428   269  229
03329719980429   270  186
03329719980430   274  210
03329719980501   273  238
03329719980502   275  228
03329719980503   269  220
03329719980504   265  230
03329719980505   284  189
03329719980506   271  181
03329719980507   247  179
03329719980508   248  190
03329719980509   240  159
03329719980510   241  145
03329719980511   241  146
03329719980512   249  201
03329719980513   250  190
03329719980514   250  208
03329719980515   259  218
03329719980516   248  201
03329719980517   256  199
03329719980518   275  209
03329719980519   248  195
03329719980520   250  164
03329719980521   251  152
03329719980522   219  140
03329719980523   226  111
03329719980524   244  144
03329719980525   231  130
03329719980526   220  130
03329719980527   230  167
03329719980528   233  185
03329719980529   228  174
03329719980530   234  193
03329719980531   232  201
03329719980601   236  206
03329719980602   236  204
03329719980603   244  170
03329719980604   245  172
03329719980605   243  168
03329719980606   241  159
03329719980607   242  154
03329719980608   227  157
03329719980609   211  125
03329719980610   222  100
03329719980611   228  105
03329719980612   229  110
03329719980613   246  118
03329719980614   242  112
03329719980615   235  129
03329719980616   239  189
03329719980617   227  178
03329719980618   204  150
03329719980619   226  168
03329719980620   226  178
03329719980621   236  194
03329719980622   240  180
03329719980623   200  149
03329719980624   190  153
03329719980625   195  130
03329719980626   182   95
03329719980627   213   93
03329719980628   248  138
03329719980629   247  166
03329719980630   219  165
03329719980701   184  103
03329719980702   180   89
03329719980703   209  112
03329719980704   204  170
03329719980705   220  177
03329719980706   234  170
03329719980707   224  155
03329719980708   244  137
03329719980709   230  170
03329719980710   196  162
03329719980711   175  128
03329719980712   206  110
03329719980713   209  140
03329719980714   231  126
03329719980715   203  130
03329719980716   208  133
03329719980717   223  133
03329719980718   236  180
03329719980719   232  192
03329719980720   241  189
03329719980721   259  185
03329719980722   235  195
03329719980723   217  180
03329719980724   218  184
03329719980725   219  180
03329719980726   232  167
03329719980727   271  174
03329719980728   274  180
03329719980729   224  185
03329719980730   180  150
03329719980731   191   67
03329719980801   180   96
03329719980802   206   86
03329719980803   220  155
03329719980804   221  183
03329719980805   223  186
03329719980806   240  169
03329719980807   243  174
03329719980808   255  152
03329719980809   220  125
03329719980810   223  127
03329719980811   226  129
03329719980812   230  134
03329719980813   233  165
03329719980814   233  172
03329719980815   233  190
03329719980816   236  180
03329719980817   235  155
03329719980818   240  167
03329719980819   242  167
03329719980820   246  166
03329719980821   234  195
03329719980822   241  172
03329719980823   270  203
03329719980824   244  195
03329719980825   238  190
03329719980826   235  208
03329719980827   249  162
03329719980828   235  164
03329719980829   235  204
03329719980830   225  180
03329719980831   230  197
03329719980901   236  210
03329719980902   246  205
03329719980903   253  191
03329719980904   255  181
03329719980905   263  166
03329719980906   278  188
03329719980907   246  212
03329719980908   238  199
03329719980909   235  207
03329719980910   244  195
03329719980911   250  198
03329719980912   268  210
03329719980913   278  202
03329719980914   290  214
03329719980915   293  205
03329719980916   227  174
03329719980917   245  129
03329719980918   261  190
03329719980919   256  197
03329719980920   259  210
03329719980921   260  215
03329719980922   252  217
03329719980923   255  208
03329719980924   264  210
03329719980925   239  210
03329719980926   248  162
03329719980927   260  175
03329719980928   259  195
03329719980929   263  222
03329719980930   260  223
03329719981001   261  215
03329719981002   258  220
03329719981003   256  179
03329719981004   265  179
03329719981005   266  165
03329719981006   288  185
03329719981007   305  208
03329719981008   246  216
03329719981009   283  205
03329719981010   300  238
03329719981011   260  198
03329719981012   294  214
03329719981013   316  243
03329719981014   322  242
03329719981015   300  240
03329719981016   285  210
03329719981017   272  223
03329719981018   275  194
03329719981019   303  191
03329719981020   308  217
03329719981021   237  200
03329719981022   231  190
03329719981023   257  198
03329719981024   270  215
03329719981025   296  225
03329719981026   296  229
03329719981027   295  222
03329719981028   282  215
03329719981029   267  241
03329719981030   278  244
03329719981031   269  243
03329719981101   250  224
03329719981102   270  219
03329719981103   262  230
03329719981104   258  223
03329719981105   256  190
03329719981106   267  205
03329719981107   277  234
03329719981108   277  203
03329719981109   286  226
03329719981110   278  243
03329719981111   277  238
03329719981112   280  226
03329719981113   260  219
03329719981114   290  207
03329719981115   315  215
03329719981116   307  216
03329719981117   296  228
03329719981118   310  241
03329719981119   280  226
03329719981120   290  238
03329719981121   259  197
03329719981122   276  208
03329719981123   299  205
03329719981124   319  248
03329719981125   298  198
03329719981126   289  210
03329719981127   287  253
03329719981128   309  237
03329719981129   315  229
03329719981130   318  227
03329719981201   280  218
03329719981202   281  235
03329719981203   276  225
03329719981204   284  191
03329719981205   316  185
03329719981206   304  225
03329719981207   298  208
03329719981208   292  215
03329719981209   286  237
03329719981210   256  237
03329719981211   266  222
03329719981212   262  229
03329719981213   285  226
03329719981214   290  243
03329719981215   291  221
03329719981216   300  215
03329719981217   321  233
03329719981218   315  241
03329719981219   322  258
03329719981220   335  265
03329719981221   336  254
03329719981222   279  244
03329719981223   288  236
03329719981224   296  239
03329719981225   293  253
03329719981226   299  219
03329719981227   327  233
03329719981228   324  235
03329719981229   313  264
03329719981230   303  240
03329719981231   306  265
03329719990101   310  260
03329719990102   323  257
03329719990103   329  251
03329719990104   306  251
03329719990105   283  241
03329719990106   295  240
03329719990107   297  249
03329719990108   294  240
03329719990109   296  230
03329719990110   326  233
03329719990111   327  236
03329719990112   328  246
03329719990113   338  266
03329719990114   316  234
03329719990115   280  247
03329719990116   281  237
03329719990117   270  235
03329719990118   290  229
03329719990119   276  234
03329719990120   296  242
03329719990121   290  241
03329719990122   290  242
03329719990123   293  227
03329719990124   318  225
03329719990125   306  229
03329719990126   307  243
03329719990127   296  264
03329719990128   317  246
03329719990129   328  248
03329719990130   339  255
03329719990131   338  265
03329719990201   315  269
03329719990202   310  265
03329719990203   299  249
03329719990204   290  230
03329719990205   300  227
03329719990206   303  222
03329719990207   308  226
03329719990208   302  230
03329719990209   312  241
03329719990210   320  266
03329719990211   296  245
03329719990212   284  240
03329719990213   289  247
03329719990214   281  245
03329719990215   265  253
03329719990216   277  249
03329719990217   298  239
03329719990218   324  246
03329719990219   319  248
03329719990220   298  267
03329719990221   293  250
03329719990222   290  215
03329719990223   305  225
03329719990224   320  243
03329719990225   298  225
03329719990226   280  238
03329719990227   283  229
03329719990228   272  238
03329719990301   294  237
03329719990302   307  237
03329719990303   315  234
03329719990304   320  250
03329719990305   310  249
03329719990306   307  252
03329719990307   288  247
03329719990308   264  241
03329719990309   265  228
03329719990310   284  225
03329719990311   287  246
03329719990312   265  233
03329719990313   285  230
03329719990314   283  235
03329719990315   282  225
03329719990316   283  250
03329719990317   297  256
03329719990318   287  248
03329719990319   287  248
03329719990320   261  217
03329719990321   286  232
03329719990322   307  235
03329719990323   297  242
03329719990324   284  254
03329719990325   275  237
03329719990326   274  223
03329719990327   279  230
03329719990328   283  200
03329719990329   281  206
03329719990330   290  235
03329719990331   272  239
03329719990401   281  242
03329719990402   277  236
03329719990403   286  237
03329719990404   261  227
03329719990405   280  233
03329719990406   298  227
03329719990407   270  215
03329719990408   258  238
03329719990409   262  215
03329719990410   262  207
03329719990411   256  210
03329719990412   247  205
03329719990413   249  214
03329719990414   255  215
03329719990415   256  206
03329719990416   250  211
03329719990417   247  213
03329719990418   242  206
03329719990419   256  216
03329719990420   258  214
03329719990421   260  210
03329719990422   246  200
03329719990423   212  189
03329719990424   242  189
03329719990425   246  154
03329719990426   238  178
03329719990427   247  183
03329719990428  -999  148
03329719990429   226 -999
03329719990430   237  147
03329719990501   245  167
03329719990502   234  143
03329719990503   235  127
03329719990504   239  190
03329719990505   231  190
03329719990506   230  184
03329719990507   237  190
03329719990508   238  195
03329719990509   240  198
03329719990510   223  200
03329719990511   239  186
03329719990512   249  175
03329719990513   272  187
03329719990514   247  178
03329719990515   247  173
03329719990516   247  168
03329719990517   243  189
03329719990518   237  201
03329719990519   245  178
03329719990520   239  201
03329719990521   246  171
03329719990522   240  203
03329719990523   243  195
03329719990524   239  179
03329719990525   246  165
03329719990526   240  192
03329719990527   243  177
03329719990528   240  170
03329719990529   237  200
03329719990530   243  205
03329719990531   250  186
03329719990601   250  175
03329719990602   225  191
03329719990603   230  188
03329719990604   233  189
03329719990605   235  182
03329719990606   232  185
03329719990607   235  180
03329719990608   239  188
03329719990609   248  204
03329719990610   257  184
03329719990611   215  188
03329719990612   205  154
03329719990613   236  145
03329719990614   258  162
03329719990615   203  109
03329719990616   207  102
03329719990617   199  107
03329719990618   205   93
03329719990619   210  100
03329719990620   217  110
03329719990621   219  110
03329719990622   207  129
03329719990623   203  141
03329719990624   207   91
03329719990625   208  113
03329719990626   214  170
03329719990627   212  165
03329719990628   207  160
03329719990629   217  165
03329719990630   227  182
03329719990701   262  160
03329719990702   188  129
03329719990703   188  142
03329719990704   193  152
03329719990705   197  158
03329719990706   212  162
03329719990707   212  172
03329719990708   213  173
03329719990709   219  170
03329719990710   220  185
03329719990711   219  135
03329719990712   219  140
03329719990713   254  143
03329719990714   224  130
03329719990715   227  123
03329719990716   250  120
03329719990717   213  108
03329719990718   233  113
03329719990719   248  118
03329719990720   256  122
03329719990721   210  103
03329719990722   196  109
03329719990723   202   91
03329719990724   190  127
03329719990725   188  106
03329719990726   205  140
03329719990727   203  155
03329719990728   197  142
03329719990729   207  150
03329719990730   208  166
03329719990731   211  173
03329719990801   215  122
03329719990802   210  128
03329719990803   217  132
03329719990804   209  123
03329719990805   200  166
03329719990806   200  170
03329719990807   208  158
03329719990808   214  147
03329719990809   219  136
03329719990810   220  148
03329719990811   221  175
03329719990812   230  127
03329719990813   225  148
03329719990814   219  138
03329719990815   200  112
03329719990816   209   95
03329719990817   214  109
03329719990818   215  133
03329719990819   216  169
03329719990820   230  169
03329719990821   235  126
03329719990822   227  125
03329719990823   228  192
03329719990824   217  176
03329719990825   220  176
03329719990826   225  159
03329719990827   232  156
03329719990828   229  157
03329719990829   236  165
03329719990830   224  162
03329719990831   231  183
03329719990901   226  195
03329719990902   230  187
03329719990903   233  178
03329719990904   233  164
03329719990905   242  169
03329719990906   265  149
03329719990907   259  166
03329719990908   242  173
03329719990909   243  210
03329719990910   246  168
03329719990911   277  176
03329719990912   234  191
03329719990913   251  145
03329719990914   272  148
03329719990915   277  164
03329719990916   276  167
03329719990917   282  152
03329719990918   262  183
03329719990919   235  132
03329719990920   240  201
03329719990921   239  192
03329719990922   241  180
03329719990923   243  176
03329719990924   247  196
03329719990925   248  207
03329719990926   247  196
03329719990927   247  210
03329719990928   242  211
03329719990929   250  215
03329719990930   252  213
03329719991001   256  215
03329719991002   259  220
03329719991003   273  216
03329719991004   286  200
03329719991005   282  210
03329719991006   262  211
03329719991007   262  222
03329719991008   256  214
03329719991009   254  211
03329719991010   262  212
03329719991011   272  160
03329719991012   286  165
03329719991013   289  180
03329719991014   289  202
03329719991015   295  203
03329719991016   274  224
03329719991017   274  228
03329719991018   274  224
03329719991019   278  179
03329719991020   276  184
03329719991021   265  221
03329719991022   273  202
03329719991023   277  230
03329719991024   309  211
03329719991025   326  211
03329719991026   299  241
03329719991027   302  217
03329719991028   316  241
03329719991029   295  246
03329719991030   292  244
03329719991031   300  240
03329719991101   313  230
03329719991102   288  222
03329719991103   267  225
03329719991104   272  220
03329719991105   287  232
03329719991106   294  230
03329719991107   322  225
03329719991108   317  234
03329719991109   334  238
03329719991110   271  205
03329719991111   273  181
03329719991112   279  231
03329719991113   278  229
03329719991114   284  171
03329719991115   284  170
03329719991116   303  190
03329719991117   322  220
03329719991118   317  243
03329719991119   282  204
03329719991120   281  235
03329719991121   296  239
03329719991122   306  227
03329719991123   284  233
03329719991124   287  225
03329719991125   267  235
03329719991126   251  225
03329719991127   240  205
03329719991128   260  205
03329719991129   264  215
03329719991130   267  215
03329719991201   274  220
03329719991202   271  208
03329719991203   271  222
03329719991204   273  202
03329719991205   274  194
03329719991206   277  238
03329719991207   277  235
03329719991208   276  233
03329719991209   287  237
03329719991210   307  203
03329719991211   317  207
03329719991212   324  221
03329719991213   260  225
03329719991214   273  213
03329719991215   275  235
03329719991216   275  220
03329719991217   301  226
03329719991218   312  250
03329719991219   299  250
03329719991220   284  242
03329719991221   278  242
03329719991222   275  235
03329719991223   266  214
03329719991224   272  211
03329719991225   274  219
03329719991226   259  232
03329719991227   293  232
03329719991228   302  240
03329719991229   296  230
03329719991230   324  232
03329719991231   312  236
03329720000101   335  235
03329720000102   310  242
03329720000103   302  255
03329720000104   295  255
03329720000105   304  223
03329720000106   303  229
03329720000107   301  246
03329720000108   301  255
03329720000109   300  255
03329720000110   299  253
03329720000111   275  227
03329720000112   259  230
03329720000113   272  205
03329720000114   278  230
03329720000115   287  201
03329720000116   291  239
03329720000117   294  230
03329720000118   295  250
03329720000119   294  212
03329720000120   322  223
03329720000121   328  242
03329720000122   330  249
03329720000123   326  267
03329720000124   311  258
03329720000125   298  261
03329720000126   298  256
03329720000127   307  229
03329720000128   330  240
03329720000129   297  232
03329720000130   298  226
03329720000131   295  264
03329720000201   294  260
03329720000202   296  257
03329720000203   293  240
03329720000204   266  237
03329720000205   270  233
03329720000206   270  238
03329720000207   274  244
03329720000208   282  231
03329720000209   280  250
03329720000210   288  241
03329720000211   287  254
03329720000212   292  220
03329720000213   299  220
03329720000214   295  240
03329720000215   257  231
03329720000216   277  221
03329720000217   282  229
03329720000218   254  238
03329720000219   265  230
03329720000220   286  230
03329720000221   268  236
03329720000222   265  242
03329720000223   269  240
03329720000224   276  243
03329720000225   280  244
03329720000226   265  237
03329720000227   272  237
03329720000228   276  240
03329720000229   284  230
03329720000301   277  235
03329720000302   278  229
03329720000303   273  223
03329720000304   276  210
03329720000305   278  205
03329720000306   285  212
03329720000307   283  210
03329720000308   290  219
03329720000309   294  241
03329720000310   293  258
03329720000311   284  245
03329720000312   283  240
03329720000313   288  248
03329720000314   286  250
03329720000315   289  252
03329720000316   275  250
03329720000317   275  241
03329720000318   282  232
03329720000319   283  247
03329720000320   284  224
03329720000321   284  236
03329720000322   286  218
03329720000323   282  199
03329720000324   290  206
03329720000325   285  222
03329720000326   294  227
03329720000327   293  248
03329720000328   292  220
03329720000329   290  256
03329720000330   291  240
03329720000331   291  254
03329720000401   282  250
03329720000402   287  240
03329720000403   272  250
03329720000404   281  229
03329720000405   285  240
03329720000406   287  200
03329720000407   275  252
03329720000408   243  229
03329720000409   257  213
03329720000410   260  224
03329720000411   274  233
03329720000412   272  225
03329720000413   252  217
03329720000414   262  207
03329720000415   269  214
03329720000416   272  189
03329720000417   277  205
03329720000418   276  200
03329720000419   282  204
03329720000420   250  194
03329720000421   262  191
03329720000422   225  205
03329720000423   238  193
03329720000424   224  197
03329720000425   235  199
03329720000426   219  200
03329720000427   227  178
03329720000428   242  201
03329720000429   245  203
03329720000430   252  207
03329720000501   257  211
03329720000502   252  217
03329720000503   258  224
03329720000504   257  233
03329720000505   273  232
03329720000506   277  227
03329720000507   220  185
03329720000508   230  174
03329720000509   239  208
03329720000510   238  192
03329720000511   239  180
03329720000512   237  173
03329720000513   238  199
03329720000514   242  163
03329720000515   242  156
03329720000516   241  163
03329720000517   227  190
03329720000518   230  202
03329720000519   232  195
03329720000520   230  190
03329720000521   237  195
03329720000522   230  194
03329720000523   227  182
03329720000524   232  162
03329720000525   246  177
03329720000526   259  182
03329720000527   271  190
03329720000528   220  172
03329720000529   186   98
03329720000530   190  106
03329720000531   181  106
03329720000601   192   65
03329720000602   186   65
03329720000603   184   88
03329720000604   208   95
03329720000605   223  143
03329720000606   201  120
03329720000607   174  145
03329720000608   177  141
03329720000609   185  158
03329720000610   172  143
03329720000611   191  126
03329720000612   196  110
03329720000613   200  165
03329720000614   195  163
03329720000615   197  155
03329720000616   200  162
03329720000617   203  162
03329720000618   204  170
03329720000619   212  179
03329720000620   218  174
03329720000621   223  175
03329720000622   221  188
03329720000623   225  192
03329720000624   204  146
03329720000625   202  109
03329720000626   206  153
03329720000627   209  147
03329720000628   218  146
03329720000629   239  150
03329720000630   179  100
03329720000701   192   84
03329720000702   192  117
03329720000703   210  127
03329720000704   206  170
03329720000705   203  163
03329720000706   205  133
03329720000707   210  135
03329720000708   221  125
03329720000709   210  132
03329720000710   240  150
03329720000711   224  130
03329720000712   200   94
03329720000713   226   90
03329720000714   239  110
03329720000715   208  105
03329720000716   212   96
03329720000717   202   91
03329720000718   198   88
03329720000719   226   88
03329720000720   247  108
03329720000721   251  120
03329720000722   207  122
03329720000723   212  138
03329720000724   219  145
03329720000725   217  142
03329720000726   254  159
03329720000727   227  158
03329720000728   175   97
03329720000729   190   72
03329720000730   213  111
03329720000731   210  158
03329720000801   211  135
03329720000802   207  170
03329720000803   213  173
03329720000804   205  169
03329720000805   217  158
03329720000806   198  164
03329720000807   202  160
03329720000808   217  161
03329720000809   220  143
03329720000810   220  134
03329720000811   215  140
03329720000812   215  161
03329720000813   215  169
03329720000814   223  145
03329720000815   217  140
03329720000816   222  143
03329720000817   210  118
03329720000818   222  176
03329720000819   223  151
03329720000820   250  155
03329720000821   230  116
03329720000822   253  121
03329720000823   267  175
03329720000824   263  149
03329720000825   262  115
03329720000826   285  112
03329720000827   269  138
03329720000828   270  159
03329720000829  -999  158
03329720000830   239 -999
03329720000831   292  178
03329720000901   316  170
03329720000902   311  212
03329720000903   244  142
03329720000904   232  128
03329720000905   260  139
03329720000906   269  149
03329720000907   274  167
03329720000908   291  206
03329720000909   284  157
03329720000910   268  144
03329720000911   244  133
03329720000912   260  145
03329720000913   250  141
03329720000914   246  179
03329720000915   244  148
03329720000916   244  146
03329720000917  -999  203
03329720000918  -999  145
03329720000919   249 -999
03329720000920   264  171
03329720000921   256  180
03329720000922   256  210
03329720000923   256  152
03329720000924   255  175
03329720000925   255  214
03329720000926   254  216
03329720000927   256  174
03329720000928   271  176
03329720000929   277  175
03329720000930   296  182
03329720001001   297  200
03329720001002   291  222
03329720001003   264  227
03329720001004   262  218
03329720001005   258  219
03329720001006   268  213
03329720001007   269  209
03329720001008   270  224
03329720001009   282  226
03329720001010   290  183
03329720001011   273  182
03329720001012   269  228
03329720001013   286  225
03329720001014   305  228
03329720001015   269  182
03329720001016   267  169
03329720001017   276  182
03329720001018   269  225
03329720001019   270  208
03329720001020   267  183
03329720001021   271  192
03329720001022   256  230
03329720001023   265  214
03329720001024   267  223
03329720001025   291  218
03329720001026   301  205
03329720001027   307  203
03329720001028   301  201
03329720001029   259  237
03329720001030   269  179
03329720001031   295  169
03329720001101   309  198
03329720001102   310  243
03329720001103   269  196
03329720001104   295  212
03329720001105   300  242
03329720001106   293  220
03329720001107   282  214
03329720001108   276  198
03329720001109   272  239
03329720001110   260  206
03329720001111   280  215
03329720001112   272  210
03329720001113   276  230
03329720001114   260  232
03329720001115   271  210
03329720001116   272  235
03329720001117   262  212
03329720001118   277  206
03329720001119   276  239
03329720001120   308  228
03329720001121   314  252
03329720001122   281  223
03329720001123   265  228
03329720001124   275  230
03329720001125   267  220
03329720001126   265  220
03329720001127   269  235
03329720001128   272  182
03329720001129   274  235
03329720001130   279  235
03329720001201   280  190
03329720001202   281  195
03329720001203   284  146
03329720001204   278  241
03329720001205   274  234
03329720001206   280  241
03329720001207   275  190
03329720001208   272  198
03329720001209   279  213
03329720001210   288  215
03329720001211   287  211
03329720001212   292  231
03329720001213   286  237
03329720001214   297  244
03329720001215   301  245
03329720001216   255  230
03329720001217   259  227
03329720001218   277  216
03329720001219   283  246
03329720001220   286  246
03329720001221   285  245
03329720001222   285  232
03329720001223   284  223
03329720001224   293  210
03329720001225   298  208
03329720001226   304  215
03329720001227   305  250
03329720001228   313  248
03329720001229   258  220
03329720001230   277  224
03329720001231   274  236
03329720010101   275  245
03329720010102   287  233
03329720010103   266  226
03329720010104   273  214
03329720010105   275  221
03329720010106   275  202
03329720010107   280  197
03329720010108   273  199
03329720010109   286  212
03329720010110   292  248
03329720010111   280  223
03329720010112   279  227
03329720010113   284  238
03329720010114   285  216
03329720010115   286  198
03329720010116   289  212
03329720010117   295 -999
03329720010118   317  216
03329720010119   292  221
03329720010120   264  208
03329720010121   286  211
03329720010122   299  242
03329720010123   298  242
03329720010124   292  254
03329720010125   292  216
03329720010126   295  220
03329720010127   310  221
03329720010128   320  231
03329720010129   315  239
03329720010130   301  237
03329720010131   310  261
03329720010201   324  256
03329720010202   309  232
03329720010203   314  251
03329720010204   292  240
03329720010205   291  245
03329720010206  -999  255
03329720010207   292 -999
03329720010208   289  230
03329720010209   291  240
03329720010210   287  241
03329720010211   295  249
03329720010212   295  241
03329720010213   282  248
03329720010214   290  250
03329720010215   294  253
03329720010216   289  250
03329720010217   275  229
03329720010218   280  230
03329720010219   279  220
03329720010220   276  212
03329720010221   284  203
03329720010222   282  208
03329720010223   280  250
03329720010224   281  254
03329720010225   298  254
03329720010226   304  257
03329720010227   287  251
03329720010228   290  214
03329720010301   295  229
03329720010302   291  258
03329720010303   294  235
03329720010304   256  235
03329720010305   277  204
03329720010306   305  200
03329720010307   308  215
03329720010308   328  220
03329720010309   323  230
03329720010310   311  242
03329720010311   295  222
03329720010312   298  213
03329720010313   313  225
03329720010314   301  250
03329720010315   287  251
03329720010316   292  246
03329720010317   290  237
03329720010318   302  221
03329720010319   325  234
03329720010320   322  239
03329720010321   326  248
03329720010322   307  242
03329720010323   310  240
03329720010324   317  252
03329720010325   318  242
03329720010326   304  243
03329720010327   296  251
03329720010328   294  236
03329720010329   290  235
03329720010330   265  230
03329720010331   270  215
03329720010401   271  211
03329720010402   270  228
03329720010403   274  223
03329720010404   265  219
03329720010405   265  211
03329720010406   271  210
03329720010407   250  203
03329720010408   257  200
03329720010409   263  208
03329720010410   265  215
03329720010411   260  212
03329720010412   271  206
03329720010413   262  217
03329720010414   247  202
03329720010415   256  207
03329720010416   245  206
03329720010417   260  207
03329720010418   257  216
03329720010419   258  206
03329720010420   240  215
03329720010421   277  210
03329720010422   280  199
03329720010423   285  214
03329720010424   274  215
03329720010425   277  220
03329720010426   274  221
03329720010427   263  240
03329720010428   274  221
03329720010429   266  200
03329720010430   262  216
03329720010501   249  205
03329720010502   262  194
03329720010503   272  195
03329720010504   273  192
03329720010505   273  189
03329720010506   285  197
03329720010507   247  177
03329720010508   242  135
03329720010509   245  135
03329720010510   252  142
03329720010511   265  155
03329720010512   281  156
03329720010513   259  166
03329720010514   255  168
03329720010515   253  164
03329720010516   261  175
03329720010517   273  182
03329720010518   267  190
03329720010519   232  122
03329720010520   228  103
03329720010521   234  100
03329720010522   226  115
03329720010523   240  144
03329720010524   240  154
03329720010525   225  141
03329720010526   245  141
03329720010527   264  147
03329720010528   241  145
03329720010529   220  110
03329720010530   211  102
03329720010531   224  110
03329720010601   225  157
03329720010602   226  184
03329720010603   229  180
03329720010604   240  190
03329720010605   242  185
03329720010606   224  195
03329720010607   237  199
03329720010608   245  204
03329720010609   245  195
03329720010610   237  189
03329720010611   237  180
03329720010612   240  212
03329720010613   237  184
03329720010614   240  156
03329720010615   221  153
03329720010616   187  130
03329720010617   207   76
03329720010618   217  130
03329720010619   219  164
03329720010620   218  159
03329720010621   224  172
03329720010622   210  175
03329720010623   215  123
03329720010624   220  171
03329720010625   218  175
03329720010626   220  159
03329720010627   215  160
03329720010628   222  174
03329720010629   202  180
03329720010630   207  170
03329720010701   210  161
03329720010702   212  150
03329720010703   219  135
03329720010704   222  131
03329720010705   229  139
03329720010706   256  142
03329720010707   206  104
03329720010708   228   95
03329720010709   222   96
03329720010710   211   83
03329720010711   213  100
03329720010712   219  121
03329720010713   225  137
03329720010714   222  138
03329720010715   226  134
03329720010716   231  138
03329720010717   216  136
03329720010718   213  129
03329720010719   212  103
03329720010720   209  101
03329720010721   221  106
03329720010722   222  130
03329720010723   225  159
03329720010724   225  161
03329720010725   242  164
03329720010726  -999  171
03329720010727   227  127
03329720010728   207  109
03329720010729   216  110
03329720010730   220   95
03329720010731   218  126
03329720010801   222  140
03329720010802   222  140
03329720010803   223  140
03329720010804   218  176
03329720010805   223  185
03329720010806   263  153
03329720010807   274  135
03329720010808   271  145
03329720010809   223  130
03329720010810   225  145
03329720010811   228  169
03329720010812   226  182
03329720010813   227  145
03329720010814   223  130
03329720010815   221  170
03329720010816   228  146
03329720010817   256  125
03329720010818   235  135
03329720010819   222  120
03329720010820   262  117
03329720010821   245  122
03329720010822   256  121
03329720010823   231  118
03329720010824   235  135
03329720010825   252  141
03329720010826   267  160
03329720010827   236  164
03329720010828   226  118
03329720010829   236  114
03329720010830   241   99
03329720010831   267  122
03329720010901   274  195
03329720010902   243  166
03329720010903   255  130
03329720010904   255  140
03329720010905   272  153
03329720010906   242  127
03329720010907   248  205
03329720010908   255  153
03329720010909   247  181
03329720010910   246  204
03329720010911   264  187
03329720010912   267  170
03329720010913   288  201
03329720010914   292  196
03329720010915   260  180
03329720010916   252  210
03329720010917   250  212
03329720010918   250  215
03329720010919   244  210
03329720010920   250  206
03329720010921   251  212
03329720010922   251  211
03329720010923   248  186
03329720010924   246  210
03329720010925   247  189
03329720010926   271  169
03329720010927   258  174
03329720010928   257  215
03329720010929   256  206
03329720010930   253  174
