00410419981210   358  228
00410419981211   394  237
00410419981212   362  264
00410419981213   398  256
00410419981214   339  279
00410419981215   320  237
00410419981216  -999  257
00410419981217  -999  256
00410419981218   337  269
00410419981219   348  241
00410419981220   358  269
00410419981221   360  259
00410419981222   380  257
00410419981223   393  259
00410419981224   423  257
00410419981225   454  255
00410419981226   398  250
00410419981227   365  266
00410419981228   388  267
00410419981229   393  259
00410419981230   398  269
00410419981231   408  259
00410419990101   400  244
00410419990102   422  246
00410419990103   405  232
00410419990104   377  267
00410419990105   343  281
00410419990106   353  269
00410419990107   351  262
00410419990108   351  264
00410419990109   336  266
00410419990110   337  271
00410419990111   337  268
00410419990112   345  256
00410419990113   346  251
00410419990114   349  262
00410419990115   352  266
00410419990116   359  268
00410419990117   367  258
00410419990118   368  269
00410419990119   373  270
00410419990120   409  274
00410419990121   401  276
00410419990122   381  265
00410419990123   373  289
00410419990124   362  263
00410419990125   363  259
00410419990126   410  258
00410419990127   421  291
00410419990128   426  297
00410419990129   363  292
00410419990130   359  268
00410419990131   363  290
00410419990201   347  253
00410419990202   347  268
00410419990203   356  238
00410419990204   317  220
00410419990205   355  255
00410419990206   359  270
00410419990207   327  263
00410419990208   331  246
00410419990209   317  243
00410419990210   317  239
00410419990211   301  243
00410419990212   327  257
00410419990213   341  258
00410419990214   345  261
00410419990215   363  262
00410419990216   349  250
00410419990217   366  263
00410419990218   371  238
00410419990219   331  253
00410419990220   344  261
00410419990221   322  243
00410419990222   349  241
00410419990223   347  245
00410419990224   335  243
00410419990225   333  233
00410419990226   327  226
00410419990227   334  231
00410419990228   356  249
00410419990301   388  247
00410419990302   409  265
00410419990303   410  250
00410419990304   392  247
00410419990305   364  276
00410419990306   353  214
00410419990307   362  256
00410419990308   367  270
00410419990309   344  236
00410419990310   352  243
00410419990311   398  247
00410419990312   391  270
00410419990313   390  270
00410419990314   401  246
00410419990315   365  284
00410419990316   376  264
00410419990317   358  258
00410419990318   364  263
00410419990319   380  254
00410419990320   354  264
00410419990321   334  261
00410419990322   314  264
00410419990323   338  240
00410419990324   326  263
00410419990325   347  257
00410419990326   368  269
00410419990327   337  225
00410419990328   344  240
00410419990329   354  240
00410419990330   362  255
00410419990331   307  226
00410419990401   328  221
00410419990402   352  229
00410419990403   350  221
00410419990404   372  212
00410419990405   371  221
00410419990406   292  257
00410419990407   250  203
00410419990408   236  177
00410419990409   285  185
00410419990410   301  198
00410419990411   321  235
00410419990412   345  241
00410419990413   341  228
00410419990414   341  236
00410419990415   313  251
00410419990416   340  240
00410419990417   333  184
00410419990418   329  176
00410419990419   332  167
00410419990420   342  156
00410419990421   341  174
00410419990422   337  185
00410419990423   333  171
00410419990424   329  162
00410419990425   329  166
00410419990426   325  158
00410419990427   329  179
00410419990428   318  187
00410419990429   319  167
00410419990430   300  183
00410419990501   301  159
00410419990502   296  132
00410419990503   300  118
00410419990504   312  116
00410419990505   313  137
00410419990506   318  161
00410419990507   335  160
00410419990508   339  150
00410419990509   335  180
00410419990510   322  150
00410419990511   311  150
00410419990512   311  114
00410419990513   285  172
00410419990514   306  204
00410419990515   280  227
00410419990516   303  208
00410419990517   334  207
00410419990518   352  194
00410419990519   329  180
00410419990520   316  205
00410419990521   334  186
00410419990522   334  184
00410419990523   316  215
00410419990524   309  169
00410419990525   300  163
00410419990526   312  152
00410419990527   303  161
00410419990528   306  182
00410419990529   285  204
00410419990530   293  215
00410419990531   305  184
00410419990601   332  191
00410419990602   319  168
00410419990603   313  174
00410419990604   303  167
00410419990605   275  151
00410419990606   281  141
00410419990607   285  158
00410419990608   297  150
00410419990609   312  177
00410419990610   271  197
00410419990611   287  191
00410419990612   290  200
00410419990613   281  163
00410419990614   242  179
00410419990615   266  182
00410419990616   282  171
00410419990617   279  166
00410419990618   299  169
00410419990619   276  203
00410419990620   292  165
00410419990621   287  161
00410419990622   307  154
00410419990623   291  142
00410419990624   261  123
00410419990625   272  108
00410419990626   274  124
00410419990627   267  101
00410419990628   257   99
00410419990629   269   79
00410419990630   263  100
00410419990701   258  119
00410419990702   250  138
00410419990703   256   85
00410419990704   267   97
00410419990705   269  109
00410419990706   274  123
00410419990707   253  157
00410419990708   249  144
00410419990709   270  138
00410419990710   285  152
00410419990711   297  127
00410419990712   290  108
00410419990713   312  118
00410419990714   294  143
00410419990715   303  136
00410419990716   286  122
00410419990717   270  127
00410419990718   277  122
00410419990719   264  105
00410419990720   268   81
00410419990721   284   85
00410419990722   278   69
00410419990723   287   99
00410419990724   277  144
00410419990725   262   81
00410419990726   270   90
00410419990727   292   77
00410419990728   292   98
00410419990729   294  118
00410419990730   284  141
00410419990731   281  169
00410419990801   311  181
00410419990802   290  159
00410419990803   329  151
00410419990804   287  164
00410419990805   278  177
00410419990806   273  144
00410419990807   288  140
00410419990808   285  140
00410419990809   290  164
00410419990810   311  147
00410419990811   304  171
00410419990812   310  189
00410419990813   285  177
00410419990814   277  157
00410419990815   276  111
00410419990816   283  125
00410419990817   288  109
00410419990818   299  106
00410419990819   319   96
00410419990820   304   98
00410419990821   307  159
00410419990822   304  148
00410419990823   305  130
00410419990824   298  133
00410419990825   306  156
00410419990826   325  176
00410419990827   317  150
00410419990828   349  145
00410419990829   345  162
00410419990830   364  168
00410419990831   316  170
00410419990901   312  128
00410419990902   344  137
00410419990903   320  156
00410419990904   303  167
00410419990905   297  122
00410419990906   295  152
00410419990907   291  162
00410419990908   293  144
00410419990909   319  149
00410419990910   344  139
00410419990911   370  142
00410419990912   381  175
00410419990913   355  143
00410419990914   389  150
00410419990915   340  139
00410419990916   315  157
00410419990917   310  165
00410419990918   329  168
00410419990919   349  154
00410419990920   347  149
00410419990921   359  149
00410419990922   320  148
00410419990923   365  161
00410419990924   348  160
00410419990925   379  165
00410419990926   386  179
00410419990927   384  180
00410419990928   357  208
00410419990929   349  178
00410419990930   363  131
00410419991001   352  134
00410419991002   385  155
00410419991003   371  165
00410419991004   353  179
00410419991005   373  179
00410419991006   410  171
00410419991007   409  185
00410419991008   338  194
00410419991009   323  149
00410419991010   286  146
00410419991011   297  173
00410419991012   302  177
00410419991013   295  164
00410419991014   328  189
00410419991015   322  182
00410419991016   351  183
00410419991017   351  205
00410419991018   342  201
00410419991019   329  217
00410419991020   329  202
00410419991021   352  178
00410419991022   335  209
00410419991023   340  216
00410419991024   329  208
00410419991025   371  202
00410419991026   325  184
00410419991027   318  191
00410419991028   293  238
00410419991029   307  213
00410419991030   317  193
00410419991031   317  197
00410419991101   344  190
00410419991102   327  198
00410419991103   319  195
00410419991104   318  222
00410419991105   318  222
00410419991106   314  236
00410419991107   322  189
00410419991108   345  201
00410419991109   373  213
00410419991110   383  228
00410419991111   394  201
00410419991112   404  179
00410419991113   392  176
00410419991114   363  204
00410419991115   332  238
00410419991116   327  235
00410419991117   371  169
00410419991118   326  200
00410419991119   326  216
00410419991120   336  213
00410419991121   350  221
00410419991122   339  221
00410419991123   344  218
00410419991124   331  214
00410419991125   373  207
00410419991126   377  224
00410419991127   389  231
00410419991128   397  286
00410419991129   365  232
00410419991130   330  226
00410419991201   343  225
00410419991202   329  226
00410419991203   355  204
00410419991204   394  232
00410419991205   378  269
00410419991206   391  249
00410419991207   403  281
00410419991208   382  267
00410419991209   413  254
00410419991210   350  256
00410419991211   358  240
00410419991212   369  272
00410419991213   353  232
00410419991214   282  256
00410419991215   302  250
00410419991216   341  246
00410419991217   315  214
00410419991218   327  229
00410419991219   333  237
00410419991220   347  242
00410419991221   351  241
00410419991222   358  250
00410419991223   359  262
00410419991224   379  245
00410419991225   374  261
00410419991226   403  234
00410419991227   372  246
00410419991228   351  271
00410419991229   354  264
00410419991230   365  253
00410419991231   352  265
00410420000101   358  247
00410420000102   335  232
00410420000103   329  209
00410420000104   347  229
00410420000105   339  222
00410420000106   330  217
00410420000107   359  252
00410420000108   344  251
00410420000109   343  240
00410420000110   357  243
00410420000111   341  232
00410420000112   352  246
00410420000113   342  255
00410420000114   353  260
00410420000115   337  268
00410420000116   340  242
00410420000117   333  227
00410420000118   348  238
00410420000119   412  256
00410420000120   372  258
00410420000121   312  223
00410420000122   320  235
00410420000123   294  255
00410420000124   322  234
00410420000125   332  234
00410420000126   346  241
00410420000127   313  261
00410420000128   323  249
00410420000129   348  259
00410420000130   363  256
00410420000131   373  272
00410420000201   368  269
00410420000202   414  273
00410420000203   439  244
00410420000204   440  294
00410420000205   367  269
00410420000206   394  240
00410420000207   423  258
00410420000208   386  283
00410420000209   396  276
00410420000210   368  290
00410420000211   318  246
00410420000212   350  245
00410420000213   387  250
00410420000214   360  259
00410420000215   359  269
00410420000216   357  266
00410420000217   366  265
00410420000218   347  277
00410420000219   291  235
00410420000220   308  240
00410420000221   327  243
00410420000222   345  265
00410420000223   345  250
00410420000224   363  263
00410420000225   358  260
00410420000226   331  241
00410420000227   328  238
00410420000228   338  256
00410420000229   352  239
00410420000301   309  247
00410420000302   328  259
00410420000303   371  267
00410420000304   370  231
00410420000305   337  278
00410420000306   292  233
00410420000307   323  255
00410420000308   328  268
00410420000309   328  266
00410420000310   328  253
00410420000311   338  248
00410420000312   349  244
00410420000313   349  234
00410420000314   365  264
00410420000315   352  236
00410420000316   292  238
00410420000317   320  247
00410420000318   316  258
00410420000319   357  247
00410420000320   362  253
00410420000321   378  250
00410420000322   329  246
00410420000323   332  228
00410420000324   339  228
00410420000325   346  255
00410420000326   352  251
00410420000327   345  235
00410420000328   343  253
00410420000329   352  247
00410420000330   342  237
00410420000331   355  253
00410420000401   357  239
00410420000402   371  248
00410420000403   363  249
00410420000404   342  238
00410420000405   325  222
00410420000406   338  231
00410420000407   338  241
00410420000408   360  236
00410420000409   333  243
00410420000410   346  243
00410420000411   363  244
00410420000412   373  239
00410420000413   349  253
00410420000414   345  264
00410420000415   347  237
00410420000416   336  242
00410420000417   339  243
00410420000418   318  246
00410420000419   312  252
00410420000420   328  246
00410420000421   319  236
00410420000422   318  214
00410420000423   308  197
00410420000424   298  185
00410420000425   312  201
00410420000426   318  212
00410420000427   332  209
00410420000428   340  202
00410420000429   330  194
00410420000430   289  186
00410420000501   295  126
00410420000502   289  126
00410420000503   296  147
00410420000504   301  139
00410420000505   302  180
00410420000506   290  165
00410420000507   288  143
00410420000508   287  108
00410420000509   286  157
00410420000510   325  200
00410420000511   346  178
00410420000512   299  190
00410420000513   280  155
00410420000514   295  121
00410420000515   307  173
00410420000516   299  175
00410420000517   267  146
00410420000518   277  113
00410420000519   289  161
00410420000520   281  160
00410420000521   241  170
00410420000522   207  162
00410420000523   206  174
00410420000524   233  186
00410420000525   279  164
00410420000526   290  161
00410420000527   257  180
00410420000528   254  141
00410420000529   260  149
00410420000530   253  133
00410420000531   262  111
00410420000601   259  120
00410420000602   257   96
00410420000603   252   95
00410420000604   260  154
00410420000605   257  118
00410420000606   254  140
00410420000607   250  135
00410420000608   248  123
00410420000609   249  108
00410420000610   256  133
00410420000611   261  136
00410420000612   256  102
00410420000613  -999   92
00410420000614   257 -999
00410420000615   280  101
00410420000616   287  118
00410420000617   283  128
00410420000618   278  134
00410420000619   286  122
00410420000620   287  133
00410420000621   286  122
00410420000622   300  124
00410420000623   301  111
00410420000624   299  129
00410420000625   289  123
00410420000626   305  124
00410420000627   266  150
00410420000628   248  128
00410420000629   267  166
00410420000630   275  161
00410420000701   255  135
00410420000702   273  119
00410420000703   282  137
00410420000704   292  111
00410420000705   307  115
00410420000706   288  126
00410420000707   272  149
00410420000708   255  121
00410420000709   260   95
00410420000710   267  134
00410420000711   299  140
00410420000712   278  139
00410420000713   280  164
00410420000714   277  147
00410420000715   276  154
00410420000716   314  147
00410420000717   334  172
00410420000718   325  154
00410420000719   317  161
00410420000720   314  160
00410420000721   325  148
00410420000722   319  140
00410420000723   313  129
00410420000724   324  127
00410420000725   302  148
00410420000726   239  156
00410420000727   253  105
00410420000728   248  107
00410420000729   266   96
00410420000730   262  107
00410420000731   282  112
00410420000801   296   95
00410420000802   308   96
00410420000803   301  103
00410420000804   290  133
00410420000805   268  111
00410420000806   286   76
00410420000807   281  140
00410420000808   265   96
00410420000809   268  102
00410420000810   266   97
00410420000811   262  107
00410420000812   275   85
00410420000813   315   89
00410420000814   314  103
00410420000815   309  100
00410420000816   275  152
00410420000817   286  121
00410420000818   279  109
00410420000819   291  119
00410420000820   310  119
00410420000821   311  125
00410420000822   282  153
00410420000823   274  109
00410420000824   275   92
00410420000825   312   97
00410420000826   316  119
00410420000827   324  133
00410420000828   329  159
00410420000829   319  173
00410420000830   307  132
00410420000831   294  111
00410420000901   287  104
00410420000902   286  140
00410420000903   328  137
00410420000904   342  162
00410420000905   317  144
00410420000906   334  193
00410420000907   299  119
00410420000908   312  121
00410420000909   340  141
00410420000910   340  173
00410420000911   366  190
00410420000912   320  172
00410420000913   318  168
00410420000914   340  163
00410420000915   349  133
00410420000916   372  150
00410420000917   374  172
00410420000918   384  186
00410420000919   344  176
00410420000920   314  170
00410420000921   314  195
00410420000922   344  191
00410420000923   376  177
00410420000924   381  157
00410420000925   402  179
00410420000926   377  186
00410420000927   342  140
00410420000928   346  158
00410420000929   376  170
00410420000930   379  183
00410420001001   369  211
00410420001002   393  187
00410420001003   408  226
00410420001004   311  200
00410420001005   322  213
00410420001006   422  219
00410420001007   389  227
00410420001008   365  199
00410420001009   360  187
00410420001010   380  180
00410420001011   363  199
00410420001012   360  232
00410420001013   361  184
00410420001014   343  193
00410420001015   314  197
00410420001016   301  202
00410420001017   315  174
00410420001018   346  180
00410420001019   356  229
00410420001020   334  166
00410420001021   344  166
00410420001022   361  195
00410420001023   324  178
00410420001024   313  157
00410420001025   314  181
00410420001026   307  183
00410420001027   316  188
00410420001028   308  181
00410420001029   315  192
00410420001030   315  220
00410420001031   309  205
00410420001101   315  216
00410420001102   306  194
00410420001103   321  210
00410420001104   313  206
00410420001105   316  212
00410420001106   318  205
00410420001107   309  228
00410420001108   353  216
00410420001109   318  192
00410420001110   310  220
00410420001111   308  209
00410420001112   308  199
00410420001113   312  209
00410420001114   314  206
00410420001115   320  221
00410420001116   315  224
00410420001117   316  235
00410420001118   316  233
00410420001119   331  226
00410420001120   349  211
00410420001121   332  224
00410420001122   329  216
00410420001123   360  213
00410420001124   407  178
00410420001125   406  228
00410420001126   397  205
00410420001127   361  204
00410420001128   401  205
00410420001129   416  209
00410420001130   453  219
00410420001201   337  240
00410420001202  -999  256
00410420001203   412  247
00410420001204   444  280
00410420001205   357  246
00410420001206   403  275
00410420001207   399  275
00410420001208  -999  263
00410420001209   395  263
00410420001210   350  268
00410420001211   338  261
00410420001212   324  250
00410420001213   332  252
00410420001214   336  253
00410420001215   338  232
00410420001216   340  223
00410420001217   348  257
00410420001218   364  252
00410420001219   371  265
00410420001220   332  270
00410420001221   335  261
00410420001222   340  263
00410420001223   363  250
00410420001224   394  251
00410420001225   417  233
00410420001226   398  264
00410420001227   388  251
00410420001228   413  251
00410420001229   454  242
00410420001230   440  237
00410420001231   341  234
00410420010101   343  237
00410420010102   369  268
00410420010103   366  247
00410420010104   384  253
00410420010105   358  269
00410420010106   395  270
00410420010107   449  268
00410420010108   417  264
00410420010109   410  265
00410420010110   404  296
00410420010111   376  273
00410420010112   374  223
00410420010113   353  262
00410420010114   354  269
00410420010115   356  255
00410420010116   376  275
00410420010117   326 -999
00410420010118   317  243
00410420010119  -999  242
00410420010120   343  237
00410420010121   395  252
00410420010122   429  269
00410420010123   340  289
00410420010124   341  278
00410420010125   346  273
00410420010126   357  251
00410420010127   389  269
00410420010128  -999  268
00410420010129   389  264
00410420010130   363  271
00410420010131   293  244
00410420010201   319  249
00410420010202   334  226
00410420010203   373  253
00410420010204   373  223
00410420010205   358  255
00410420010206   358  266
00410420010207   361  270
00410420010208   359  248
00410420010209   355  262
00410420010210   356  257
00410420010211   360  252
00410420010212   352  266
00410420010213   369  271
00410420010214   342  234
00410420010215   347  274
00410420010216   338  242
00410420010217   348  261
00410420010218   382  256
00410420010219   368  239
00410420010220   349  263
00410420010221   324  245
00410420010222   318  253
00410420010223   321  252
00410420010224   326  240
00410420010225   341  246
00410420010226   359  248
00410420010227   382  270
00410420010228   373  238
00410420010301   406  257
00410420010302   407  245
00410420010303   396  272
00410420010304   382  273
00410420010305   372  249
00410420010306   347  264
00410420010307   351  274
00410420010308   365  251
00410420010309   361  250
00410420010310   373  257
00410420010311   354  252
00410420010312   366  244
00410420010313   348  247
00410420010314   376  242
00410420010315   402  246
00410420010316   385  230
00410420010317   361  259
00410420010318   339  263
00410420010319   352  258
00410420010320   337  254
00410420010321   309  246
00410420010322   335  220
00410420010323   350  224
00410420010324   338  202
00410420010325   314  188
00410420010326   330  170
00410420010327   343  201
00410420010328   352  213
00410420010329   355  207
00410420010330   353  201
00410420010331   356  199
00410420010401   353  177
00410420010402   363  175
00410420010403   374  198
00410420010404   367  253
00410420010405   344  207
00410420010406   367  193
00410420010407   374  174
00410420010408   379  178
00410420010409   373  222
00410420010410   347  174
00410420010411   342  213
00410420010412   334  190
00410420010413   353  180
00410420010414   371  201
00410420010415   349  195
00410420010416   352  171
00410420010417   346  167
00410420010418   377  171
00410420010419   379  218
00410420010420   308  247
00410420010421   349  226
00410420010422   352  209
00410420010423   348  223
00410420010424   335  222
00410420010425   342  221
00410420010426   342  214
00410420010427   319  214
00410420010428   325  203
00410420010429   329  213
00410420010430   352  211
00410420010501   308  226
00410420010502   315  212
00410420010503   331  224
00410420010504   345  213
00410420010505   345  188
00410420010506   350  167
00410420010507   355  179
00410420010508   350  193
00410420010509   346  176
00410420010510   346  180
00410420010511   330  176
00410420010512   308  174
00410420010513   318  161
00410420010514   291  162
00410420010515   296  148
00410420010516   296  126
00410420010517   299  146
00410420010518   302  184
00410420010519   280  189
00410420010520   260  204
00410420010521   284  193
00410420010522   306  156
00410420010523   298  154
00410420010524  -999  170
00410420010525   317  136
00410420010526   319  135
00410420010527   313  148
00410420010528   310  156
00410420010529   303  155
00410420010530   250  209
00410420010531   277  178
00410420010601   266  165
00410420010602   288  161
00410420010603   272  184
00410420010604   303  142
00410420010605   298  140
00410420010606   236   92
00410420010607   243   84
00410420010608   241   81
00410420010609   271   94
00410420010610   247  142
00410420010611   238  147
00410420010612   275  167
00410420010613   286  194
00410420010614   297  196
00410420010615   324  182
00410420010616   318  165
00410420010617   289  179
00410420010618   295  147
00410420010619   279  107
00410420010620   277  106
00410420010621   278  144
00410420010622   269  129
00410420010623   272  124
00410420010624   272  102
00410420010625   281  113
00410420010626   290  129
00410420010627   300  126
00410420010628   291  128
00410420010629   308  112
00410420010630   297  111
00410420010701   286  114
00410420010702   287  101
00410420010703   296  107
00410420010704   288  103
00410420010705   306  136
00410420010706   308  167
00410420010707   289  140
00410420010708   291  172
00410420010709   281  142
00410420010710   275  123
00410420010711   259  128
00410420010712   263   76
00410420010713   245  146
00410420010714   189  152
00410420010715   215  156
00410420010716   224  165
00410420010717   231  116
00410420010718   234  124
00410420010719   259  128
00410420010720   265  167
00410420010721   278  168
00410420010722   299  191
00410420010723   288  188
00410420010724   279  189
00410420010725   274  129
00410420010726   268  150
00410420010727   251  120
00410420010728   270  100
00410420010729   270   96
00410420010730  -999   85
00410420010731   300   90
00410420010801   290  130
00410420010802   290  160
00410420010803   300  120
00410420010804   330  110
00410420010805   310  120
00410420010806   320  110
00410420010807   300  130
00410420010808   300  140
00410420010809   320  140
00410420010810   310  130
00410420010811   290  140
00410420010812   300  160
00410420010813   320  150
00410420010814   310  120
00410420010815   320  140
00410420010816   330  160
00410420010817   320  170
00410420010818   310  180
00410420010819   310  160
00410420010820   320  140
00410420010821   310  120
00410420010822   300  130
00410420010823   300  130
00410420010824   320  120
00410420010825   320  110
00410420010826   300  130
00410420010827   300  160
00410420010828   300  120
00410420010829   320  110
00410420010830   330  120
00410420010831   281  130
00410420010901   270   80
00410420010902   295   90
00410420010903   310  100
00410420010904   320  130
00410420010905   280  120
00410420010906   270  180
00410420010907   290  180
00410420010908   300  190
00410420010909   300  170
00410420010910   310  140
00410420010911   310  120
00410420010912   300  150
00410420010913   340  150
00410420010914   330  160
00410420010915   350  180
00410420010916   350  210
00410420010917   370  180
00410420010918   340  160
00410420010919   340  170
00410420010920   292  170
00410420010921   300  170
00410420010922   290  170
00410420010923   341  156
00410420010924   359  164
00410420010925   384  200
00410420010926   392  199
00410420010927   354  207
00410420010928   350  187
00410420010929   320  187
00410420010930   319  136
