06140720050224   283 -999
06140720050225   337  197
06140720050226   271  216
06140720050227   230  220
06140720050228   260  210
06140720050301   293  180
06140720050302   310  162
06140720050303   291  197
06140720050304   332  194
06140720050305   264  197
06140720050306   217  108
06140720050307   239  104
06140720050308   260  132
06140720050309   261  150
06140720050310   257  190
06140720050311   264  187
06140720050312   290  176
06140720050313   292  148
06140720050314   304  163
06140720050315   309  171
06140720050316   257  174
06140720050317   199  195
06140720050318   215  171
06140720050319   229  154
06140720050320   230  139
06140720050321   230  159
06140720050322   220  145
06140720050323   205  148
06140720050324   219  147
06140720050325   238  103
06140720050326   220  134
06140720050327   250  130
06140720050328   230  130
06140720050329   206  130
06140720050330   209  149
06140720050331   222  123
06140720050401   236  100
06140720050402   282   94
06140720050403   312  125
06140720050404   213  179
06140720050405   222  173
06140720050406   250  151
06140720050407   232  140
06140720050408   266  166
06140720050409   270  179
06140720050410   280  133
06140720050411   264  140
06140720050412   240  175
06140720050413   225  128
06140720050414   259  133
06140720050415   241  138
06140720050416   234  152
06140720050417   264  136
06140720050418   296  138
06140720050419   248  153
06140720050420   217  160
06140720050421   230  149
06140720050422   232  120
06140720050423   240  113
06140720050424   230  120
06140720050425   231  109
06140720050426   249  116
06140720050427   258  101
06140720050428   264  121
06140720050429   286  129
06140720050430   229  158
06140720050501   226  111
06140720050502   198  137
06140720050503   214  113
06140720050504   215   91
06140720050505   228  138
06140720050506   217   94
06140720050507   190  145
06140720050508   207  132
06140720050509   216   95
06140720050510   238   75
06140720050511  -999  107
06140720051214   252 -999
06140720051215   287  145
06140720051216   285  208
06140720051217   302  198
06140720051218   289  160
06140720051219   270  140
06140720051220   282  120
06140720051221   340  129
06140720051222   264  176
06140720051223   372  199
06140720051224   419  215
06140720051225   289  165
06140720051226   301  153
06140720051227   306  173
06140720051228   381  213
06140720051229   290  208
06140720051230   311  217
06140720051231   348  213
