04091019970708   222 -999
04091019970709   240   50
04091019970710   230   40
04091019970711   193   66
04091019970712   174 -999
04091019970713   189  123
04091019970714   221   70
04091019970715   219   68
04091019970716   237   69
04091019970717   204   35
04091019970718   206   12
04091019970719   206   24
04091019970720   210   24
04091019970721   213   51
04091019970722   227   10
04091019970723   222    8
04091019970724   185   41
04091019970725   212   62
04091019970726   220   63
04091019970727   245   98
04091019970728   232   85
04091019970729   222   34
04091019970730   215   47
04091019970731   205   70
04091019970901   244   60
04091019970902   237  139
04091019970903   271  111
04091019970904   280   43
04091019970905   275  101
04091019970906   250   67
04091019970907   271   34
04091019970908   296   60
04091019970909   269   44
04091019970910   257   69
04091019970911   243  125
04091019970912   242   56
04091019970913   246   47
04091019970914   254   70
04091019970915   282   66
04091019970916   316   72
04091019970917   282  116
04091019970918   204  167
04091019970919   218  147
04091019970920   286  157
04091019970921   292  133
04091019970922   285  112
04091019970923   254  121
04091019970924   198  145
04091019970925   295  147
04091019970926   332  130
04091019970927   355  154
04091019970928   256  120
04091019970929   221  140
04091019970930   253   88
04091019971001   263   87
04091019971002   286   96
04091019971003   339  123
04091019971004   250  185
04091019971005   239  121
04091019971006   205  142
04091019971007   211  160
04091019971008   288  150
04091019971009   288  113
04091019971010  -999   95
04091019971012   353 -999
04091019971013   311 -999
04091019971014   248  158
04091019971015   303  174
04091019971016   321  162
04091019971017   342  146
04091019971018   338  101
04091019971019   193  177
04091019971020   196  134
04091019971021   235  132
04091019971022   249   91
04091019971023   250  100
04091019971024   258  136
04091019971025   263  111
04091019971026   272  111
04091019971027   272  120
04091019971028   281  121
04091019971029   297  145
04091019971030   266  192
04091019971031   271  145
04091019971101   290  154
04091019971102   293  166
04091019971103   281  198
04091019971104   276  187
04091019971105   233  168
04091019971106   234  178
04091019971107   272  143
04091019971108   304  130
04091019971109   272  176
04091019971110   290  161
04091019971111   315  154
04091019971112   345  183
04091019971113   322  204
04091019971114   352  186
04091019971115   316  218
04091019971116   344  217
04091019971117   320  218
04091019971118   242  202
04091019971119   222  198
04091019971120   261  176
04091019971121   290  141
04091019971122   280  158
04091019971123   284  143
04091019971124   316  148
04091019971125   312  155
04091019971126   312  154
04091019971127   325  156
04091019971128   358  182
04091019971129   320  199
04091019971130   360  213
04091019971201   313  206
04091019971202   368  210
04091019971203   360  204
04091019971204   288  219
04091019971205   308  177
04091019971206   326  176
04091019971207   367  191
04091019971208   285  218
04091019971209   300  226
04091019971210   241  207
04091019971211   281  171
04091019971212   261  180
04091019971213   293  188
04091019971214   304  174
04091019971215   347  216
04091019971216   354  197
04091019971217   354  227
04091019971218   362  214
04091019971219   343  232
04091019971220   340  221
04091019971221   347  211
04091019971222   364  215
04091019971223   345  220
04091019971224   341  216
04091019971225   318  208
04091019971226   322  220
04091019971227   330  217
04091019971228   306  194
04091019971229   299  189
04091019971230   292  169
04091019971231   293  156
04091019980101   300  146
04091019980102   298  157
04091019980103   322  166
04091019980104   314  185
04091019980105   318  175
04091019980106   312  171
04091019980107   310  171
04091019980108   314  153
04091019980109   303  201
04091019980110   277  211
04091019980111   293  206
04091019980112   267  200
04091019980113   278  203
04091019980114   302  195
04091019980115   315  212
04091019980116   342  214
04091019980117   291  220
04091019980118   313  225
04091019980119   325  196
04091019980120   335  193
04091019980121   345  206
04091019980122   343  216
04091019980123   353  202
04091019980124   340  214
04091019980125   346  232
04091019980126   398  245
04091019980127  -999  202
04091019980128   325 -999
04091019980129   371  195
04091019980130   322  221
04091019980131  -999  224
04091019980201   330  212
04091019980202   349  196
04091019980203   364  231
04091019980204   343  218
04091019980205   333  203
04091019980206   340  213
04091019980207   333  222
04091019980208   354  207
04091019980209   306  252
04091019980210   286  208
04091019980211   303  218
04091019980212   322  225
04091019980213   334  223
04091019980214   307  226
04091019980215   314  228
04091019980216   315  216
04091019980217   322  213
04091019980218   295  191
04091019980219   318  174
04091019980220   361  177
04091019980221   366  234
04091019980222   369  236
04091019980223   360  190
04091019980224   307  205
04091019980225   310  142
04091019980226   306  160
04091019980227   312  171
04091019980228   328  191
04091019980301   312  191
04091019980302   322  168
04091019980303   317  154
04091019980304   315  155
04091019980305   344  168
04091019980306   373  177
04091019980307   342  160
04091019980308   297  190
04091019980309   287  202
04091019980310   318  223
04091019980311   321  143
04091019980312   311  144
04091019980313   321  125
04091019980314   380  152
04091019980315   365  175
04091019980316   352  191
04091019980317   375  196
04091019980318   350  239
04091019980319   289  216
04091019980320   293  166
04091019980321   315  157
04091019980322   313  163
04091019980323   316  158
04091019980324   325  156
04091019980325   323  170
04091019980326   302  171
04091019980327   339  165
04091019980328   351  178
04091019980329   362  206
04091019980330   342  207
04091019980331   352  193
04091019980401   314  206
04091019980402   240  193
04091019980403   238  180
04091019980404   296  126
04091019980405   296  137
04091019980406   296  141
04091019980407   285  136
04091019980408   296  153
04091019980409   318  144
04091019980410   312  173
04091019980411   294  162
04091019980412   310  194
04091019980413   326  195
04091019980414   251  233
04091019980415   206  183
04091019980416   240  172
04091019980417   259  181
04091019980418   254  152
04091019980419   270  136
04091019980420   262  124
04091019980421   262  146
04091019980422   297  166
04091019980423   246 -999
04091019980424   244  177
04091019980425   261  138
04091019980426   260   97
04091019980427   248   59
04091019980428   206  104
04091019980429   254  147
04091019980430   278  122
04091019980501   280  120
04091019980502   202  173
04091019980503   265  160
04091019980504   260  187
04091019980505   224  187
04091019980506   244  160
04091019980507   246   94
04091019980508   244  102
04091019980509   251   72
04091019980510   235   68
04091019980511   234   51
04091019980512   260   83
04091019980513   255   96
04091019980514   234  168
04091019980515   222  158
04091019980516   243  184
04091019980517   240  146
04091019980518   256  145
04091019980519   245  149
04091019980520   256  154
04091019980521   221  110
04091019980522   226   47
04091019980523   230   30
04091019980524   261   52
04091019980525   224   57
04091019980526   232   34
04091019980527   244   56
04091019980528   244   33
04091019980529   238   46
04091019980530   244   56
04091019980531   241   98
04091019980601   242  130
04091019980602   246  124
04091019980603   244  108
04091019980604   256  109
04091019980605   254   83
04091019980606   241   46
04091019980607   241   46
04091019980608   202   23
04091019980609   226   21
04091019980610   238   51
04091019980611   224   42
04091019980612   248   65
04091019980613   245   59
04091019980614   225   84
04091019980615   230   86
04091019980616   175  119
04091019980617   189  126
04091019980618   225   50
04091019980619   221   46
04091019980620   228   56
04091019980621   222  114
04091019980622   239  150
04091019980623   168  106
04091019980624   173   69
04091019980625   190    0
04091019980626   194    1
04091019980627   201   12
04091019980628   230   88
04091019980629  -999  122
04091019980630   189  118
04091019980701   176  100
04091019980702   202   18
04091019980703   213    3
04091019980704   210   70
04091019980705   226  114
04091019980706   241   85
04091019980707   267   87
04091019980708   240  115
04091019980709   206  111
04091019980710   176    9
04091019980711   203   -4
04091019980712   214   75
04091019980713   208   65
04091019980714   197  127
04091019980715   195   45
04091019980716   205   48
04091019980717   213   46
04091019980718   205   97
04091019980719   240  150
04091019980720   246  133
04091019980721   270  121
04091019980722   195  102
04091019980723   220   38
04091019980724   210   48
04091019980725   215  117
04091019980726   182  124
04091019980727   255  139
04091019980728   216  131
04091019980729   169   60
04091019980730   171   54
04091019980731   180    4
04091019980801   198   -7
04091019980802   206   64
04091019980803   211   96
04091019980804   225   72
04091019980805   190  149
04091019980806   234  136
04091019980807   220  110
04091019980808   180  107
04091019980809   240   60
04091019980810   235   73
04091019980811   242   73
04091019980812   233   73
04091019980813   242   64
04091019980814   259   75
04091019980815   235  130
04091019980816   200  160
04091019980817   246  108
04091019980818   257   81
04091019980819   258   71
04091019980820   243  116
04091019980821   223  150
04091019980822   224  140
04091019980823   236  127
04091019980824   223  141
04091019980825   211   60
04091019980826   213   76
04091019980827   210  131
04091019980828   227  124
04091019980829   227  118
04091019980830   234  103
04091019980831   219  120
04091019980901   207  134
04091019980902   268  104
04091019980903  -999   86
04091019980904   267 -999
04091019980905   293  144
04091019980906   272  176
04091019980907   235  112
04091019980908   236  102
04091019980909   236  138
04091019980910  -999  110
04091019980911   202 -999
04091019980912   260  130
04091019980913   284  133
04091019980914   286  120
04091019980915   215  150
04091019980916   230  106
04091019980917   241   72
04091019980918   246  107
04091019980919   253  102
04091019980920   260  106
04091019980921   245  105
04091019980922   250  121
04091019980923   234  116
04091019980924   250  154
04091019980925   250  154
04091019980926   233  146
04091019980927   256  156
04091019980928   268  137
04091019980929   275  130
04091019980930   296  101
04091019981001   272  109
04091019981002   282  112
04091019981003   299  112
04091019981004   321  120
04091019981005   287  181
04091019981006   293  150
04091019981007   248  173
04091019981008   250   66
04091019981009   249  125
04091019981010   251  160
04091019981011   259   77
04091019981012   295   90
04091019981013   318  143
04091019981014   299  173
04091019981015   296  164
04091019981016   277  127
04091019981017   276  175
04091019981018   312  145
04091019981019   331  150
04091019981020   281  209
04091019981021   245  151
04091019981022   259  109
04091019981023   284   97
04091019981024   280  132
04091019981025   228  156
04091019981026   300  200
04091019981027   335  200
04091019981028   255  110
04091019981029   260   97
04091019981030   240  169
04091019981031   320  168
