06330519960416   167   40
06330519960417   137   25
06330519960418   126   30
06330519960419   140  -27
06330519960420   207  -36
06330519960421   244   -8
06330519960422   238   32
06330519960423   235   45
06330519960424   222   62
06330519960425   234   70
06330519960426   255   30
06330519960427   243   26
06330519960428   194   55
06330519960429   214   24
06330519960430   167   95
06330519960501   169  115
06330519960502   181  120
06330519960503   208  128
06330519960504   174  135
06330519960505   177  128
06330519960506   225  130
06330519960507   225   93
06330519960508   204   94
06330519960509   188   70
06330519960510   212   50
06330519960511   224   80
06330519960512   212   57
06330519960513   160   90
06330519960514   156   60
06330519960515   170   55
06330519960516   164   30
06330519960517   178   69
06330519960518   184   30
06330519960519   177   50
06330519960520   165   40
06330519960521   160    0
06330519960522   128  -27
06330519960523   157   22
06330519960524   165    7
06330519960525   181  -10
06330519960526   162   14
06330519960527   163  -26
06330519960528   150    5
06330519960529   151   16
06330519960530   175  -25
06330519960531   181  -28
06330519960601   189  -16
06330519960602   142   46
06330519960603   185   40
06330519960604   157   75
06330519960605   147   30
06330519960606   145  -16
06330519960607    96  -29
06330519960608   117   -8
06330519960609   132  -51
06330519960610   153  -18
06330519960611   137    1
06330519960612   149   -2
06330519960613   138   26
06330519960614   135   30
06330519960615   144  -27
06330519960616   110   44
06330519960617   155   64
06330519960618   158   30
06330519960619   130   20
06330519960620   180   10
06330519960621   132   16
06330519960622   146   46
06330519960623   118   70
06330519960624    98   75
06330519960625   104   68
06330519960626   106   60
06330519960627    90   33
06330519960628   116   40
06330519960629    90   17
06330519960630   100   60
06330519960701    98   51
06330519960702   116   26
06330519960703   123  -24
06330519960704   139  -27
06330519960705   124   23
06330519960706   124   60
06330519960707   101   40
06330519960708   108  -30
06330519960709   116  -10
06330519960710   100  -21
06330519960711    77    0
06330519960712   101    4
06330519960713    79   10
06330519960714    65   24
06330519960715    67   34
06330519960716   106    2
06330519960717   108  -36
06330519960718   120    1
06330519960719   143   33
06330519960720   112   50
06330519960721    70   32
06330519960722    89   35
06330519960723   125   28
06330519960724   109   54
06330519960725   145   37
06330519960726   110   61
06330519960727   134   75
06330519960728   115   75
06330519960729   130   70
06330519960730   102   55
06330519960731   129   50
06330519960801   121   65
06330519960802   131   45
06330519960803   148   69
06330519960804   140   69
06330519960805   115   57
06330519960806   140  -20
06330519960807    95   37
06330519960808    72   30
06330519960809    67  -13
06330519960810   116   30
06330519960811   143  -41
06330519960812   147   -7
06330519960813   180    5
06330519960814   184    0
06330519960815   158   40
06330519960816   130   70
06330519960817   135  -16
06330519960818   131    5
06330519960819    76   10
06330519960820   111  -27
06330519960821   134  -13
06330519960822   104    4
06330519960823   101   32
06330519960824   126   30
06330519960825   155  -21
06330519960826   159  -17
06330519960827   158   43
06330519960828   180   77
06330519960829   147   10
06330519960830    80   66
06330519960831    96   55
06330519960901   135   60
06330519960902   108   27
06330519960903    95   42
06330519960904   121   49
06330519960905   135   20
06330519960906   116   46
06330519960907   199   -5
06330519960908   139   45
06330519960909   148   15
06330519960910  -999   46
06330519960911   176 -999
06330519960912   142  -14
06330519960913   102   23
06330519960914   133   47
06330519960915   178    0
06330519960916   230   17
06330519960917   232  120
06330519960918   256   57
06330519960919   231  114
06330519960920   127   81
06330519960921   110   34
06330519960922   140  -13
06330519960923   201   -9
06330519960924   214   65
06330519960925   185   32
06330519960926   200    3
06330519960927   190   34
06330519960928   144   16
06330519960929   165   93
06330519960930   136   86
06330519961001   122   55
06330519961002   164   40
06330519961003   190   35
06330519961004   206   35
06330519961005   227   50
06330519961006   190  129
06330519961007   196  100
06330519961008   197   45
06330519961009   200   44
06330519961010   226   84
06330519961011   255   86
06330519961012   130   71
06330519961013   197   31
06330519961014   215   40
06330519961015   227   46
06330519961016   217   65
06330519961017   215  133
06330519961018   206  125
06330519961019   206   90
06330519961020   149   55
06330519961021   177   10
06330519961022   200   34
06330519961023   209   61
06330519961024   227   43
06330519961025   243   55
06330519961026   255   70
06330519961027   196  115
06330519961028   224   85
06330519961029   213   29
06330519961030   197   33
06330519961031   199   60
06330519961101   201   45
06330519961102   226   67
06330519961103   232   60
06330519961104   170   94
06330519961105   137   92
06330519961106   177   49
06330519961107   170   60
06330519961108   212  109
06330519961109   232   71
06330519961110   145   74
06330519961111   162    4
06330519961112   190   48
06330519961113   294   63
06330519961114   255  166
06330519961115   250   75
06330519961116   275  135
06330519961117   254  145
06330519961118   150  100
06330519961119   186   74
06330519961120   209   43
06330519961121   178   39
06330519961122   131   20
06330519961123   133   42
06330519961124   213    5
06330519961125   242   50
06330519961126   287   58
06330519961127   271   55
06330519961128   262  107
06330519961129   265  114
06330519961130   219   70
06330519961201   255   31
06330519961202   255  134
06330519961203   277  108
06330519961204   261   60
06330519961205   289   93
06330519961206   286   99
06330519961207   201  154
06330519961208   210   83
06330519961209   238   50
06330519961210   242   56
06330519961211   252  100
06330519961212   260   87
06330519961213   200   80
06330519961214   244   60
06330519961215   266   84
06330519961216   286   87
06330519961217   230  153
06330519961218   236  131
06330519961219   227   57
06330519961220   253   74
06330519961221   280   79
06330519961222   290   80
06330519961223   291  155
06330519961224   318  139
06330519961225   327  184
06330519961226   251  152
06330519961227   264   95
06330519961228   299  109
06330519961229   290  125
06330519961230   245  130
06330519961231   244  122
06330519970101   240  110
06330519970102   254   85
06330519970103   272   90
06330519970104   283  105
06330519970105   294  110
06330519970106   286  135
06330519970107   200  130
06330519970108   241   50
06330519970109   286   91
06330519970110   285  100
06330519970111   221  120
06330519970112   231   76
06330519970113   248   70
06330519970114   270   65
06330519970115   244   99
06330519970116   305  131
06330519970117   290  120
06330519970118   281  115
06330519970119   282  110
06330519970120   327  135
06330519970121   325   95
06330519970122   322  120
06330519970123   323  139
06330519970124   271  164
06330519970125   253  150
06330519970126   240  162
06330519970127   291  146
06330519970128   254  175
06330519970129   197  174
06330519970130   212  149
06330519970131   266  160
06330519970201   311  150
06330519970202   270  163
06330519970203   264   99
06330519970204   286   99
06330519970205   309  109
06330519970206   338  136
06330519970207   330  185
06330519970208   330  162
06330519970209   328  181
06330519970210   282  209
06330519970211   209  197
06330519970212   206  145
06330519970213   278  150
06330519970214   275  164
06330519970215   291  138
06330519970216   294  137
06330519970217   267  186
06330519970218   297  151
06330519970219   280  135
06330519970220   297  113
06330519970221   315  154
06330519970222   331  157
06330519970223   351  183
06330519970224   344  189
06330519970225   282  180
06330519970226   305  155
06330519970227   250  140
06330519970228   267  110
06330519970301   306  105
06330519970302   246  152
06330519970303   263  126
06330519970304   290  137
06330519970305   230  150
06330519970306   220  143
06330519970307   230  164
06330519970308   271  146
06330519970309   228  155
06330519970310   262  103
06330519970311   257  114
06330519970312   274   92
06330519970313   280  120
06330519970314   260   80
06330519970315   261   40
06330519970316   266   50
06330519970317   268   67
06330519970318   281   88
06330519970319   310   65
06330519970320   256  105
06330519970321   235   45
06330519970322   238   87
06330519970323   248   75
06330519970324   224   63
06330519970325   246   35
06330519970326   265   70
06330519970327   275   74
06330519970328   276  125
06330519970329   250   54
06330519970330   244  114
06330519970331   224   30
06330519970401   225   75
06330519970402   243   40
06330519970403   252   33
06330519970404   241   20
06330519970405   220   25
06330519970406   230   50
06330519970407   167   75
06330519970408   190    4
06330519970409   206    0
06330519970410   230    5
06330519970411   236   44
06330519970412   247   51
06330519970413   255   55
06330519970414   260   34
06330519970415   242   47
06330519970416   232   80
06330519970417   250   49
06330519970418   224   33
06330519970419   215   30
06330519970420   236   25
06330519970421   235   20
06330519970422   265   39
06330519970423   265   65
06330519970424   250   60
06330519970425   198  115
06330519970426   220   47
06330519970427   226   36
06330519970428   236   25
06330519970429   245   25
06330519970430   247   46
06330519970601   140  -40
06330519970602   148  -38
06330519970603   151  -12
06330519970604   169  -16
06330519970605   187   14
06330519970606   181   40
06330519970607   130   64
06330519970608   150  -25
06330519970609   151  -40
06330519970610   157  -44
06330519970611   132  -34
06330519970612   130  -49
06330519970613   150    0
06330519970614    92   23
06330519970615   113  -21
06330519970616   124   10
06330519970617   145  -16
06330519970618   146  -29
06330519970619   143  -16
06330519970620   146   20
06330519970621   150  -33
06330519970622   152  -16
06330519970623   155  -31
06330519970624   145  -30
06330519970625   130    3
06330519970626   115   30
06330519970627   100   50
06330519970628   126  -10
06330519970629   129   20
06330519970630   134   10
06330519970701   121   -5
06330519970702   130  -16
06330519970703   132  -20
06330519970704   135  -41
06330519970705   129   -4
06330519970706   139   28
06330519970707   149  -17
06330519970708   140   16
06330519970709    79   22
06330519970710   103  -23
06330519970711   110  -33
06330519970712   110   -5
06330519970713    80  -50
06330519970714   125    0
06330519970715   124    3
06330519970716    81   16
06330519970717    96   15
06330519970718   129  -50
06330519970719   132  -49
06330519970720   140  -53
06330519970721   144  -60
06330519970722   124   -2
06330519970723   146  -45
06330519970724   148  -26
06330519970725   156   30
06330519970726   121   38
06330519970727   144   62
06330519970728   116   -6
06330519970729   127   -5
06330519970730   135  -26
06330519970731   140  -50
06330519970801   140  -32
06330519970802   134  -51
06330519970803   150  -42
06330519970804   128   -6
06330519970805   151  -21
06330519970806   151  -25
06330519970807   112   32
06330519970808   111   43
06330519970809    91    5
06330519970810   125  -31
06330519970811   132  -40
06330519970812    87   16
06330519970813   105   44
06330519970814   129   -3
06330519970815   153  -38
06330519970816   154  -30
06330519970817   189   10
06330519970818   111   30
06330519970819   130  -36
06330519970820   144   -8
06330519970821   147   10
06330519970822   157  -25
06330519970823   169   15
06330519970824    56    3
06330519970825    92   12
06330519970826    84   -4
06330519970827   100   27
06330519970828   164  -13
06330519970829   170  -22
06330519970830   188  -21
06330519970831   189   26
06330519970901   145   82
06330519970902   164  114
06330519970903   148   78
06330519970904   174   38
06330519970905   137   27
06330519970906   146   40
06330519970907   160   43
06330519970908   133   66
06330519970909   154   78
06330519970910   170    0
06330519970911   173    9
06330519970912   174   11
06330519970913   185    7
06330519970914   200    7
06330519970915   202   81
06330519970916   170   53
06330519970917   158   65
06330519970918   130   38
06330519970919   130   82
06330519970920   172   90
06330519970921   167  102
06330519970922   160   80
06330519970923   150   36
06330519970924   111   60
06330519970925   152   40
06330519970926   192   14
06330519970927   194   52
06330519970928   179   33
06330519970929   174   44
06330519970930   188   -6
06330519971001   215    0
06330519971002   252   54
06330519971003   162  110
06330519971004   169  -10
06330519971005   180   30
06330519971006   139   50
06330519971007   151   80
06330519971008   140   76
06330519971009   180   70
06330519971010   239   35
06330519971011   265   66
06330519971012   190  102
06330519971013   150   45
06330519971014   200   -8
06330519971015   175   70
06330519971016   202   -7
06330519971017   187   66
06330519971018   161   35
06330519971019   171   25
06330519971020   175  -18
06330519971021   189   20
06330519971022   225   10
06330519971023   246   45
06330519971024   262   64
06330519971025   277   69
06330519971026   297   80
06330519971027   314   94
06330519971028   297  106
06330519971029   213   99
06330519971030   275   98
06330519971031   300  160
06330519971101   198   91
06330519971102   235   49
06330519971103   190  115
06330519971104   224   84
06330519971105   222  100
06330519971106   260   84
06330519971107   281   95
06330519971108   290  124
06330519971109   257   86
06330519971110   284  100
06330519971111   287  144
06330519971112   260  101
06330519971113   285   73
06330519971114   295  140
06330519971115   234  140
06330519971116   245   91
06330519971117   213   95
06330519971118   202   79
06330519971119   245   34
06330519971120   270   62
06330519971121   250  115
06330519971122   283   95
06330519971123   310  110
06330519971124   352  117
06330519971125   365  116
06330519971126   383  149
06330519971127   367  194
06330519971128   370  181
06330519971129   364 -999
06330519971130   275  177
06330519971201   291   92
06330519971202   311   97
06330519971203   277  115
06330519971204   296   84
06330519971205   321  130
06330519971206   344  170
06330519971207   302  190
06330519971208   285  154
06330519971209   270  168
06330519971210   227  139
06330519971211   260  124
06330519971212   294  108
06330519971213   300  134
06330519971214   265  142
06330519971215   245  109
06330519971216   290   82
06330519971217   300  100
06330519971218   340  109
06330519971219   301  180
06330519971220   315  135
06330519971221   355  125
06330519971222   292  180
06330519971223   286   86
06330519971224   300   94
06330519971225   317  140
06330519971226   341  153
06330519971227   315  153
06330519971228   247  124
06330519971229   324  110
06330519971230   325  164
06330519971231   321  137
06330519980101   334  145
06330519980102   342  157
06330519980103   355  192
06330519980104   335  170
06330519980105   273  175
06330519980106   259  125
06330519980107   225  120
06330519980108   250  153
06330519980109   244  146
06330519980110   210  153
06330519980111   282  155
06330519980112   300  140
06330519980113   305  147
06330519980114   249  202
06330519980115   285  180
06330519980116   270  156
06330519980117   325  130
06330519980118   372  180
06330519980119   326  170
06330519980120   302  170
06330519980121   259  150
06330519980122   295  130
06330519980123   325  152
06330519980124   305  179
06330519980125   236  159
06330519980126   225  114
06330519980127   282  100
06330519980128   298  130
06330519980129   267   77
06330519980130   297   94
06330519980131   296  166
06330519980201   325  155
06330519980202   330  150
06330519980203   360  180
06330519980204   355  172
06330519980205   330  190
06330519980206   285  189
06330519980207   325  160
06330519980208   207 -999
06330519980209   235  126
06330519980210   229  126
06330519980211   280  150
06330519980212   300  139
06330519980213   315  124
06330519980214   320  139
06330519980215   325  160
06330519980216   264  167
06330519980217   222   38
06330519980218   268   56
06330519980219   306   89
06330519980220   277  106
06330519980221   275   65
06330519980222   282   73
06330519980223   298   84
06330519980224   294   92
06330519980225   330  110
06330519980226   346  138
06330519980227   325  160
06330519980228   260  150
06330519980301   274  140
06330519980302   255  135
06330519980303   291  135
06330519980304   321  107
06330519980305   292  155
06330519980306   210   86
06330519980307   233   56
06330519980308   245   77
06330519980309   280   57
06330519980310   310   77
06330519980311   333   89
06330519980312   344   93
06330519980313   356  100
06330519980314   305  148
06330519980315   285   98
06330519980316   273  161
06330519980317   280   56
06330519980318   294   67
06330519980319   294  120
06330519980320   310  112
06330519980321   335  163
06330519980322   340  119
06330519980323   330  133
06330519980324   286  161
06330519980325   230  140
06330519980326   233  102
06330519980327   270  119
06330519980328   282   94
06330519980329   264  106
06330519980330   270   59
06330519980331   236  104
06330519980401   245   84
06330519980402   251   90
06330519980403   260   65
06330519980404   267   36
06330519980405   285   74
06330519980406   295   77
06330519980407   290  100
06330519980408   291   79
06330519980409   230  151
06330519980410   195  113
06330519980411   206   91
06330519980412   226  100
06330519980413   209  100
06330519980414   207   10
06330519980415   220   65
06330519980416   206   84
06330519980417   234   70
06330519980418   227   81
06330519980419   232   50
06330519980420   177  107
06330519980421   207  136
06330519980422   164  116
06330519980423   165  122
06330519980424   194  120
06330519980425   194  137
06330519980426   123   56
06330519980427   161   65
06330519980428   193   26
06330519980429   204   35
06330519980430   207   55
06330519980501   180   81
06330519980502   155  102
06330519980503   196   97
06330519980504   175   84
06330519980505   130  120
06330519980506   166  106
06330519980507   171   45
06330519980508   117   36
06330519980509   112  -20
06330519980510   162  -30
06330519980511   155    4
06330519980512   187   38
06330519980513   195   76
06330519980514   186   81
06330519980515   155  110
06330519980516   175  126
06330519980517   160  119
06330519980518   182  106
06330519980519   185  127
06330519980520   140   69
06330519980521   100   62
06330519980522   143   64
06330519980523   160   30
06330519980524    89   60
06330519980525   139   53
06330519980526   154  -10
