00207119960825   350  187
00207119960826   347  211
00207119960827   359  226
00207119960828   367  212
00207119960829   341  236
00207119960830   320  203
00207119960831   321  194
00207119960901   340  167
00207119960902   330  172
00207119960903   326  176
00207119960904   328  169
00207119960905   322  139
00207119960906   323  139
00207119960907   332  144
00207119960908   345  160
00207119960909   350  184
00207119960910   357  156
00207119960911   346  192
00207119960912   345  206
00207119960913   346  194
00207119960914   354  200
00207119960915   361  204
00207119960916   368  220
00207119960917   380  182
00207119960918   385  210
00207119960919   374  195
00207119960920   338  221
00207119960921   331  179
00207119960922   362  181
00207119960923   351  177
00207119960924   359  189
00207119960925   365  205
00207119960926   360  220
00207119960927   350  211
00207119960928   343  217
00207119960929   332  209
00207119960930   328  195
00207119961001   353  192
00207119961002   387  186
00207119961003   394  202
00207119961004   388  223
00207119961005   386  237
00207119961006   385  247
00207119961007   396  233
00207119961008   346  223
00207119961009   355  213
00207119961010   363  192
00207119961011   375  216
00207119961012   385  232
00207119961013   372  262
00207119961014   373  234
00207119961015   390  232
00207119961016   410  251
00207119961017   385  296
00207119961018   367  253
00207119961019   359  220
00207119961020   363  248
00207119961021   329  208
00207119961022   377  217
00207119961023   387  245
00207119961024   394  248
00207119961025   398  230
00207119961026   389  225
00207119961027   388  251
00207119961028   388  225
00207119961029   398  234
00207119961030   398  226
00207119961031   400  222
00207119961101   380  277
00207119961102   379  260
00207119961103   354  243
00207119961104   365  248
00207119961105   366  209
00207119961106   357  226
00207119961107   343  201
00207119961108   382  222
00207119961109   410  218
00207119961110   403  217
00207119961111   380  251
00207119961112   382  235
00207119961113   398  220
00207119961114   402  260
00207119961115   399  280
00207119961116   392  275
00207119961117   383  272
00207119961118   380  292
00207119961119   357  285
00207119961120   386  236
00207119961121   325  215
00207119961122   380  192
00207119961123   378  235
00207119961124   382  212
00207119961125   390  203
00207119961126   400  211
00207119961127   404  225
00207119961128   412  270
00207119961129   422  289
00207119961130   425  294
00207119961201   385  267
00207119961202   412  275
00207119961203   407  260
00207119961204   422  278
00207119961205   374  248
00207119961206   404  271
00207119961207   426  270
00207119961208   406  288
00207119961209   377  240
00207119961210   395  270
00207119961211   381  227
00207119961212   401  266
00207119961213   347  244
00207119961214   294  215
00207119961215   286  235
00207119961216   353  219
00207119961217   349  224
00207119961218   319  215
00207119961219   298  233
00207119961220   356  239
00207119961221   371  230
00207119961222   383  226
00207119961223   382  242
00207119961224   373  270
00207119961225   397  276
00207119961226   405  280
00207119961227   366  243
00207119961228   335  242
00207119961229   300  216
00207119961230   327  235
00207119961231   334  244
00207119970101   340  234
00207119970102   362  243
00207119970103   364  225
00207119970104   298  239
00207119970105   300  226
00207119970106   346  227
00207119970107   358  236
00207119970108   352  240
00207119970109   352  240
00207119970110   363  245
00207119970111   365  257
00207119970112   366  243
00207119970113   310  221
00207119970114   345  228
00207119970115   366  232
00207119970116   324  228
00207119970117   326  226
00207119970118   320  220
00207119970119   316  224
00207119970120   331  237
00207119970121   337  237
00207119970122   333  225
00207119970123   312  235
00207119970124   331  227
00207119970125   339  232
00207119970126   312  240
00207119970127   311  233
00207119970128   288  223
00207119970129   306  219
00207119970130   318  227
00207119970131   301  231
00207119970201   346  228
00207119970202   338  244
00207119970203   350  244
00207119970204   343  219
00207119970205   352  242
00207119970206   351  243
00207119970207   323  229
00207119970208   329  236
00207119970209   344  236
00207119970210   293  236
00207119970211   320  224
00207119970212   345  239
00207119970213   315  223
00207119970214   331  233
00207119970215   318  230
00207119970216   312  241
00207119970217   306  238
00207119970218   293  235
00207119970219   332  228
00207119970220   324  218
00207119970221   336  242
00207119970222   351  245
00207119970223   351  245
00207119970224   336  242
00207119970225   324  235
00207119970226   350  226
00207119970227   363  243
00207119970228   370  242
00207119970301   372  247
00207119970302   359  231
00207119970303   340  220
00207119970304   353  232
00207119970305   356  225
00207119970306   360  212
00207119970307   364  234
00207119970308   365  237
00207119970309   354  223
00207119970310   356  236
00207119970311  -999  218
00207119970312   356 -999
00207119970313   360  200
00207119970314  -999  216
00207119970317   351 -999
00207119970318  -999  195
00207119970319   370 -999
00207119970320   370  212
00207119970321   370  218
00207119970322   365  217
00207119970323   354  206
00207119970324   345  165
00207119970325   346  180
00207119970326   354  176
00207119970327   368  175
00207119970328   369  186
00207119970329   364  179
00207119970330   360  218
00207119970331   360  218
00207119970401   350  200
00207119970402   357  195
00207119970403   361  189
00207119970404   360  195
00207119970405   347  207
00207119970406   350  206
00207119970407   344  179
00207119970408   332  187
00207119970409   324  179
00207119970410   328  185
00207119970411   339  201
00207119970412   348  181
00207119970413   352  205
00207119970414   347  237
00207119970415   343  198
00207119970416   335  187
00207119970417   335  178
00207119970418   333  186
00207119970419   331  173
00207119970420   321  179
00207119970421   326  185
00207119970422   330  193
00207119970423   329  192
00207119970424   335  198
00207119970425   331  191
00207119970426   327  196
00207119970427   330  182
00207119970428   333  186
00207119970429   330  195
00207119970430   327  184
00207119970501   332  192
00207119970502   333  207
00207119970503   338  179
00207119970504   344  186
00207119970505   345  197
00207119970506   344  202
00207119970507   327  213
00207119970508   305  217
00207119970509   273  194
00207119970510   230  188
00207119970511   261  133
00207119970512   250  145
00207119970513   230  167
00207119970514   290  159
00207119970515   292  160
00207119970516   304  165
00207119970517   302  180
00207119970518   302  170
00207119970519   312  176
00207119970520   320  202
00207119970521   303  217
00207119970522   285  207
00207119970523   292  194
00207119970524   300  188
00207119970525   291  172
00207119970526   300  151
00207119970527   312  142
00207119970528   291  157
00207119970529   265  177
00207119970530   267  156
00207119970531   267  150
00207119970601   275  134
00207119970602   284  134
00207119970603   284  132
00207119970604   300  139
00207119970605   297  151
00207119970606   294  187
00207119970607   302  170
00207119970608   280  184
00207119970609   265  142
00207119970610   268  127
00207119970611   282  134
00207119970612   298  136
00207119970613   287  167
00207119970614   285  172
00207119970615   242  163
00207119970616   214  124
00207119970617   214  100
00207119970618   224   84
00207119970619   247   98
00207119970620   251  109
00207119970621   267  101
00207119970622   274  127
00207119970623   269  132
00207119970624   261  128
00207119970625   250  130
00207119970626   251  109
00207119970627   215  114
00207119970628   214  101
00207119970629   226  103
00207119970630   240  100
00207119970701   234  113
00207119970702   238  120
00207119970703   245  127
00207119970704   281  115
00207119970705  -999  146
00207119970706   247  134
00207119970707   265  108
00207119970708   282   91
00207119970709   270  130
00207119970710  -999  125
00207119970711   257   96
00207119970712   250   92
00207119970713   240  119
00207119970714   243   96
00207119970715   255   91
00207119970716   245  128
00207119970717   238  124
00207119970718   238  118
00207119970719   230  100
00207119970720   243  116
00207119970721   247  121
00207119970722   244  111
00207119970723   258  122
00207119970724   274  115
00207119970725   294  124
00207119970726   291  152
00207119970727   302  151
00207119970728   308  180
00207119970729   290  181
00207119970730   270  161
00207119970731   242  136
00207119970801   254   93
00207119970802   264  124
00207119970803   277  117
00207119970804   297  130
00207119970805   310  143
00207119970806  -999  150
00207119970808   296 -999
00207119970809   320  190
00207119970810   304  179
00207119970811  -999  155
00207119970814   293 -999
00207119970815  -999  143
00207119970816  -999 -999
00207119970818   315 -999
00207119970819   317  176
00207119970820  -999  191
00207119970822   315 -999
00207119970823   325  172
00207119970824   327  173
00207119970825  -999  183
00207119970828   325 -999
00207119970829  -999  176
00207119970901   308 -999
00207119970902   315  180
00207119970903  -999  176
00207119970905   360 -999
00207119970906   336  208
00207119970907   332  205
00207119970908  -999  191
00207119970911   375 -999
00207119970912  -999  222
00207119970914   351 -999
00207119970915   350  206
00207119970916   351  204
00207119970917   359  201
00207119970918   366  208
00207119970919   374  215
00207119970920   376  237
00207119970921   371  236
00207119970922   379  220
00207119970923   378  243
00207119970924   388  229
00207119970925   383  214
00207119970926   390  226
00207119970927   382  248
00207119970928   392  222
00207119970929   399  230
00207119970930   358  249
00207119971001   367  228
00207119971002   370  247
00207119971003   325  236
00207119971004   324  185
00207119971005   324  181
00207119971006   341  210
00207119971007   364  222
00207119971008   386  248
00207119971009   366  237
00207119971010   364  219
00207119971011   380  219
00207119971012   395  246
00207119971013   381  236
00207119971014   336  214
00207119971015   376  247
00207119971016   385  223
00207119971017   390  214
00207119971018   375  249
00207119971019   382  250
00207119971020   360  252
00207119971021   345  246
00207119971022   340  189
00207119971023   361  188
00207119971024   371  195
00207119971025   391  163
00207119971026   388  248
00207119971027   400  270
00207119971028   414  234
00207119971029   400  263
00207119971030   388  236
00207119971031   344  205
00207119971101  -999  205
00207119971103   372 -999
00207119971104   380  218
00207119971105  -999  241
00207119971107   395 -999
00207119971108   385  192
00207119971109   391  230
00207119971110  -999  234
00207119971113   385 -999
00207119971114  -999  248
00207119971116   390 -999
00207119971117   401  240
00207119971118   392  265
00207119971119  -999  239
00207119971120   374 -999
00207119971121   404  250
00207119971122   412  232
00207119971123   423  245
00207119971124   413  271
00207119971125  -999  225
00207119971126   394 -999
00207119971127   395  209
00207119971128  -999 -999
00207119971130   389 -999
00207119971201   342  236
00207119971202   334  224
00207119971203   365  216
00207119971204   372  244
00207119971205   361  216
00207119971206   338  255
00207119971207   350  231
00207119971208   341  225
00207119971209   354  242
00207119971210   351  226
00207119971211   330  250
00207119971212   332  232
00207119971213   361  244
00207119971214   382  243
00207119971215   395  265
00207119971216   364  235
00207119971217   361  249
00207119971218   358  265
00207119971219   328  245
00207119971220   364  229
00207119971221   310  259
00207119971222   375  201
00207119971223   371  240
00207119971224   380  238
00207119971225   386  222
00207119971226   396  228
00207119971227   411  238
00207119971228   404  243
00207119971229   403  240
00207119971230   388  248
00207119971231   375  257
00207119980101   395  255
00207119980102   414  248
00207119980103   415  274
00207119980104   406  271
00207119980105   392  242
00207119980106   395  269
00207119980107   398  258
00207119980108   424  257
00207119980109   415  274
00207119980110   394  233
00207119980111   371  222
00207119980112   380  245
00207119980113   385  242
00207119980114   382  234
00207119980115   403  253
00207119980116   355  219
00207119980117   395  257
00207119980118   338  230
00207119980119   360  225
00207119980120   372  252
00207119980121   372  236
00207119980122   346  224
00207119980123   345  236
00207119980124   350  255
00207119980125   346  223
00207119980126   354  227
00207119980127   378  247
00207119980128   392  260
00207119980129   372  267
00207119980130   340  247
00207119980131   330  233
00207119980201   362  227
00207119980202   387  245
00207119980203   378  255
00207119980204   391  268
00207119980205   394  273
00207119980206   330  230
00207119980207   350  243
00207119980208   331  232
00207119980209   315  234
00207119980210   345  250
00207119980211   332  226
00207119980212   373  234
00207119980213   380  215
00207119980214   395  215
00207119980215   399  255
00207119980216   410  241
00207119980217   408  264
00207119980218   403  258
00207119980219   401  264
00207119980220   387  265
00207119980221   372  218
00207119980222   385  234
00207119980223   397  222
00207119980224   404  227
00207119980225   412  241
00207119980226   395  265
00207119980227   398  249
00207119980228   389  248
00207119980301   390  265
00207119980302   398  264
00207119980303   393  256
00207119980304   392  267
00207119980305   383  264
00207119980306   367  276
00207119980307   391  241
00207119980308   393  243
00207119980309   394  252
00207119980310   383  245
00207119980311   384  263
00207119980312   371  257
00207119980313   370  256
00207119980314   380  261
00207119980315   370  241
00207119980316   387  233
00207119980317   370  241
00207119980318   391  238
00207119980319   400  248
00207119980320   396  228
00207119980321   388  255
00207119980322   389  253
00207119980323   352  254
00207119980324   388  244
00207119980325   374  240
00207119980326   372  253
00207119980327   381  241
00207119980328   373  250
00207119980329   368  271
00207119980330   372  230
00207119980331   367  224
00207119980401   362  256
00207119980402   352  229
00207119980403   356  230
00207119980404   368  235
00207119980405   333  239
00207119980406   366  232
00207119980407   376  220
00207119980408   383  227
00207119980409   380  221
00207119980410   373  243
00207119980411   388  240
00207119980412   389  256
00207119980413   380  271
00207119980414   380  260
00207119980415   329  222
00207119980416   344  242
00207119980417   363  239
00207119980418   356  246
00207119980419   339  259
00207119980420   325  240
00207119980421   303  214
00207119980422   295  187
00207119980423   302  197
00207119980424   316  179
00207119980425   324  194
00207119980426   319  192
00207119980427   308  168
00207119980428   322  158
00207119980429   336  183
00207119980430   348  187
00207119980501   342  197
00207119980502   332  201
00207119980503   336  194
00207119980504   337  185
00207119980505   310  184
00207119980506   304  167
00207119980507   298  144
00207119980508   298  140
00207119980509   303  141
00207119980510   317  160
00207119980511   330  182
00207119980512   344  186
00207119980513   303  224
00207119980514   309  181
00207119980515   294  204
00207119980516   297  206
00207119980517   321  204
00207119980518   331  229
00207119980519   332  210
00207119980520   320  186
00207119980521   313  171
00207119980522   314  162
00207119980523   309  150
00207119980524   307  171
00207119980525   303  178
00207119980526   291  172
00207119980527   289  131
00207119980528   287  127
00207119980529   307  124
00207119980530   321  138
00207119980531   332  214
00207119980601   324  196
00207119980602   320  184
00207119980603   327  178
00207119980604   331  210
00207119980605   327  224
00207119980606   339  228
00207119980607   310  219
00207119980608   294  164
00207119980609   311  151
00207119980610   311  151
00207119980611   320  133
00207119980612   325  154
00207119980613   314  190
00207119980614   307  183
00207119980615   293  194
00207119980616   301  173
00207119980617   278  178
00207119980618   268  168
00207119980619   292  150
00207119980620   283  183
00207119980621   280  151
00207119980622   285  141
00207119980623   255  161
00207119980624   213  132
00207119980625   217   87
00207119980626   256   78
00207119980627   289  102
00207119980628   300  176
00207119980629   246  135
00207119980630   244   90
00207119980701   238  128
00207119980702   182  114
00207119980703   234  105
00207119980704   317  135
00207119980705   294  183
00207119980706   297  195
00207119980707   304  195
00207119980708   282  170
00207119980709   262  173
00207119980710   256  142
00207119980711   239  132
00207119980712   262  105
00207119980713   279  129
00207119980714   294  119
00207119980715   318  140
00207119980716   328  150
00207119980717   316  158
00207119980718   318  171
00207119980719   312  201
00207119980720   272  174
00207119980721   267  147
00207119980722   296  169
00207119980723   314  183
00207119980724   321  191
00207119980725   331  187
00207119980726   341  197
00207119980727   295  192
00207119980728   248  135
00207119980729   266  136
00207119980730   262  148
00207119980731   262  140
00207119980801   279  131
00207119980802   316  165
00207119980803   331  177
00207119980804   329  225
00207119980805   340  208
00207119980806   330  200
00207119980807   327  200
00207119980808   298  190
00207119980809   274  139
00207119980810   281  137
00207119980811   293  134
00207119980812   298  136
00207119980813   324  159
00207119980814   335  159
00207119980815   329  175
00207119980816   329  177
00207119980817   337  190
00207119980818   343  185
00207119980819   342  183
00207119980820   349  145
00207119980821   336  191
00207119980822   337  173
00207119980823   346  178
00207119980824   344  189
00207119980825   352  221
00207119980826   348  238
00207119980827   311  190
00207119980828   273  150
00207119980829   283  134
00207119980830   310  150
00207119980831   331  165
00207119980901   345  176
00207119980902   360  206
00207119980903   359  185
00207119980904   344  200
00207119980905   315  188
00207119980906   336  196
00207119980907   335  215
00207119980908   329  205
00207119980909   342  186
00207119980910   345  185
00207119980911   360  191
00207119980912   374  197
00207119980913   381  203
00207119980914   364  220
00207119980915   346  223
00207119980916   335  218
00207119980917   357  219
00207119980918   350  224
00207119980919   360  230
00207119980920   340  217
00207119980921   358  247
00207119980922   341  216
00207119980923   294  206
00207119980924   321  187
00207119980925   323  207
00207119980926   345  198
00207119980927   365  200
00207119980928   380  199
00207119980929   388  210
00207119980930   400  236
00207119981001   395  263
00207119981002   394  253
00207119981003   385  257
00207119981004   383  262
00207119981005   397  243
00207119981006   386  262
00207119981007   400  253
00207119981008   370  244
00207119981009   409  263
00207119981010   398  251
00207119981011   390  272
00207119981012   389  268
00207119981013   400  265
00207119981014   376  241
00207119981015   402  266
00207119981016   399  249
00207119981017   406  259
00207119981018   419  292
00207119981019   421  293
00207119981020   346  257
00207119981021   337  209
00207119981022   368  225
00207119981023   387  223
00207119981024   404  208
00207119981025   427  256
00207119981026   416  261
00207119981027   399  287
00207119981028   397  258
00207119981029   391  227
00207119981030   357  234
00207119981031   353  208
00207119981101   359  248
00207119981102   372  239
00207119981103   363  256
00207119981104   354  245
00207119981105   376  239
00207119981106   378  227
00207119981107   379  236
00207119981108   375  253
00207119981109   310  194
00207119981110   347  198
00207119981111   368  218
00207119981112   383  246
00207119981113   380  254
00207119981114   390  272
00207119981115   392  272
00207119981116   399  274
00207119981117   411  268
00207119981118   390  262
00207119981119   357  247
00207119981120   362  262
00207119981121   391  267
00207119981122   394  260
00207119981123   406  276
00207119981124   373  280
00207119981125   344  239
00207119981126   355  232
00207119981127   352  240
00207119981128   345  220
00207119981129   350  237
00207119981130   378  261
00207119981201   366  249
00207119981202   381  249
00207119981203   368  260
00207119981204   356  253
00207119981205   368  220
00207119981206   368  222
00207119981207   380  244
00207119981208   387  248
00207119981209   358  255
00207119981210   351  246
00207119981211   287  256
00207119981212   302  232
00207119981213   327  231
00207119981214   362  234
00207119981215   365  235
00207119981216   343  251
00207119981217   368  268
00207119981218   349  248
00207119981219   364  242
00207119981220   330  231
00207119981221   318  212
00207119981222   311  234
00207119981223   337  233
00207119981224   343  252
00207119981225   367  244
00207119981226   335  238
00207119981227   339  207
00207119981228   319  232
00207119981229   337  224
00207119981230   357  228
00207119981231   367  229
00207119990101   376  253
00207119990102   375  244
00207119990103   369  263
00207119990104   359  257
00207119990105   329  231
00207119990106   321  237
00207119990107   310  228
00207119990108   307  236
00207119990109   313  231
00207119990110   315  231
00207119990111   332  243
00207119990112   353  245
00207119990113   326  235
00207119990114   346  238
00207119990115   324  221
00207119990116   372  236
00207119990117   361  222
00207119990118   368  231
00207119990119   365  220
00207119990120   394  253
00207119990121   393  253
00207119990122   394  253
00207119990123   373  247
00207119990124   389  236
00207119990125   384  239
00207119990126   404  268
00207119990127   396  265
00207119990128   398  259
00207119990129   378  256
00207119990130   312  223
00207119990131   353  225
00207119990201   311  214
00207119990202   323  235
00207119990203   327  238
00207119990204   345  240
00207119990205   330  243
00207119990206   319  249
00207119990207   306  204
00207119990208   319  208
00207119990209   348  228
00207119990210   359  224
00207119990211   356  232
00207119990212   341 -999
00207119990213   353  214
00207119990214   329  227
00207119990215   360  232
00207119990216   371  227
00207119990217   343  221
00207119990218   336  244
00207119990219   321  220
00207119990220   336  235
00207119990221   330  228
00207119990222   340  223
00207119990223   333  228
00207119990224   333  227
00207119990225   337  212
00207119990226   338  228
00207119990227   341  226
00207119990228   358  242
00207119990301   368  229
00207119990302   374  244
00207119990303   358  233
00207119990304   356  237
00207119990305   366  247
00207119990306   374  240
00207119990307   365  237
00207119990308   310  217
00207119990309   342  242
00207119990310   343  235
00207119990311   340  232
00207119990312   350  232
00207119990313   350  235
00207119990314   355  235
00207119990315   362  225
00207119990316   362  220
00207119990317   356  224
00207119990318   363  238
00207119990319   350  243
00207119990320   365  234
00207119990321   360  236
00207119990322   363  243
00207119990323   358  240
00207119990324   363  239
00207119990325   360  256
00207119990326   367  254
00207119990327   344  239
00207119990328   359  217
00207119990329   338  228
00207119990330   346  213
00207119990331   345  223
00207119990401   332  229
00207119990402   334  217
00207119990403   338  216
00207119990404   343  236
00207119990405   315  217
00207119990406   322  221
00207119990407   319  224
00207119990408   332  214
00207119990409   331  223
00207119990410   342  237
00207119990411   344  222
00207119990412   342  217
00207119990413   340  204
00207119990414   342  193
00207119990415   332  189
00207119990416   321  189
00207119990417   317  168
00207119990418   319  167
00207119990419   327  182
00207119990420   335  194
00207119990421   331  190
00207119990422   319  215
00207119990423   312  186
00207119990424   310  164
00207119990425   319  169
00207119990426   330  169
00207119990427   320  170
00207119990428   323  169
00207119990429   308  164
00207119990430   281  147
00207119990501   267  149
00207119990502   262  120
00207119990503   284  123
00207119990504   305  147
00207119990505   302  160
00207119990506   311  157
00207119990507   315  170
00207119990508   317  181
00207119990509   299  170
00207119990510   295  155
00207119990511   293  133
00207119990512   312  129
00207119990513   321  134
00207119990514   330  167
00207119990515   334  154
00207119990516   337  159
00207119990517   341  166
00207119990518   338  155
00207119990519   335  159
00207119990520   327  170
00207119990521   322  145
00207119990522   328  147
00207119990523   324  144
00207119990524   297  183
00207119990525   294  159
00207119990526   302  152
00207119990527   312  150
00207119990528   312  135
00207119990529   327  146
00207119990530   331  140
00207119990531   326  187
00207119990601   308  186
00207119990602   306  162
00207119990603   299  149
00207119990604   307  115
00207119990605   315  133
00207119990606   312  192
00207119990607   315  175
00207119990608   280  191
00207119990609   274  175
00207119990610   282  198
00207119990611   287  161
00207119990612   298  157
00207119990613   297  182
00207119990614   294  160
00207119990615   282  158
00207119990616   292  147
00207119990617   299  153
00207119990618   296  147
00207119990619   290  131
00207119990620   298  121
00207119990621   294  164
00207119990622   263  163
00207119990623   246  106
00207119990624   250  120
00207119990625   239  108
00207119990626   240  110
00207119990627   225   89
00207119990628   232   92
00207119990629   252   87
00207119990630   259  114
00207119990701   230  132
00207119990702   219  108
00207119990703   232   96
00207119990704   242  126
00207119990705   264   98
00207119990706   271  112
00207119990707   292  113
00207119990708   297  139
00207119990709   292  154
00207119990710   301  139
00207119990711   297  172
00207119990712   292  154
00207119990713   279  152
00207119990714   272  124
00207119990715   280  116
00207119990716   284  123
00207119990717   300  109
00207119990718   314  119
00207119990719   282  161
00207119990720   306  137
00207119990721   299  124
00207119990722   267  137
00207119990723   252  144
00207119990724   225  101
00207119990725   243  100
00207119990726   248  104
00207119990727   264  102
00207119990728   281  117
00207119990729   296  122
00207119990730   299  126
00207119990731   304  171
00207119990801   296  166
00207119990802   297  149
00207119990803   306  163
00207119990804   318  151
00207119990805   302  151
00207119990806   307  159
00207119990807   324  156
00207119990808   313  179
00207119990809   308  159
00207119990810   306  171
00207119990811   322  161
00207119990812   337  162
00207119990813   314  201
00207119990814   249  159
00207119990815   239  124
00207119990816   251  108
00207119990817   269  101
00207119990818   290  120
00207119990819   303  104
00207119990820   311  132
00207119990821   322  159
00207119990822   333  177
00207119990823   324  192
00207119990824   332  163
00207119990825   337  159
00207119990826  -999  144
00207119990827  -999  203
00207119990828   317  210
00207119990829   317  186
00207119990830  -999  145
00207119990902   339 -999
00207119990903  -999  172
00207119990906   340 -999
00207119990907   361  186
00207119990908  -999  210
00207119990910   378 -999
00207119990911   374  258
00207119990912   370  260
00207119990913  -999  232
00207119990916   352 -999
00207119990917   320  180
00207119990918   326  168
00207119990919   324  180
00207119990920   310  154
00207119990921   322  148
00207119990922   346  163
00207119990923   363  144
00207119990924   365  190
00207119990925   379  225
00207119990926   377  226
00207119990927   362  221
00207119990928   369  162
00207119990929   364  216
00207119990930   345  228
00207119991001   301  194
00207119991002   347  184
00207119991003   368  197
00207119991004   372  225
00207119991005   373  237
00207119991006   379  225
00207119991007   378  237
00207119991008   377  227
00207119991009   372  252
00207119991010   376  223
00207119991011   383  208
00207119991012   341  218
00207119991013   370  240
00207119991014   369  254
00207119991015   389  246
00207119991016   371  253
00207119991017   343  248
00207119991018   355  238
00207119991019   310  230
00207119991020   290  221
00207119991021   316  182
00207119991022   343  202
00207119991023   361  204
00207119991024   363  220
00207119991025   366  241
00207119991026   366  232
00207119991027   374  247
00207119991028   385  212
00207119991029   322  223
00207119991030   336  221
00207119991031   320  214
00207119991101   345  223
00207119991102   305  203
00207119991103   335  213
00207119991104   348  240
00207119991105   352  232
00207119991106   362  249
00207119991107   362  255
00207119991108   371  243
00207119991109   372  249
00207119991110   361  250
00207119991111   350  243
00207119991112   355  215
00207119991113   362  223
00207119991114   374  227
00207119991115   379  253
00207119991116   378  272
00207119991117   385  274
00207119991118   387  267
00207119991119   389  257
00207119991120   400  268
00207119991121   358  252
00207119991122   376  243
00207119991123   311  189
00207119991124   320  222
00207119991125   359  233
00207119991126   370  226
00207119991127   363  253
00207119991128   304  205
00207119991129   359  202
00207119991130   334  199
00207119991201   358  228
00207119991202   372  267
00207119991203   386  240
00207119991204   334  218
00207119991205   364  233
00207119991206   369  240
00207119991207   375  228
00207119991208   392  236
00207119991209   389  260
00207119991210   369  274
00207119991211   352  252
00207119991212   341  233
00207119991213   344  247
00207119991214   331  234
00207119991215   322  228
00207119991216   339  232
00207119991217   351  242
00207119991218   322  247
00207119991219   348  241
00207119991220   330  219
00207119991221   337  253
00207119991222   362  237
00207119991223   364  233
00207119991224   371  229
00207119991225   382  240
00207119991226   371  254
00207119991227   381  265
00207119991228   355  229
00207119991229   346  229
00207119991230   340  253
00207119991231   327  212
00207120000101   284  209
00207120000102   248  207
00207120000103   292  196
00207120000104   339  231
00207120000105   336  249
00207120000106   348  242
00207120000107   345  243
00207120000108   362  238
00207120000109   357  247
00207120000110   367  210
00207120000111   345  214
00207120000112   323  223
00207120000113   349  253
00207120000114   338  221
00207120000115   299  236
00207120000116   336  224
00207120000117   352  238
00207120000118   352  230
00207120000119   364  242
00207120000120   357  253
00207120000121   332  247
00207120000122   334  231
00207120000123   335  232
00207120000124   333  237
00207120000125   333  238
00207120000126   316  217
00207120000127   345  241
00207120000128   339  244
00207120000129   334  233
00207120000130   359  232
00207120000131   371  211
00207120000201   385  211
00207120000202   397  219
00207120000203   392  269
00207120000204   375  244
00207120000205   371  244
00207120000206   399  234
00207120000207   381  264
00207120000208   300  258
00207120000209   281  227
00207120000210   319  234
00207120000211   323  236
00207120000212   322  231
00207120000213   309  223
00207120000214   324  231
00207120000215   322  232
00207120000216   332  230
00207120000217   340  243
00207120000218   303  237
00207120000219   337  225
00207120000220   330  235
00207120000221   342  239
00207120000222   330  247
00207120000223   337  235
00207120000224   282  233
00207120000225   335  213
00207120000226   332  237
00207120000227   315  231
00207120000228   319  222
00207120000229   315  236
00207120000301   319  240
00207120000302   333  241
00207120000303   276  239
00207120000304   256  221
00207120000305   283  226
00207120000306   311  217
00207120000307   314  224
00207120000308   293  218
00207120000309   250  219
00207120000310   299  205
00207120000311   312  218
00207120000312   325  234
00207120000313   328  224
00207120000314   316  223
00207120000315   296  229
00207120000316  -999  225
00207120000317   330 -999
00207120000318   343  232
00207120000319   349  238
00207120000320   351  227
00207120000321   332  229
00207120000322   333  222
00207120000323   347  232
00207120000324   335  227
00207120000325   338  239
00207120000326   344  252
00207120000327   346  224
00207120000328   356  229
00207120000329   354  218
00207120000330   352  223
00207120000331   350  235
00207120000401   344  236
00207120000402   350  245
00207120000403   350  227
00207120000404   357  220
00207120000405   322  223
00207120000406   285  243
00207120000407   324  215
00207120000408   337  235
00207120000409   342  217
00207120000410   343  223
00207120000411   336  227
00207120000412   344  234
00207120000413   349  235
00207120000414   345  236
00207120000415   340  232
00207120000416   320  248
00207120000417   318  220
00207120000418   301  229
00207120000419   289  217
00207120000420   302  226
00207120000421   310  231
00207120000422   294  192
00207120000423   278  188
00207120000424   206  180
00207120000425   258  163
00207120000426   268  178
00207120000427   288  175
00207120000428   294  202
00207120000429   307  201
00207120000430   303  181
00207120000501   274  170
00207120000502   265  147
00207120000503   259  122
00207120000504   264  116
00207120000505   258  152
00207120000506   242  141
00207120000507   252  123
00207120000508   269  146
00207120000509   296  143
00207120000510   314  177
00207120000511   306  187
00207120000512   302  164
00207120000513   306  148
00207120000514   306  162
00207120000515   275  160
00207120000516   251  129
00207120000517   237  126
00207120000518   256  132
00207120000519   252  149
00207120000520   244  145
00207120000521   271  179
00207120000522   252  180
00207120000523   269  152
00207120000524   288  187
00207120000525   301  188
00207120000526   290  191
00207120000527   262  161
00207120000528   240  139
00207120000529   216  118
00207120000530   221   91
00207120000531   223  108
00207120000601   217   99
00207120000602   224   74
00207120000603   222   79
00207120000604   226   92
00207120000605   204  139
00207120000606   218  111
00207120000607   217  102
00207120000608   234  103
00207120000609   238  109
00207120000610   214  109
00207120000611   216   86
00207120000612   214   93
00207120000613   221  110
00207120000614   248  118
00207120000615   262  128
00207120000616   268  131
00207120000617   263  130
00207120000618   259  149
00207120000619   269  113
00207120000620   286  122
00207120000621   288  130
00207120000622   286  143
00207120000623   272  128
00207120000624   260  121
00207120000625   261  109
00207120000626   274  110
00207120000627   273  122
00207120000628   271  128
00207120000629   249  127
00207120000630   177  119
00207120000701   233   86
00207120000702   246   84
00207120000703   269  104
00207120000704   287  120
00207120000705   288  122
00207120000706   292  123
00207120000707   304  112
00207120000708   284  167
00207120000709   284  147
00207120000710   283  151
00207120000711   295  169
00207120000712   287  200
00207120000713   294  173
00207120000714   302  152
00207120000715   303  148
00207120000716   304  147
00207120000717   299  162
00207120000718   299  133
00207120000719   308  133
00207120000720   308  141
00207120000721   306  142
00207120000722   306  137
00207120000723   306  148
00207120000724   311  149
00207120000725   312  153
00207120000726   229  130
00207120000727   217   96
00207120000728   222   98
00207120000729   239   72
00207120000730   261   88
00207120000731   277  117
00207120000801   288  132
00207120000802   274  149
00207120000803   288  117
00207120000804   271  130
00207120000805  -999   82
00207120000807   318 -999
00207120000808   282  172
00207120000809   299  129
00207120000810   312  148
00207120000811   315  174
00207120000812   308  175
00207120000813   308  188
00207120000814  -999  165
00207120000817   297 -999
00207120000818  -999  168
00207120000821   322 -999
00207120000822   286  181
00207120000823  -999  120
00207120000825   310 -999
00207120000826   315  124
00207120000827   329  126
00207120000828  -999  143
00207120000831   340 -999
00207120000901  -999  178
00207120000904   358 -999
00207120000905   372  176
00207120000906   362  191
00207120000907   334  196
00207120000908   332  166
00207120000909   339  187
00207120000910   332  206
00207120000911   318  188
00207120000912   310  155
00207120000913   315  151
00207120000914   329  157
00207120000915   341  148
00207120000916   354  171
00207120000917   351  187
00207120000918   338  184
00207120000919   332  176
00207120000920   340  186
00207120000921   351  197
00207120000922   360  183
00207120000923   372  202
00207120000924   359  212
00207120000925   362  206
00207120000926   371  205
00207120000927   370  217
00207120000928   377  233
00207120000929   387  224
00207120000930   396  233
00207120001001   394  231
00207120001002   387  237
00207120001003   365  222
00207120001004   366  236
00207120001005   382  219
00207120001006   381  200
00207120001007   374  235
00207120001008   299  222
00207120001009  -999  236
00207120001012   369 -999
00207120001013   367  228
00207120001014  -999  220
00207120001015   357  238
00207120001016   325  245
00207120001017   340  208
00207120001018   309  210
00207120001019   223  180
00207120001020   217  158
00207120001021   269  136
00207120001022   317  162
00207120001023   337  175
00207120001024   348  214
00207120001025   346  222
00207120001026   367  238
00207120001027   375  251
00207120001028   378  245
00207120001029   348  238
00207120001030   347  253
00207120001031   372  242
00207120001101   373  243
00207120001102   377  244
00207120001103   379  232
00207120001104   388 -999
00207120001105   379  250
00207120001106   377  256
00207120001107   377  257
00207120001108   361  237
00207120001109   364  243
00207120001110   369  210
00207120001111   387  240
00207120001112   378  251
00207120001113   368  246
00207120001114   372  256
00207120001115   371  241
00207120001116   374  226
00207120001117   380  242
00207120001118   358  253
00207120001119   377  243
00207120001120   377  235
00207120001121   367  246
00207120001122   382  272
00207120001123   350  243
00207120001124   378  239
00207120001125   405  272
00207120001126   405  293
00207120001127   403  268
00207120001128   404  278
00207120001129   409  261
00207120001130   383  261
00207120001201   354  220
00207120001202   374  237
00207120001203   392  252
00207120001204   332  250
00207120001205   308  215
00207120001206   332  223
00207120001207   345  226
00207120001208   318  241
00207120001209   322  232
00207120001210   322  235
00207120001211   302  229
00207120001212   285  223
00207120001213   307  217
00207120001214   311  204
00207120001215   353  228
00207120001216   366  255
00207120001217   380  263
00207120001218   378  265
00207120001219   361  236
00207120001220   361  243
00207120001221   364  262
00207120001222   361  257
00207120001223   374  276
00207120001224   362  219
00207120001225   361  254
00207120001226   380  238
00207120001227   377  239
00207120001228   382  230
00207120001229   378  238
00207120001230   387  228
00207120001231   390  242
00207120010101   389  234
00207120010102   393  248
00207120010103   399  270
00207120010104   382  254
00207120010105   385  268
00207120010106   390  257
00207120010107   386  245
00207120010108   387  243
00207120010109   394  254
00207120010110   371  253
00207120010111   337  237
00207120010112   348  232
00207120010113   382  256
00207120010114   328  226
00207120010115   332  215
00207120010116   323  224
00207120010117   319  217
00207120010118   373  242
00207120010119   399  249
00207120010120   399  240
00207120010121   388  284
00207120010122   389  266
00207120010123   384  261
00207120010124   328  219
00207120010125   370  250
00207120010126   361  270
00207120010127   299  220
00207120010128   328  245
00207120010129   338  247
00207120010130   357  249
00207120010131   329  244
00207120010201   346  258
00207120010202   372  258
00207120010203   376  228
00207120010204   365  241
00207120010205   349  243
00207120010206   343  257
00207120010207   321  212
00207120010208   323  230
00207120010209   362  252
00207120010210   372  245
00207120010211   374  251
00207120010212   369  265
00207120010213   269  228
00207120010214   295  228
00207120010215   303  232
00207120010216   312  241
00207120010217   314  225
00207120010218   289  244
00207120010219   258  221
00207120010220   282  235
00207120010221   314  228
00207120010222   339  223
00207120010223   357  242
00207120010224   352  241
00207120010225   368  252
00207120010226   362  248
00207120010227   379  258
00207120010228   352  218
