04422120031113   370 -999
04422120031114   355  192
04422120031115  -999  233
04422120031116   370 -999
04422120031117   403  216
04422120031118   408  251
04422120031119   421  285
04422120031120   419  269
04422120031121   369  268
04422120031122   315  210
04422120031123   281  161
04422120031124   260  193
04422120031125   293  127
04422120031126   305  169
04422120031127   325  197
04422120031128   330  193
04422120031129   329  211
04422120031130   332  213
04422120031201   341  222
04422120031202   308  239
04422120031203   339  191
04422120031204   311  225
04422120031205   313  204
04422120031206   300  200
04422120031207   301  168
04422120031208   343  168
04422120031209   372  204
04422120031210   385  214
04422120031211   377  262
04422120031212   332  202
04422120031213   373  227
04422120031214   378  234
04422120031215   369  224
04422120031216   359  245
04422120031217   355  245
04422120031218   346  231
04422120031219   364  218
04422120031220   381  250
04422120031221   399  260
04422120031222   415  265
04422120031223   421  264
04422120031224   432  295
04422120031225   410  309
04422120031226   419  272
04422120031227   346  288
04422120031228   378  256
04422120031229   382  253
04422120031230   376  257
04422120031231   391  222
04422120040101   397  236
04422120040102   413  256
04422120040103   418  251
04422120040104   413  270
04422120040105   421  272
04422120040106   409  273
04422120040107   418  306
04422120040108   375  274
04422120040109   390  202
04422120040110   371  265
04422120040111   347  236
04422120040112   315  253
04422120040113   278  227
04422120040114   262  225
04422120040115   253  224
04422120040116   315  227
04422120040117   350  213
04422120040118   334  211
04422120040119   348  216
04422120040120   320  227
04422120040121   342  194
04422120040122   356  217
04422120040123   358  250
04422120040124   360  232
04422120040125   377  223
04422120040126   371  207
04422120040127   374  190
04422120040128   371  223
04422120040129   357  225
04422120040130   344  210
04422120040131   329  256
04422120040201   329  265
04422120040202   246  222
04422120040203   271  154
04422120040204   314  153
04422120040205   325  183
04422120040206   331  211
04422120040207   341  192
04422120040208   352  209
04422120040209   359  223
04422120040210   367  239
04422120040211   372  267
04422120040212   375  261
04422120040213   374  263
04422120040214   383  252
04422120040215   404  265
04422120040216   409  295
04422120040217   389  288
04422120040218   366  237
04422120040219   380  243
04422120040220   392  259
04422120040221   396  267
04422120040222   371  271
04422120040223   378  251
04422120040224   361  237
04422120040225   314  237
04422120040226   300  173
04422120040227   314  184
04422120040228   331  165
04422120040229   346  170
04422120040301   353  192
04422120040302   340  216
04422120040303   318  213
04422120040304   318  203
04422120040305   304  175
04422120040306   227  180
04422120040307   339  177
04422120040308   372  199
04422120040309   382  236
04422120040310   367  228
04422120040311   358  218
04422120040312   344  229
04422120040313   331  235
04422120040314   330  227
04422120040315   325  231
04422120040316   339  221
04422120040317   342  222
04422120040318   339  227
04422120040319   333  193
04422120040320   323  214
04422120040321   303  179
04422120040322   311  179
04422120040323   295  172
04422120040324   296  165
04422120040325   315  167
04422120040326   317  140
04422120040327   332  157
04422120040328   321  161
04422120040329   324  181
04422120040330   342  169
04422120040331   343  179
04422120040401   349  177
04422120040402   344  191
04422120040403   337  191
04422120040404   329  216
04422120040405   325  215
04422120040406   316  208
04422120040407   310  178
04422120040408   313  155
04422120040409   310  155
04422120040410   318  130
04422120040411   313  145
04422120040412   319  124
04422120040413   324  146
04422120040414   330  153
04422120040415   318  168
04422120040416   317  161
04422120040417   322  155
04422120040418   304  168
04422120040419   304  117
04422120040420   315  124
04422120040421   310  125
04422120040422   316  143
04422120040423   322  203
04422120040424   278  176
04422120040425   295  134
04422120040426   258  186
04422120040427   253  178
04422120040428   195  145
04422120040429   165  146
04422120040430   214   97
04422120040501   225   78
04422120040502   202   85
04422120040503   207   50
04422120040504   251   51
04422120040505   271   90
04422120040506   274  114
04422120040507   245  160
04422120040508   266  162
04422120040509   253  124
04422120040510   239  109
04422120040511   219   64
04422120040512   209   25
04422120040513   236   42
04422120040514   241   68
04422120040515   255   60
04422120040516   246   65
04422120040517   269   45
04422120040518   286   99
04422120040519   233  157
04422120040520   209   49
04422120040521   244   51
04422120040522   253  103
04422120040523   256  136
04422120040524   264  175
04422120040525   198  178
04422120040526   197  173
04422120040527   174  120
04422120040528   165   28
04422120040529   174   29
04422120040530   182   49
04422120040531   207   -5
04422120040601   244   51
04422120040602   250  147
04422120040603   264  164
04422120040604   192  146
04422120040605   199   47
04422120040606   240   79
04422120040607   250  129
04422120040608   245  109
04422120040609   253  115
04422120040610   264   81
04422120040611   213   80
04422120040612   230   59
04422120040613  -999   45
04422120040614   257 -999
04422120040615   209   61
04422120040616   162   35
04422120040617   150   35
04422120040618   181   -3
04422120040619   207    3
04422120040620   148   53
04422120040621   165  -17
04422120040622   191    0
04422120040623   220   -4
04422120040624   232   18
04422120040625   212    8
04422120040626   177    7
04422120040627   166   -6
04422120040628   205  -29
04422120040629   222   -8
04422120040630   245  -12
04422120040701   237    8
04422120040702   241   24
04422120040703   267   82
04422120040704   255  153
04422120040705   222   97
04422120040706   193   32
04422120040707   170   16
04422120040708   171  -12
04422120040709   188    8
04422120040710   228   74
04422120040711   233   77
04422120040712   233   62
04422120040713   199   53
04422120040714   172   15
04422120040715   181  -21
04422120040716   215  -11
04422120040717   169   11
04422120040718   128  -21
04422120040719   146  -50
04422120040720   169  -14
04422120040721   194   13
04422120040722   212   19
04422120040723   230   46
04422120040724   221   91
04422120040725   257   80
04422120040726   276  132
04422120040727   173   85
04422120040728   170   18
04422120040729   187    3
04422120040730   192   13
04422120040731   215   14
04422120040801   260   43
04422120040802   224  106
04422120040803   207   63
04422120040804   196   11
04422120040805   195   31
04422120040806   186    0
04422120040807   198   -1
04422120040808   194    7
04422120040809   195    0
04422120040810   194    6
04422120040811   190    4
04422120040812   210  -12
04422120040813   251   29
04422120040814   227   56
04422120040815   181   32
04422120040816   213  -12
04422120040817   245   17
04422120040818   181   11
04422120040819   186   -7
04422120040820   204    1
04422120040821   237    8
04422120040822   259   23
04422120040823   258   23
04422120040824   269   29
04422120040825   274   53
04422120040826   273  139
04422120040827   292  111
04422120040828   277  145
04422120040829   301  129
04422120040830   284  167
04422120040831   170   94
04422120040901   185   57
04422120040902   202   40
04422120040903   221   60
04422120040904   223   63
04422120040905   237   67
04422120040906   276  102
04422120040907   287  158
04422120040908   169  156
04422120040909   192   95
04422120040910   220   53
04422120040911   244   64
04422120040912   171   91
04422120040913   173   16
04422120040914   205   27
04422120040915   239   51
04422120040916   258   65
04422120040917   267   71
04422120040918   292   80
04422120040919   286  117
04422120040920   284  116
04422120040921   279   96
04422120040922   280  102
04422120040923   313  134
04422120040924   281  105
04422120040925   298  104
04422120040926   318  112
04422120040927   350  132
04422120040928   347  159
04422120040929   342  201
04422120040930   311  172
04422120041001   301  203
04422120041002   259   98
04422120041003   276   83
04422120041004   304  104
04422120041005   306  179
04422120041006   313  123
04422120041007   339  133
04422120041008   303  174
04422120041009   272   80
04422120041010   297   84
04422120041011   317  140
04422120041012   333  164
04422120041013   335  163
04422120041014   347  153
04422120041015   334  148
04422120041016   301  152
04422120041017   334  107
04422120041018   289  129
04422120041019   269  125
04422120041020   271  113
04422120041021   300  114
04422120041022   355  139
04422120041023   385  210
04422120041024   377  226
04422120041025   372  158
04422120041026   405  174
04422120041027   379  213
04422120041028   277  167
04422120041029   297   93
04422120041030   302  133
04422120041031   315  180
04422120041101   292  197
04422120041102   350  181
04422120041103   329  182
04422120041104   335  202
04422120041105   273  168
04422120041106   269  135
04422120041107   293  135
04422120041108   311  138
04422120041109   311  152
04422120041110   344  143
04422120041111   384  197
04422120041112   347  154
04422120041113   378  150
04422120041114   310  151
04422120041115   337  133
04422120041116   358  157
04422120041117   341  233
04422120041118   340  209
04422120041119   352  215
04422120041120   335  220
04422120041121   297  201
04422120041122   262  148
04422120041123   300  158
04422120041124   306  149
04422120041125   317  139
04422120041126   318  168
04422120041127   336  175
04422120041128   356  157
04422120041129  -999  196
04422120041130   392 -999
04422120041201   400  229
04422120041202   349  243
04422120041203   355  175
04422120041204   348  177
04422120041205   305  194
04422120041206   320  217
04422120041207   375  207
04422120041208   354  207
04422120041209   309  218
04422120041210   270  183
04422120041211   303  194
04422120041212   369  206
04422120041213   381  220
04422120041214   363  187
04422120041215   340  198
04422120041216   351  232
04422120041217   339  211
04422120041218   344  235
04422120041219   348  212
04422120041220   379  236
04422120041221   383  198
04422120041222   381  227
04422120041223   363  224
04422120041224   374  260
04422120041225   331  250
04422120041226   357  226
04422120041227   352  215
04422120041228   305  202
04422120041229   299  112
04422120041230   335  147
04422120041231   357  190
04422120050101   366  229
04422120050102   374  244
04422120050103   396  253
04422120050104   364  289
04422120050105   326  223
04422120050106   317  237
04422120050107   344  218
04422120050108   341  177
04422120050109   364  145
04422120050110   356  232
04422120050111   346  218
04422120050112   366  188
04422120050113   387  186
04422120050114   396  187
04422120050115   396  224
04422120050116   418  246
04422120050117   353  246
04422120050118   374  168
04422120050119   398  225
04422120050120   392  262
04422120050121   416  281
04422120050122   403  266
04422120050123   381  217
04422120050124   346  238
04422120050125   332  220
04422120050126   287  203
04422120050127   346  187
04422120050128   372  192
04422120050129   407  228
04422120050130   426  253
04422120050131   419  300
04422120050201   417  256
04422120050202   373  273
04422120050203   286  119
04422120050204   308  113
04422120050205   349  144
04422120050206   378  183
04422120050207   403  183
04422120050208   411  217
04422120050209   296  221
04422120050210   339  217
04422120050211   354  153
04422120050212   361  205
04422120050213   369  177
04422120050214   361  227
04422120050215   358  231
04422120050216   394  189
04422120050217   402  243
04422120050218   393  272
04422120050219   397  283
04422120050220   376  228
04422120050221   389  218
04422120050222   391  249
04422120050223   378  243
04422120050224   383  218
04422120050225   386  238
04422120050226   392  224
04422120050227   395  227
04422120050228   383  233
04422120050301   379  261
04422120050302   386  226
04422120050303   376  217
04422120050304   378  243
04422120050305   378  244
04422120050306   326  213
04422120050307   348  191
04422120050308   352  158
04422120050309   349  177
04422120050310   355  187
04422120050311   356  183
04422120050312   346  223
04422120050313   347  213
04422120050314   341  225
04422120050315   347  183
04422120050316   361  231
04422120050317   320  245
04422120050318   312  174
04422120050319   334  182
04422120050320   349  175
04422120050321   320  180
04422120050322   318  131
04422120050323   292  141
04422120050324   310  126
04422120050325   307  122
04422120050326   301  113
04422120050327   323  100
04422120050328   339  111
04422120050329   348  139
04422120050330   328  194
04422120050331   268  190
04422120050401   303  181
04422120050402   310  148
04422120050403   317  169
04422120050404   346  165
04422120050405   319  205
04422120050406   317  205
04422120050407   316  183
04422120050408   336  219
04422120050409   320  225
04422120050410   322  216
04422120050411   333  182
04422120050412   325  159
04422120050413   307  171
04422120050414   307  159
04422120050415   312  144
04422120050416   317  153
04422120050417   323  161
04422120050418   339  171
04422120050419   339  155
04422120050420   329  187
04422120050421   316  140
04422120050422   295  149
04422120050423   296  157
04422120050424   302  136
04422120050425   307  124
04422120050426   304  129
04422120050427   297  134
04422120050428   295  132
04422120050429   299  152
04422120050430   303  135
04422120050501   272  144
04422120050502   261   74
04422120050503   275  116
04422120050504   276   82
04422120050505   278   99
04422120050506   264  119
04422120050507   281   97
04422120050508   279  124
04422120050509   259  137
04422120050510   240  147
04422120050511   181  164
04422120050512   185  138
04422120050513   206  124
04422120050514   235   94
04422120050515   235   92
04422120050516   226   83
04422120050517   219   78
04422120050518   219   73
04422120050519   216   76
04422120050520   208   54
04422120050521   219   41
04422120050522   234   54
04422120050523   241   56
04422120050524   245   69
04422120050525   254   68
04422120050526   219   70
04422120050527   202   20
04422120050528   190   17
04422120050529   191   33
04422120050530   212   16
04422120050531   224   32
04422120050601   210   28
04422120050602   239   27
04422120050603   241   61
04422120050604   239   68
04422120050605   247  100
04422120050606   248  109
04422120050607   239   82
04422120050608   243   87
04422120050609   257  113
04422120050610   255  155
04422120050611   245  169
04422120050612   233  154
04422120050613   177  159
04422120050614   181  152
04422120050615   168   68
04422120050616   169   41
04422120050617   175   35
04422120050618   155   77
04422120050619   166  111
04422120050620   170  141
04422120050621   173   87
04422120050622   163   66
04422120050623   145   52
04422120050624   157   15
04422120050625   176   37
04422120050626   186   32
04422120050627   187   45
04422120050628   155   93
04422120050629   155   70
04422120050630   165   50
04422120050701   192   41
04422120050702   196   51
04422120050703   169   34
04422120050704   205   22
04422120050705   228   65
04422120050706   231   87
04422120050707   229   97
04422120050708   227  131
04422120050709   171  124
04422120050710   151   28
04422120050711   171    7
04422120050712   160   56
04422120050713   219   96
04422120050714   210   63
04422120050715   188   61
04422120050716   171   21
04422120050717   181   12
04422120050718   157   46
04422120050719   199   12
04422120050720   204  108
04422120050721   207   76
04422120050722   209   67
04422120050723   218   79
04422120050724   229  114
04422120050725   222   48
04422120050726   225   41
04422120050727   216   39
04422120050728   224   37
04422120050729   235   37
04422120050730   238   59
04422120050731   234   79
04422120050801   230  121
04422120050802   246  155
04422120050803   227  126
04422120050804   180  152
04422120050805   149   53
04422120050806   172    1
04422120050807   195   16
04422120050808   204   29
04422120050809   208   10
04422120050810   219   41
04422120050811   192   36
04422120050812   154   52
04422120050813   159   -7
04422120050814   206   -8
04422120050815   225   59
04422120050816   232   70
04422120050817   242   70
04422120050818   231   73
04422120050819   236   82
04422120050820   207  122
04422120050821   215   55
04422120050822   207   52
04422120050823   199   36
04422120050824   203   21
04422120050825   244   29
04422120050826   241   51
04422120050827   248   49
04422120050828   234  100
04422120050829   241   90
04422120050830   256  140
04422120050831   287  160
04422120050901   299  135
04422120050902   302  166
04422120050903   302  134
04422120050904   290  138
04422120050905   229  143
04422120050906   243   79
04422120050907   291   89
04422120050908   289  144
04422120050909   289  152
04422120050910   262  188
04422120050911   221  127
04422120050912   201   67
04422120050913   224   50
04422120050914   254  122
04422120050915   272   80
04422120050916   233  154
04422120050917   195   53
04422120050918   237   30
04422120050919   270   50
04422120050920   277   73
04422120050921   284  121
04422120050922   314  127
04422120050923   318  159
04422120050924   326  184
04422120050925   328  164
04422120050926  -999  208
04422120050927   317 -999
04422120050928   352  173
04422120050929   276  223
04422120050930   342  171
04422120051001   344  160
04422120051002   365  145
04422120051003   372  158
04422120051004   331  223
04422120051005   359  171
04422120051006   367  182
04422120051007   372  195
04422120051008   319  250
04422120051009   262   95
04422120051010   291   80
04422120051011   274   86
04422120051012   344  105
04422120051013   355  209
04422120051014   288  152
04422120051015   252  194
04422120051016   247  164
04422120051017   262  139
04422120051018   290  159
04422120051019   292  200
04422120051020   282  209
04422120051021   303  166
04422120051022   309  128
04422120051023   335  127
04422120051024   335  162
04422120051025   327  165
04422120051026   335  160
04422120051027   367  195
04422120051028   349  188
04422120051029   354  213
04422120051030   325  235
04422120051031   341  213
04422120051101   336  198
04422120051102   334  224
04422120051103   330  221
04422120051104   326  215
04422120051105   329  233
04422120051106   364  204
04422120051107   315 -999
04422120051108   380  228
04422120051109   399  228
04422120051110   311  254
04422120051111   307  150
04422120051112   320  112
04422120051113   338  144
04422120051114   345  205
04422120051115   338  219
04422120051116   321  180
04422120051117   324  163
04422120051118   351  169
04422120051119   383  211
04422120051120   369  219
04422120051121   372  207
04422120051122   324  214
04422120051123   328  191
04422120051124   348  199
04422120051125   359  197
04422120051126   389  201
04422120051127   313  235
04422120051128   293  133
04422120051129   318  114
04422120051130   359  136
04422120051201  -999  242
04422120051202   338 -999
04422120051203   324  127
04422120051204   363  127
04422120051205   399  167
04422120051206   423  271
04422120051207   394  277
04422120051208   366  249
04422120051209   378  184
04422120051210   378  166
04422120051211   407  208
04422120051212   417  248
04422120051213   369  296
04422120051214   365  223
04422120051215   414  191
04422120051216   327  259
04422120051217   357  241
04422120051218   322  201
04422120051219   340  128
04422120051220   372  148
04422120051221   393  169
04422120051222   401  253
04422120051223   401  245
04422120051224   416  254
04422120051225   404  253
04422120051226   402  210
04422120051227   410  241
04422120051228  -999  231
04422120051229   348 -999
04422120051230   411  246
04422120051231   404  278
04422120060101   387  260
04422120060102   415  251
04422120060103   419  281
04422120060104   416  310
04422120060105   419  289
04422120060106   422  216
04422120060107   404  251
04422120060108   372  255
04422120060109   377  263
04422120060110   355  266
04422120060111   359  246
04422120060112   385  261
04422120060113   384  259
04422120060114   360  240
04422120060115   378  254
04422120060116   370  270
04422120060117   376  269
04422120060118   353  277
04422120060119   365  247
04422120060120   330  236
04422120060121   362  235
04422120060122   358  255
04422120060123   369  244
04422120060124   392  265
04422120060125   392  271
04422120060126   348  256
04422120060127   358  263
04422120060128   376  267
04422120060129   370  256
04422120060130   388  260
04422120060131   406  227
04422120060201   410  266
04422120060202   430  292
04422120060203   431  300
04422120060204   426  283
04422120060205   428  304
04422120060206   433  291
04422120060207   391  225
04422120060208   378  264
04422120060209   365  229
04422120060210   376  264
04422120060211   390  220
04422120060212   359  210
04422120060213  -999  262
04422120060214   394 -999
04422120060215   368  252
04422120060216   320  226
04422120060217   364  218
04422120060218   387  236
04422120060219   391  255
04422120060220   394  251
04422120060221   371  255
04422120060222   359  256
04422120060223   346  254
04422120060224   342  242
04422120060225   349  234
04422120060226   337  261
04422120060227   340  190
04422120060228   311  208
