00720419981211   359  202
00720419981212   364  234
00720419981213   354  228
00720419981214  -999  246
00720419981215   386  240
00720419981216   366  267
00720419981217   373  252
00720419981218   371  267
00720419981219   328  188
00720419981220   321  210
00720419981221   334  198
00720419981222   368  201
00720419981223   354  247
00720419981224   348  196
00720419981225   359  215
00720419981226   382  246
00720419981227   375  238
00720419981228   393  264
00720419981229   371  254
00720419981230   383  241
00720419981231   396  275
00720419990101   393  257
00720419990102   405  259
00720419990103   423  268
00720419990104   384  284
00720419990105   337  211
00720419990106   331  154
00720419990107   391  181
00720419990108   404  261
00720419990109   397  267
00720419990110   381  225
00720419990111   388  252
00720419990112   378  240
00720419990113   407  276
00720419990114   400  259
00720419990115   420  274
00720419990116   400  279
00720419990117   421  289
00720419990118   388  290
00720419990119   397  247
00720419990120   413  263
00720419990121   404  249
00720419990122   429  274
00720419990123   413  280
00720419990124   395  231
00720419990125   414  244
00720419990126   419  283
00720419990127   430  270
00720419990128   432  262
00720419990129   414  258
00720419990130   403  259
00720419990131   392  252
00720419990201   336  192
00720419990202   376  199
00720419990203   408  217
00720419990204   381  273
00720419990205   348  240
00720419990206   359  252
00720419990207   330  242
00720419990208   328  251
00720419990209  -999  221
00720419990210   323  165
00720419990211   317  204
00720419990212   316  235
00720419990213   284  217
00720419990214   301  214
00720419990215   295  225
00720419990216   332  187
00720419990217   354  207
00720419990218   368  230
00720419990219   368  242
00720419990220   362  219
00720419990221   349  228
00720419990222   349  223
00720419990223   330  220
00720419990224   326  239
00720419990225   317  242
00720419990226   307  204
00720419990227   349  214
00720419990228   367  221
00720419990301   379  215
00720419990302   385  213
00720419990303   391  235
00720419990304   404  234
00720419990305   404  228
00720419990306   390  241
00720419990307   402  245
00720419990308   364  265
00720419990309   358  205
00720419990310   382  229
00720419990311   318  229
00720419990312   380  243
00720419990313   360  223
00720419990314   380  226
00720419990315   384  233
00720419990316   354  210
00720419990317   377  198
00720419990318   387  276
00720419990319   375  241
00720419990320   362  216
00720419990321   337  238
00720419990322   224  205
00720419990323   275  202
00720419990324   280  215
00720419990325   261  187
00720419990326   275  170
00720419990327   282  185
00720419990328   231  158
00720419990329   218  167
00720419990330   235  131
00720419990331   226  142
00720419990401   229  134
00720419990402   248  123
00720419990403   280  150
00720419990404   302  163
00720419990405   306  174
00720419990406   259  178
00720419990407   282  160
00720419990408   217  156
00720419990409   216  170
00720419990410   260  173
00720419990411   263  185
00720419990412   307  171
00720419990413   305  191
00720419990414   306  209
00720419990415   288  216
00720419990416   232  169
00720419990417   301  154
00720419990418   306  149
00720419990419   303  152
00720419990420   303  174
00720419990421   289  174
00720419990422   280  166
00720419990423   288  129
00720419990424   276  126
00720419990425   275  142
00720419990426   258  129
00720419990427   253  137
00720419990428   237  117
00720419990429   242  102
00720419990430   251  105
00720419990501   266  116
00720419990502   280  116
00720419990503   282  117
00720419990504   268  122
00720419990505   290  125
00720419990506   301  145
00720419990507   247  173
00720419990508   277  170
00720419990509   273  160
00720419990510   281  143
00720419990511   282  147
00720419990512   260  173
00720419990513   284  173
00720419990514   231  167
00720419990515   268  167
00720419990516   275  165
00720419990517   282  138
00720419990518   292  153
00720419990519   207  170
00720419990520   199  154
00720419990521   218  154
00720419990522   204  113
00720419990523   204  104
00720419990524   229  106
00720419990525   218  112
00720419990526   264  157
00720419990527   281  148
00720419990528   222  153
00720419990529   196  131
00720419990530   185   82
00720419990531   170   88
00720419990601   211   67
00720419990602   241   92
00720419990603   207  134
00720419990604   155  104
00720419990605   161   42
00720419990606   170   48
00720419990607   187   38
00720419990608   210   63
00720419990609   213   64
00720419990610   219   98
00720419990611   213  121
00720419990612   166   66
00720419990613   197   58
00720419990614   217   77
00720419990615   213   70
00720419990616   213   72
00720419990617   233   70
00720419990618   209   82
00720419990619   184   56
00720419990620   197   56
00720419990621   211   76
00720419990622   237   90
00720419990623   234   99
00720419990624   240  116
00720419990625   216   62
00720419990626   218   54
00720419990627   227   57
00720419990628   230   64
00720419990629   171   78
00720419990630  -999   41
00720419990701   179   45
00720419990702   190   55
00720419990703   210   52
00720419990704   215   42
00720419990705   235   56
00720419990706   178   92
00720419990707   160   35
00720419990708   157   24
00720419990709   184   25
00720419990710   205   62
00720419990711   227   95
00720419990712   234   92
00720419990713   237  118
00720419990714   197   81
00720419990715   195   53
00720419990716   204   49
00720419990717   185   80
00720419990718   178   51
00720419990719   197   36
00720419990720   218   70
00720419990721   181   80
00720419990722   196   71
00720419990723   232   60
00720419990724   235   96
00720419990725   223   74
00720419990726   231   67
00720419990727   238   96
00720419990728   224   75
00720419990729   168   84
00720419990730   189   64
00720419990731   222   81
00720419990801   246   81
00720419990802   237  117
00720419990803   205   87
00720419990804   198   80
00720419990805   194   65
00720419990806   234  125
00720419990807   172   82
00720419990808   194   19
00720419990809   224   54
00720419990810   238   64
00720419990811   182  115
00720419990812   180   57
00720419990813   199   47
00720419990814   217   63
00720419990815   237  101
00720419990816   270  112
00720419990817   279   95
00720419990818   244  109
00720419990819   190   86
00720419990820   189   68
00720419990821   202   61
00720419990822   227   54
00720419990823   267   94
00720419990824   231  123
00720419990825   194   95
00720419990826   232   82
00720419990827   274   93
00720419990828   292  119
00720419990829   259  122
00720419990830   222  114
00720419990831   283  116
00720419990901   300  152
00720419990902   273  120
00720419990903   219 -999
00720419990904   176   43
00720419990905   197   45
00720419990906   225   75
00720419990907   243  127
00720419990908   247   71
00720419990909   283  123
00720419990910   246   97
00720419990911   231  118
00720419990912   270   95
00720419990913   303  118
00720419990914   231  126
00720419990915   186  107
00720419990916   190   57
00720419990917   224   56
00720419990918   280  121
00720419990919   320  134
00720419990920   318  152
00720419990921   323  173
00720419990922   278  140
00720419990923   285  131
00720419990924   322  158
00720419990925   323  197
00720419990926   324  173
00720419990927   259  147
00720419990928   233   74
00720419990929   284   92
00720419990930   311   94
00720419991001   285  134
00720419991002   315  146
00720419991003   336  137
00720419991004   346  143
00720419991005   345  141
00720419991006   302  149
00720419991007  -999  122
00720419991008   213  106
00720419991009   239   95
00720419991010   281  120
00720419991011   309  161
00720419991012   284  155
00720419991013   300  107
00720419991014   240  142
00720419991015   300   97
00720419991016   293  157
00720419991017   303  146
00720419991018   322  175
00720419991019   325  168
00720419991020   321  183
00720419991021   340  168
00720419991022   356  205
00720419991023   331  193
00720419991024   293  180
00720419991025   296  148
00720419991026   299  157
00720419991027   292  186
00720419991028   297  172
00720419991029   325  133
00720419991030   345  158
00720419991031   343  193
00720419991101   359  200
00720419991102   344  189
00720419991103   302  163
00720419991104   303  143
00720419991105   295  187
00720419991106   323  176
00720419991107   239  160
00720419991108   258  124
00720419991109   285  121
00720419991110   301  144
00720419991111   321  149
00720419991112   349  178
00720419991113   367  216
00720419991114   297  217
00720419991115   315  181
00720419991116   288  153
00720419991117   306  167
00720419991118   309  178
00720419991119   317  162
00720419991120   332  181
00720419991121   335  191
00720419991122   272  196
00720419991123   318  131
00720419991124   350  205
00720419991125   376 -999
00720419991126   382  237
00720419991127   326 -999
00720419991128   350  171
00720419991129   363  191
00720419991130   402  244
00720419991201   329  200
00720419991202   309  152
00720419991203   375  184
00720419991204   399  224
00720419991205   405  257
00720419991206   402  257
00720419991207   388  243
00720419991208   363  211
00720419991209   353  219
00720419991210   344  197
00720419991211   370  233
00720419991212   356  218
00720419991213   365  200
00720419991214   363  237
00720419991215   287  204
00720419991216   261  177
00720419991217   286  150
00720419991218   304  185
00720419991219   327  195
00720419991220   368  209
00720419991221   383  241
00720419991222   380  254
00720419991223   395  265
00720419991224   368  230
00720419991225   361  204
00720419991226   375  247
00720419991227   387  257
00720419991228   367  243
00720419991229   380  241
00720419991230   366  214
00720419991231  -999  231
00720420000101   382  244
00720420000102   344  251
00720420000103   336  196
00720420000104   343  226
00720420000105   292  234
00720420000106   326  192
00720420000107   335  172
00720420000108   363  196
00720420000109   374  239
00720420000110   367  199
00720420000111   372  218
00720420000112   339  202
00720420000113   388  232
00720420000114   385  242
00720420000115   347  208
00720420000116   317  200
00720420000117   335  185
00720420000118   397  217
00720420000119   424  260
00720420000120   437  273
00720420000121   426  288
00720420000122   276  225
00720420000123   299  189
00720420000124   296  192
00720420000125   295  183
00720420000126   297  190
00720420000127   322  192
00720420000128   316  211
00720420000129   323  215
00720420000130   320  233
00720420000131   337  211
00720420000201   352  230
00720420000202   367  232
00720420000203   379  251
00720420000204   345  237
00720420000205   304  240
00720420000206   369  207
00720420000207   399  229
00720420000208   412  269
00720420000209   422  274
00720420000210   366  227
00720420000211   323  197
00720420000212   318  202
00720420000213   339  203
00720420000214   348  220
00720420000215   327  224
00720420000216   331  224
00720420000217   327  213
00720420000218   356  233
00720420000219   345 -999
00720420000220   314  218
00720420000221   356  198
00720420000222   320  214
00720420000223   360  206
00720420000224   364  231
00720420000225   328  233
00720420000226   294  202
00720420000227   308  210
00720420000228   308 -999
00720420000229   339  238
00720420000301   334  234
00720420000302   349  236
00720420000303   334  195
00720420000304   349  197
00720420000305   356  220
00720420000306   344  224
00720420000307   307 -999
00720420000308   299  216
00720420000309   301  231
00720420000310   259  218
00720420000311   263  212
00720420000312   280  194
00720420000313   286  190
00720420000314   303  185
00720420000315   328  185
00720420000316   355  205
00720420000317   269  188
00720420000318   263  190
00720420000319   296  208
00720420000320   339  216
00720420000321   345  226
00720420000322   295  214
00720420000323   259  164
00720420000324   280  181
00720420000325   275  192
00720420000326   250  196
00720420000327   284  193
00720420000328   237  175
00720420000329   235  177
00720420000330   270  166
00720420000331   281  171
00720420000401   292  167
00720420000402   303  172
00720420000403   300  191
00720420000404   237  168
00720420000405   192  137
00720420000406   255  117
00720420000407   293  157
00720420000408   286  144
00720420000409   269  169
00720420000410   288  167
00720420000411   308  186
00720420000412   321  207
00720420000413   272  180
00720420000414   271  145
00720420000415   261  154
00720420000416   271  151
00720420000417   282  160
00720420000418   298  183
00720420000419   225  172
00720420000420   206  161
00720420000421   205  162
00720420000422   243  147
00720420000423   245  121
00720420000424   246  116
00720420000425   253  119
00720420000426   268  151
00720420000427   264  148
00720420000428   225  110
00720420000429   185   92
00720420000430   206   55
00720420000501   226   85
00720420000502   232   87
00720420000503   237   98
00720420000504   230  103
00720420000505   227  101
00720420000506   218   70
00720420000507   237   69
00720420000508   244   69
00720420000509   260   93
00720420000510   261   97
00720420000511   230   87
00720420000512   178   49
00720420000513   192   53
00720420000514   202   66
00720420000515   208   71
00720420000516   206   59
00720420000517   212   73
00720420000518   217   74
00720420000519   213   79
00720420000520   208   78
00720420000521   204   76
00720420000522   226   72
00720420000523   222  118
00720420000524   231   91
00720420000525   227   79
00720420000526   206   89
00720420000527   166   75
00720420000528   162   68
00720420000529   204   72
00720420000530   210   85
00720420000531   212   67
00720420000601   227   66
00720420000602   222   59
00720420000603   218   54
00720420000604   199   81
00720420000605   198   87
00720420000606   205   58
00720420000607   189   52
00720420000608   196   60
00720420000609   207   42
00720420000610   223  106
00720420000611   240   98
00720420000612   235   51
00720420000613   229   44
00720420000614   221   74
00720420000615   229   54
00720420000616   216  102
00720420000617   235  116
00720420000618   248  108
00720420000619   184  140
00720420000620   177   31
00720420000621   197   40
00720420000622   216   62
00720420000623   237   85
00720420000624   244   91
00720420000625   185  130
00720420000626   169   85
00720420000627   175   27
00720420000628   184   50
00720420000629   179   45
00720420000630   217   41
00720420000701   213   86
00720420000702   189   64
00720420000703   215   35
00720420000704   228   71
00720420000705   193  124
00720420000706   176   80
00720420000707   188   49
00720420000708   165   57
00720420000709   183   40
00720420000710   215   45
00720420000711   188   80
00720420000712   212   61
00720420000713   169   77
00720420000714   179   55
00720420000715   198   38
00720420000716   198   45
00720420000717   146  105
00720420000718   212  119
00720420000719   188   64
00720420000720   208   50
00720420000721   231   45
00720420000722   189   44
00720420000723   197   55
00720420000724   194   49
00720420000725   186   45
00720420000726   176   29
00720420000727   206   52
00720420000728   191   76
00720420000729   193  107
00720420000730   222   59
00720420000731   230   56
00720420000801   242   65
00720420000802   233   58
00720420000803   176   43
00720420000804   219   43
00720420000805   244   49
00720420000806   166   80
00720420000807   175   38
00720420000808   176   26
00720420000809   171   32
00720420000810   165   29
00720420000811  -999   32
00720420000812   213   17
00720420000813   236   44
00720420000814   252   82
00720420000815   261  115
00720420000816   194  117
00720420000817   175   81
00720420000818   210   65
00720420000819   229   83
00720420000820   240   89
00720420000821   174   85
00720420000822   194   34
00720420000823   225   45
00720420000824   239   56
00720420000825   242   66
00720420000826   190  118
00720420000827   211   98
00720420000828   213   87
00720420000829   203   89
00720420000830   203   56
00720420000831   217   59
00720420000901   193   26
00720420000902   228   52
00720420000903   208  116
00720420000904   267  105
00720420000905   285   99
00720420000906   235  108
00720420000907   219   66
00720420000908   234   90
00720420000909   264   98
00720420000910   278   94
00720420000911   295  110
00720420000912   325  147
00720420000913   247  116
00720420000914   285   86
00720420000915   274  106
00720420000916   254  107
00720420000917   293  115
00720420000918   326  128
00720420000919   308  110
00720420000920   306  108
00720420000921   327  146
00720420000922   326  128
00720420000923   327  124
00720420000924   290  132
00720420000925   283  125
00720420000926   328  120
00720420000927   334  129
00720420000928   276  137
00720420000929   275  129
00720420000930   289  121
00720420001001   338  151
00720420001002   367  177
00720420001003   375  137
00720420001004   353  175
00720420001005   353  190
00720420001006   264  160
00720420001007   262  111
00720420001008   276  116
00720420001009   287  129
00720420001010   322  149
00720420001011   300  205
00720420001012   247  123
00720420001013   273  112
00720420001014   302  140
00720420001015   350  195
00720420001016   295  182
00720420001017   288  135
00720420001018   276  150
00720420001019   303  133
00720420001020   331  142
00720420001021   296  145
00720420001022   254  119
00720420001023   263  123
00720420001024   303  141
00720420001025   337  181
00720420001026   333  202
00720420001027   307  149
00720420001028   331  161
00720420001029   364  179
00720420001030   291  138
00720420001031   309  151
00720420001101   363  182
00720420001102  -999  159
00720420001103   311  157
00720420001104   337  149
00720420001105   351  196
00720420001106   347  190
00720420001107   313  167
00720420001108   270  126
00720420001109   298  132
00720420001110   343  171
00720420001111   373  189
00720420001112   250  158
00720420001113   292  142
00720420001114   332  162
00720420001115   363  219
00720420001116   366  225
00720420001117   330  205
00720420001118   347  197
00720420001119   313  195
00720420001120   278  180
00720420001121   306  156
00720420001122   356  195
00720420001123   376  201
00720420001124   367  209
00720420001125   384  206
00720420001126   385  220
00720420001127   312  160
00720420001128   327  164
00720420001129   351  189
00720420001130   375  208
00720420001201   404  244
00720420001202   373  234
00720420001203   380  230
00720420001204   406  263
00720420001205   428  239
00720420001206   422  248
00720420001207   402  266
00720420001208   412  263
00720420001209   419  260
00720420001210   420  285
00720420001211   420  297
00720420001212  -999  277
00720420001216   363  211
00720420001217   393  232
00720420001218  -999  258
00720420001229   395  186
00720420001230   363  194
00720420001231  -999  235
00720420010101   426  264
00720420010102   420  242
00720420010103   416  236
00720420010104  -999  250
00720420010105  -999  269
00720420010106   418  266
00720420010107   410  266
00720420010108   405  219
00720420010109  -999  231
00720420010110   426  273
00720420010111   440  282
00720420010112  -999  274
00720420010113  -999  279
00720420010114  -999  263
00720420010115   412  280
00720420010116   405  254
00720420010117   414  254
00720420010118  -999  240
00720420010119   370  235
00720420010120   352  230
00720420010121   355  230
00720420010122   379  233
00720420010123   386  242
00720420010124   360  198
00720420010125   345  181
00720420010126   372  208
00720420010127  -999  255
00720420010128  -999  215
00720420010129   404  230
00720420010130   407  289
00720420010131   356  225
00720420010201   284  178
00720420010202   319  173
00720420010203   329  200
00720420010204   342  186
00720420010205   388  186
00720420010206   394  273
00720420010207   386  242
00720420010208   395  261
00720420010209  -999  220
00720420010210   314  219
00720420010211   368  214
00720420010212   364  251
00720420010213   313  207
00720420010214   326  184
00720420010215   246  212
00720420010216   246  171
00720420010217   257  177
00720420010218   251  187
00720420010219   317  193
00720420010220   304  201
00720420010221   305  201
00720420010222   221  184
00720420010223   313  184
00720420010224   334  225
00720420010225   336  237
00720420010226   328  223
00720420010227   341  222
00720420010228   347  227
00720420010301   372  213
00720420010302   371  229
00720420010303   369  229
00720420010304   358  232
00720420010305   340  229
00720420010306   349  212
00720420010307   356  213
00720420010308   337  243
00720420010309   350  217
00720420010310   324  211
00720420010311   312  205
00720420010312  -999  171
00720420010313   287  154
00720420010314   338  159
00720420010315   281  178
00720420010316   309  159
00720420010317   371  182
00720420010318   369  231
00720420010319   363  247
00720420010320   291  202
00720420010321   293  163
00720420010322   313  145
00720420010323   273  156
00720420010324   236  122
00720420010325   253  117
00720420010326   283  115
00720420010327   303  148
00720420010328   318  153
00720420010329   316  159
00720420010330   330  155
00720420010331   335  169
00720420010401   327  189
00720420010402   309  193
00720420010403   339  188
00720420010404   329  166
00720420010405  -999  174
00720420010406  -999  172
00720420010407   277  174
00720420010408   292  149
00720420010409   317  182
00720420010410   336  197
00720420010411   323  193
00720420010412   314  188
00720420010413   336  164
00720420010414   344  157
00720420010415   347  176
00720420010416   349  173
00720420010417   344  160
00720420010418   333  176
00720420010419   327  195
00720420010420   314  167
00720420010421   240  159
00720420010422   255  183
00720420010423   291  188
00720420010424   215  164
00720420010425   227  158
00720420010426   242  128
00720420010427   259  145
00720420010428   272  139
00720420010429   284  163
00720420010430   284  164
00720420010501   272  162
00720420010502   265  119
00720420010503   271  132
00720420010504   289  152
00720420010505   294  152
00720420010506   300  166
00720420010507   281  172
00720420010508   256  140
00720420010509   285  150
00720420010510   262  160
00720420010511   253  132
00720420010512   234  129
00720420010513   191   89
00720420010514   203   95
00720420010515  -999   81
00720420010516  -999   87
00720420010517   225   86
00720420010518   206  109
00720420010519  -999  114
00720420010520  -999  124
00720420010521   257   98
00720420010522   269  142
00720420010523   239  149
00720420010524  -999  101
00720420010525  -999   99
00720420010526   227   74
00720420010527   247   82
00720420010528   252   95
00720420010529   267   90
00720420010530   219  121
00720420010531   223  134
00720420010601   214   98
00720420010602   246   97
00720420010603   253  126
00720420010604   210  122
00720420010605   144   40
00720420010606   148   28
00720420010607   158   21
00720420010608   181   43
00720420010609   179   98
00720420010610   187   19
00720420010611   205   34
00720420010612   185   49
00720420010613   196   61
00720420010614   231   81
00720420010615   253  105
00720420010616   270  122
00720420010617   250  134
00720420010618   257   93
00720420010619   245  101
00720420010620   226   90
00720420010621   224   83
00720420010622   228   62
00720420010623   219   44
00720420010624   230   52
00720420010625   229   59
00720420010626   220   62
00720420010627   233   70
00720420010628   246   69
00720420010629   265   86
00720420010630   273   92
00720420010701  -999  107
00720420010702   223   81
00720420010703   235   64
00720420010704  -999   82
00720420010705   214   56
00720420010706   241   91
00720420010707   240  114
00720420010708  -999  128
00720420010709   177   86
00720420010710   178   48
00720420010711   186 -999
00720420010712   192   72
00720420010713   206   49
00720420010714   204   79
00720420010715   186   57
00720420010716   187   63
00720420010717   173   34
00720420010718   190   47
00720420010719  -999   59
00720420010720   206   74
00720420010721   233   91
00720420010722   234   78
00720420010723   230   91
00720420010724   213   77
00720420010725   222   44
00720420010726   221   73
00720420010727   219   39
00720420010728   254  101
00720420010729   278  121
00720420010730   277  140
