00925019971115   260 -999
00925019971116   260  110
00925019971117   270  120
00925019971118   290  120
00925019971119   290  100
00925019971120   250  100
00925019971121   220  160
00925019971122   230  170
00925019971123   250  110
00925019971124   240  110
00925019971125   260  160
00925019971126   250  160
00925019971127   260  120
00925019971128   250  160
00925019971129   270  110
00925019971130   300  120
00925019971201   290  170
00925019971202   320  180
00925019971203   270  170
00925019971204   280  160
00925019971205   270  180
00925019971206   290  140
00925019971207   300  150
00925019971208   330  170
00925019971209   380  200
00925019971210   410  210
00925019971211   340  200
00925019971212   290  170
00925019971213   290  160
00925019971214   330  160
00925019971215   390  200
00925019971216   270  200
00925019971217   280  140
00925019971218   290  100
00925019971219   260  150
00925019971220   250  110
00925019971221   320  160
00925019971222   410  190
00925019971223   430  270
00925019971224   300  170
00925019971225   360  170
00925019971226   420  190
00925019971227   270  220
00925019971228   300  150
00925019971229   350  180
00925019971230   350  200
00925019971231   300  160
00925019980101   300  170
00925019980102   310 -999
00925019980103   330  170
00925019980104   370  180
00925019980105   390  200
00925019980106   420  260
00925019980107   440  270
00925019980108   310  230
00925019980109   340  200
00925019980110   370  210
00925019980111   320 -999
00925019980112   290  170
00925019980113   270  210
00925019980114   290  200
00925019980115   290  190
00925019980116   260  190
00925019980117   300  120
00925019980118   310  160
00925019980119   370  200
00925019980120   310  200
00925019980121   270 -999
00925019980122   260  130
00925019980123   290  140
00925019980124   360  180
00925019980125   410  210
00925019980126   410  210
00925019980127   380  200
00925019980128   370  190
00925019980129   370  150
00925019980130   320  180
00925019980131   300  150
00925019980201   270  150
00925019980202   300  140
00925019980203   330  150
00925019980204   300  160
00925019980205   310  160
00925019980206   310 -999
00925019980207   320  140
00925019980208   380  170
00925019980209   410  220
00925019980210   350  160
00925019980211   320  130
00925019980212   380  180
00925019980213   390  230
00925019980214   370 -999
00925019980215   340 -999
00925019980216   360  180
00925019980217   320  190
00925019980218   290  160
00925019980219   360  160
00925019980220   360  190
00925019980221   330  190
00925019980222   360 -999
00925019980223   310  170
00925019980224   290  200
00925019980225   280  160
00925019980226   290  160
00925019980227   330  170
00925019980228   410  210
00925019980301   400 -999
00925019980302   310  210
00925019980303   340  190
00925019980304   340 -999
00925019980305   390  210
00925019980306   410  268
00925019980307   360  220
00925019980308   330  260
00925019980309   260  230
00925019980310   240  190
00925019980311   240  170
00925019980312   250  130
00925019980313   280  150
00925019980314   320  170
00925019980315   330  170
00925019980316   360  200
00925019980317   380  190
00925019980318   390  160
00925019980319   330  170
00925019980320   300  220
00925019980321   240  150
00925019980322   250  140
00925019980323   270  130
00925019980324   310  150
00925019980325   340  180
00925019980326   350  180
00925019980327   340  170
00925019980328   330  170
00925019980329   350  170
00925019980330   350  200
00925019980331   340  190
00925019980401   340  180
00925019980402   350  190
00925019980403   360  180
00925019980404   340  150
00925019980405   290  170
00925019980406   270  130
00925019980407   210  190
00925019980408   220  170
00925019980409   290  170
00925019980410   260  180
00925019980411   240  120
00925019980412   240  130
00925019980413   260  150
00925019980414   270  170
00925019980415   240  200
00925019980416   210  160
00925019980417   240  170
00925019980418   250  140
00925019980419   250  120
00925019980420   230  130
00925019980421   260  130
00925019980422   240  110
00925019980423   230  130
00925019980424   250  140
00925019980425   280  150
00925019980426   270  180
00925019980427   270  120
00925019980428   250  120
00925019980429   240  150
00925019980430   240  110
00925019980501   250  100
00925019980502   270  140
00925019980503   320  170
00925019980504   310  190
00925019980505   260  150
00925019980506   280  130
00925019980507   300  170
00925019980508   320  220
00925019980509   240  190
00925019980510   230  140
00925019980511   220  130
00925019980512   220  120
00925019980513   230  100
00925019980514   230  110
00925019980515   230  130
00925019980516   270  130
00925019980517   300  110
00925019980518   200  150
00925019980519   230   90
00925019980520   240  130
00925019980521   230  150
00925019980522   200  110
00925019980523   250  100
00925019980524   260  110
00925019980525   290  150
00925019980526   200  170
00925019980527   220  110
00925019980528   200  150
00925019980529   200   90
00925019980530   210  100
00925019980531   250  130
00925019980601   240  120
00925019980602   210  150
00925019980603   220  130
00925019980604   190  130
00925019980605   190  120
00925019980606   200  110
00925019980607   260  110
00925019980608   200  140
00925019980609   220  110
00925019980610   170  130
00925019980611   160   90
00925019980612   190   90
00925019980613   190  100
00925019980614   190  100
00925019980615   210   80
00925019980616   200   90
00925019980617   160  130
00925019980618   180   80
00925019980619   190   90
00925019980620   170   70
00925019980621   170   60
00925019980622   190 -999
00925019980623   190   90
00925019980624  -999   50
00925019980625   170 -999
00925019980626   180   90
00925019980627   190   70
00925019980628   170   30
00925019980629   150   60
00925019980630   150   80
00925019980701   140  100
00925019980702  -999  110
00925019980703   200 -999
00925019980704   180  120
00925019980705   160   40
00925019980706   144   90
00925019980707   150   20
00925019980708   180   50
00925019980709   180   50
00925019980710   190   90
00925019980711   170  120
00925019980712   180   90
00925019980713   180  120
00925019980714   190   70
00925019980715   170   50
00925019980716   190   40
00925019980717   190   40
00925019980718   180   90
00925019980719   180  100
00925019980720   180   60
00925019980721   190   90
00925019980722   180   60
00925019980723   210   80
00925019980724   180  100
00925019980725   190   60
00925019980726   140   80
00925019980727   150   10
00925019980728   160   50
00925019980729   160   20
00925019980730   180   50
00925019980731   170  110
00925019980801   180   60
00925019980802   180   90
00925019980803   190  110
00925019980804   220   70
00925019980805   170  130
00925019980806  -999   90
00925019980807   210 -999
00925019980808   230  130
00925019980809   250  110
00925019980810   190  150
00925019980811   200  130
00925019980812   190  120
00925019980813  -999  130
00925019980826   270 -999
00925019980827  -999  110
00925019980831   200 -999
00925019980901  -999  140
00925019980904   160 -999
00925019980905   170   50
00925019980906  -999   90
00925019980908   230 -999
00925019980909   230   60
00925019980910   190   80
00925019980911   200   90
00925019980912   200   90
00925019980913   180   60
00925019980914   190   70
00925019980915   210   70
00925019980916   240  100
00925019980917   180  120
00925019980918  -999   40
00925019980921   150 -999
00925019980922   150   60
00925019980923   170   30
00925019980924   200   70
00925019980926   210 -999
00925019980927   200  140
00925019980928   210  170
00925019980929   200  140
00925019980930   160  130
00925019981001   180   60
00925019981002   190  120
00925019981003   220   60
00925019981004   210   90
00925019981005  -999  100
00925019981006   200 -999
00925019981007   220  100
00925019981008   230  110
00925019981009   240  120
00925019981010   230  130
00925019981011  -999  100
00925019981012   200 -999
00925019981013   200  110
00925019981014   200  100
00925019981015   230   80
00925019981016   210  130
00925019981017   170  130
00925019981018   170   60
00925019981019   200   50
00925019981020   240  100
00925019981021   260  120
00925019981022   280  130
00925019981023   250  110
00925019981024   240  100
00925019981025   230  100
00925019981026   260  120
00925019981027   250  170
00925019981028   230  140
00925019981029   230  120
00925019981030  -999  130
00925019981031   340 -999
00925019981101   210  140
00925019981102   210  110
00925019981103   200   80
00925019981104   260   90
00925019981105   210   90
00925019981106   200  120
00925019981107   250   90
00925019981108  -999  100
00925019981109   310 -999
00925019981110   340  180
00925019981111   370  190
00925019981112   270  180
00925019981113   180  120
00925019981114   220  110
00925019981115   290  110
00925019981116   290  150
00925019981117  -999  170
00925019981118   240 -999
00925019981119   290  160
00925019981120   330  170
00925019981121   360  210
00925019981122   240  190
00925019981123   240  130
00925019981124   260  120
00925019981125   220  110
00925019981126  -999   90
00925019981128   330 -999
00925019981129   270  140
00925019981130   250  130
00925019981201   190  150
00925019981202   220   90
00925019981203   280  120
00925019981204   350  170
00925019981205   320  210
00925019981206   290  180
00925019981207   350  190
00925019981208   280  200
00925019981209   310  170
00925019981210   270  190
00925019981211   280  130
00925019981212   300  130
00925019981213   350  160
00925019981214  -999  230
00925019981215   340 -999
00925019981216   270  180
00925019981217   290  160
00925019981218   260  170
00925019981219   270  120
00925019981220   280  130
00925019981221   330  140
00925019981222   260  130
00925019981223   240  170
00925019981224   240  110
00925019981225   260  130
00925019981226   290  160
00925019981227   330  170
00925019981228   320  170
00925019981229   350  160
00925019981230  -999  210
00925019990101   300 -999
00925019990102   310  180
00925019990103   290  150
00925019990104   260  140
00925019990105   230  110
00925019990106   260  110
00925019990107   310  150
00925019990108   380  150
00925019990109   240  200
00925019990110   250  120
00925019990111   300  130
00925019990112   270  130
00925019990113   350  150
00925019990114   270  190
00925019990115   300  170
00925019990116   380  190
00925019990117   330  190
00925019990118   320  170
00925019990119  -999  150
00925019990120   400 -999
00925019990121   290  190
00925019990122  -999  190
00925019990130   330 -999
00925019990131   260  200
00925019990201   250  170
00925019990202   260  130
00925019990203   290  150
00925019990204   330  150
00925019990205   310  180
00925019990206   360  180
00925019990207   390  210
00925019990208   390  220
00925019990209  -999  170
00925019990210   300 -999
00925019990211   350 -999
00925019990212   370  230
00925019990213   300  210
00925019990214   310  150
00925019990215   320  150
00925019990216   330  170
00925019990217   330  170
00925019990218   360  200
00925019990219   310  180
00925019990220   310  190
00925019990221  -999  190
00925019990222   340 -999
00925019990223   360  180
00925019990224   370  220
00925019990225  -999  250
00925019990227   380 -999
00925019990228  -999  170
00925019990301   280 -999
00925019990302   270  160
00925019990303   270  140
00925019990304   270  130
00925019990305   260   90
00925019990306   300  130
00925019990307   320  160
00925019990308   240  150
00925019990309   280  100
00925019990310   350  150
00925019990311   350  220
00925019990312   350  210
00925019990313   320  220
00925019990314   270  170
00925019990315   320  210
00925019990316   310  210
00925019990317   330  180
00925019990318  -999  210
00925019990330   270 -999
00925019990331   250  160
00925019990401   260  150
00925019990402   250  120
00925019990403   280  140
00925019990404   310  140
00925019990405   330  150
00925019990406   350  190
00925019990407  -999  170
00925019990408   270 -999
00925019990409  -999  180
00925019990410   270 -999
00925019990411   280  190
00925019990412   330  200
00925019990413   350  200
00925019990414   340  240
00925019990415   310 -999
00925019990416  -999  200
00925019990417   270 -999
00925019990418   270  150
00925019990419   290  150
00925019990420   300  170
00925019990421   330  180
00925019990422   270  160
00925019990423   240  140
00925019990424  -999  110
00925019990425   240 -999
00925019990426   250  130
00925019990427   260  100
00925019990428   260  110
00925019990429  -999  120
00925019990501   270 -999
00925019990502   250  140
00925019990503   250  120
00925019990504   270  120
00925019990505   250  140
00925019990506   170  140
00925019990507   170  130
00925019990508   210  150
00925019990509   220  170
00925019990510   270  170
00925019990511   220  150
00925019990512   190  150
00925019990513   190  150
00925019990514   240  120
00925019990515   220  150
00925019990516   230  120
00925019990517   240  110
00925019990518   260  100
00925019990519   230  150
00925019990520   220  140
00925019990521  -999  130
00925019990522   180 -999
00925019990523   190   80
00925019990524   210  100
00925019990525   180  130
00925019990526  -999  150
00925019990528   200 -999
00925019990529   190   80
00925019990530   210   80
00925019990531   220   80
00925019990601   220   90
00925019990602   210  110
00925019990603   190   90
00925019990604   160   50
00925019990605   170   40
00925019990606   190   60
00925019990607   200   70
00925019990608   180   70
00925019990609   190   80
00925019990610   220   90
00925019990611   160  120
00925019990612   150   50
00925019990613  -999   90
00925019990614   200 -999
00925019990615   210  110
00925019990616   200  130
00925019990617  -999   90
00925019990618   190 -999
00925019990619  -999  110
00925019990620   200 -999
00925019990621   200   80
00925019990622  -999   90
00925019990624   190 -999
00925019990625   200  110
00925019990626   190  100
00925019990627   200  140
00925019990628   180  120
00925019990629   160   50
00925019990630   160   30
00925019990701   170   60
00925019990702   180   80
00925019990703   210   70
00925019990704   180   90
00925019990705  -999  130
00925019990707   160 -999
00925019990708   160   30
00925019990709   170   40
00925019990710   190   90
00925019990711   210  120
00925019990712   230  130
00925019990713   170  120
00925019990714   180  140
00925019990715   190  130
00925019990716   180  120
00925019990717   180  130
00925019990718   180  130
00925019990719   180   90
00925019990720   180   90
00925019990721   210  120
00925019990722  -999   80
00925019990724   240 -999
00925019990725   230   80
00925019990726   190  130
00925019990727  -999   60
00925019990728   150 -999
00925019990729   160   30
00925019990730   170   70
00925019990731   190   60
00925019990801   200   60
00925019990802   190   50
00925019990803   190   70
00925019990804   190   80
00925019990805   200   80
00925019990806   160   90
00925019990807   160   30
00925019990808   170   40
00925019990809   200   80
00925019990810   180  110
00925019990811   140   70
00925019990812   170   40
00925019990813   180   40
00925019990814   180   80
00925019990815   170  110
00925019990816   230  110
00925019990817   190  160
00925019990818   180  130
00925019990819  -999   50
00925019990820   170 -999
00925019990821   180   70
00925019990822   200   70
00925019990823   230   90
00925019990824   180  120
00925019990825   180  110
00925019990826  -999   70
00925019990828   200 -999
00925019990829   180  100
00925019990830   170   80
00925019990831   210   50
00925019990901   210   80
00925019990902  -999  110
00925019990903   130 -999
00925019990904   160   20
00925019990905   190   30
00925019990906   190   50
00925019990907   200   60
00925019990908   200   80
00925019990909   230  100
00925019990910   220  100
00925019990911   180  120
00925019990912   200  100
00925019990913   200  100
00925019990914   170  110
00925019990915   160   70
00925019990916   160   50
00925019990917   200   70
00925019990918   230  100
00925019990919   230   60
00925019990920   210   90
00925019990921   170  130
00925019990922   190  120
00925019990923   200   70
00925019990924   240   80
00925019990925  -999  120
00925019991007   180 -999
00925019991008   170  100
00925019991009   170  100
00925019991010   190   90
00925019991011   190   70
00925019991012   210  120
00925019991013  -999  110
00925019991014   170 -999
00925019991015   190  110
00925019991016   180  130
00925019991017   200   80
00925019991018   240  100
00925019991019   270  120
00925019991020   270  110
00925019991021   260  140
00925019991022   290  120
00925019991023   220  150
00925019991024   200  120
00925019991025   200   90
00925019991026   230   90
00925019991027   240   90
00925019991028   240  100
00925019991029   220  120
00925019991030   220  100
00925019991031   260  120
00925019991101   290  130
00925019991102   310  160
00925019991103   290  170
00925019991104   270  170
00925019991105   240  170
00925019991106   220  130
00925019991107   220  100
00925019991108   230   90
00925019991109   270  130
00925019991110   300  140
00925019991111   270  110
00925019991112   250  110
00925019991113   250  120
00925019991114  -999  120
00925019991115   230 -999
00925019991116   230  150
00925019991117   230  160
00925019991118   210   70
00925019991119   260  120
00925019991120   260  130
00925019991121   280  140
00925019991122   300  130
00925019991123   320  150
00925019991124   360 -999
00925019991125   320  180
00925019991126   290  140
00925019991127   290  130
00925019991128   340  170
00925019991129   290  160
00925019991130   270  160
00925019991201   220  150
00925019991202   230  110
00925019991203   290  120
00925019991204   380  150
00925019991205   310  200
00925019991206   290  170
00925019991207   270  150
00925019991208   250  130
00925019991209   270  140
00925019991210   290  140
00925019991211   300  140
00925019991212   360  180
00925019991213   280  170
00925019991214   300  160
00925019991215   290  180
00925019991216   290  140
00925019991217   320  150
00925019991218   340  200
00925019991219  -999  210
00925019991220   310 -999
00925019991221   360  180
00925019991222  -999  220
00925019991223   300 -999
00925019991224   380  190
00925019991225   350  180
00925019991226   360  170
00925019991227  -999  210
00925019991228   360 -999
00925019991229   340  200
00925019991230   340  220
00925019991231   360  210
00925020000101   360  160
00925020000102   370  210
00925020000103   360  180
00925020000104   370  200
00925020000105  -999  230
00925020000106   350 -999
00925020000107   340  170
00925020000108   320  160
00925020000109   320  180
00925020000110   290  170
00925020000111   270  150
00925020000112   270  170
00925020000113   310  160
00925020000114   240  190
00925020000115   250  160
00925020000116   250  160
00925020000117  -999  150
00925020000119   310 -999
00925020000120   330  160
00925020000121   270  170
00925020000122   210  180
00925020000123   240  160
00925020000124   280  160
00925020000125   280  160
00925020000126   300  160
00925020000127   310  170
00925020000128   330  200
00925020000129   370  230
00925020000130   370  230
00925020000131   290  220
00925020000201   270  170
00925020000202   270  140
00925020000203   270  140
00925020000204   300  160
00925020000205   320  170
00925020000206   350  190
00925020000207  -999  240
00925020000208   400 -999
00925020000209  -999  150
00925020000210   280 -999
00925020000211   300  160
00925020000212   310  160
00925020000213   320  190
00925020000214   340  180
00925020000215   350  210
00925020000216   350  200
00925020000217   360  210
00925020000218   310  170
00925020000219   280  140
00925020000220  -999  150
00925020000221   330 -999
00925020000222   250  180
00925020000223   270  130
00925020000224   280  130
00925020000225   300  140
00925020000226   310  160
00925020000227  -999  200
00925020000228   330 -999
00925020000229   350  250
00925020000301   260  200
00925020000302   300  150
00925020000303   310  160
00925020000304   320  160
00925020000305   320  170
00925020000306   350 -999
00925020000307   370  220
00925020000308  -999  250
00925020000309   350 -999
00925020000310   310  230
00925020000311   280  210
00925020000312   260  180
00925020000313   270  140
00925020000314   290  140
00925020000315   290   90
00925020000316   250  120
00925020000317   250  100
00925020000318   290  120
00925020000319   290  150
00925020000320   330  200
00925020000321   250  210
00925020000322  -999  100
00925020000324   280 -999
00925020000325  -999  150
00925020000326   270 -999
00925020000327   250  150
00925020000328   260  140
00925020000329   290  130
00925020000330   290  140
00925020000331   280  160
00925020000401   290  170
00925020000402   260  140
00925020000403   240  170
00925020000404   250  130
00925020000405   250  150
00925020000406   280   90
00925020000407   270  150
00925020000408   300  120
00925020000409  -999  170
00925020000410   310 -999
00925020000411   270 -999
00925020000412   240  120
00925020000413   240  150
00925020000414   240  100
00925020000415   230  110
00925020000416  -999  110
00925020000417   250 -999
00925020000418   290  150
00925020000419   310  140
00925020000420  -999  180
00925020000421   280 -999
00925020000422   300  170
00925020000423   300  160
00925020000424   300  170
00925020000425   260  140
00925020000426   260  130
00925020000427   210  160
00925020000428   220  140
00925020000429   190   50
00925020000430   200  110
00925020000501   220  120
00925020000502   240  140
00925020000503   250  110
00925020000504   240  140
00925020000505   240  110
00925020000506   240   90
00925020000507   250   60
00925020000508   260  130
00925020000509   270  120
00925020000510   230  100
00925020000511  -999  130
00925020000512   170 -999
00925020000513   200  110
00925020000514   200   70
00925020000515  -999   80
00925020000516   230 -999
00925020000517   240   80
00925020000518   230   90
00925020000519  -999   90
00925020000520   220 -999
00925020000521  -999   90
00925020000522   230 -999
00925020000523   220   60
00925020000524   220   90
00925020000525   210   90
00925020000526   190   70
00925020000527  -999   70
00925020000528   190 -999
00925020000529   230  120
00925020000530   240  140
00925020000531   230  150
00925020000601   200   90
00925020000602   210   80
00925020000603   190  100
00925020000604   210  110
00925020000605   200   90
00925020000606  -999   70
00925020000607   200 -999
00925020000608   210   70
00925020000609   210   90
00925020000610   180  110
00925020000611   230   90
00925020000612   260  110
00925020000613   230  150
00925020000614   190  130
00925020000615   180   90
00925020000616   190   70
00925020000617   200   70
00925020000618   210   60
00925020000619   170  110
00925020000620   190  110
00925020000621   200  120
00925020000622   190  110
00925020000623  -999  130
00925020000624   190 -999
00925020000625   210  120
00925020000626   160   30
00925020000627   170   90
00925020000628   190   90
00925020000629   180  110
00925020000630   190   40
00925020000701  -999  110
00925020000702   190 -999
00925020000703   190  110
00925020000704   170  130
00925020000705  -999   80
00925020000706   190 -999
00925020000707   180  110
00925020000708   170   70
00925020000709   180   60
00925020000710   190   70
00925020000711   170  110
00925020000712   170   70
00925020000713   170  110
00925020000714   190  100
00925020000715   190   90
00925020000716   210  120
00925020000717  -999  140
00925020000718   160 -999
00925020000719  -999   90
00925020000720   180 -999
00925020000721  -999  100
00925020000722   190 -999
00925020000723   170  130
00925020000724   190   90
00925020000725   160   80
00925020000726   160   60
00925020000727   190   50
00925020000728   150  110
00925020000729   170   90
00925020000730   180  100
00925020000731   180   60
00925020000801   180   80
00925020000802   140  110
00925020000803   160   30
00925020000804   190   40
00925020000805   140   80
00925020000806   150   80
00925020000807   170  100
00925020000808   160   70
00925020000809   160  100
00925020000810   170   50
00925020000811   170   50
00925020000812   200   70
00925020000813   200   90
00925020000814   200   70
00925020000815   180  110
00925020000816   190  120
00925020000817   180   90
00925020000818   180  120
00925020000819  -999   70
00925020000820   190 -999
00925020000821   170   20
00925020000822   170   50
00925020000823   220   70
00925020000824   170  120
00925020000825   170   90
00925020000826   160   80
00925020000827   160   60
00925020000828   190   80
00925020000829   170   80
00925020000830   190   80
00925020000831   150  120
00925020000901   170   80
00925020000902   180  130
00925020000903   190  120
00925020000904   210   80
00925020000905  -999   90
00925020000906   180 -999
00925020000907   190  110
00925020000908   200  110
00925020000909   190   70
00925020000910   210   80
00925020000911   270   90
00925020000912   220   80
00925020000913  -999   90
00925020000914   190 -999
00925020000915   190  110
00925020000916   190   90
00925020000917   220   70
00925020000918   190   80
00925020000919   180   80
00925020000920   210   70
00925020000921   240   80
00925020000922  -999  100
00925020000923   230 -999
00925020000924   230  120
00925020000925   230   90
00925020000926   270  100
00925020000927   220  160
00925020000928   190  150
00925020000929   180  110
00925020000930   210  120
00925020001001   260  100
00925020001002   270   90
00925020001003   270  100
00925020001004   230  110
00925020001005  -999  100
00925020001006   190 -999
00925020001007   190   70
00925020001008   200   60
00925020001009   210   60
00925020001010   260   70
00925020001011   210  100
00925020001012   190   70
00925020001013   220   70
00925020001014   260  120
00925020001015   290  140
00925020001016   240  120
00925020001017   230   80
00925020001018   260  110
00925020001019   320  140
00925020001020   230  110
00925020001021   190  110
00925020001022   220   60
00925020001023  -999   80
00925020001024   280 -999
00925020001025   220  120
00925020001026   260  100
00925020001027   310  130
00925020001028   340  160
00925020001029   230  160
00925020001030   220  150
00925020001031   230   80
00925020001101   250  110
00925020001102   230   90
00925020001103   230   90
00925020001104   280   90
00925020001105   290  140
00925020001106   230  110
00925020001107   210   90
00925020001108   190   90
00925020001109   210  100
00925020001110  -999  100
00925020001111   320 -999
00925020001112   350  180
00925020001113   340  180
00925020001114   320  190
00925020001115   370  210
00925020001116  -999  200
00925020001117   250 -999
00925020001118   290  150
00925020001119   290  150
00925020001120   290  130
00925020001121   300  140
00925020001122   340  180
00925020001123   270  150
00925020001124   240  150
00925020001125   270  120
00925020001126   230  130
00925020001127   210  140
00925020001128   230  110
00925020001129   250   90
00925020001130   300  130
00925020001201   280  130
00925020001202   260  120
00925020001203   310  120
00925020001204   300  120
00925020001205  -999  160
00925020001206   330 -999
00925020001207   330  150
00925020001208   320  170
00925020001209   300  200
00925020001210   310  160
00925020001211   340  180
00925020001212   360  180
00925020001213   330  180
00925020001214   350  190
00925020001215   360  210
00925020001216   300  190
00925020001217   320  160
00925020001218   320  150
00925020001219   300  160
00925020001220   240  160
00925020001221   220   90
00925020001222   240   80
00925020001223   290  120
00925020001224   360  170
00925020001225   380  230
00925020001226   390  210
00925020001227   410  240
00925020001228   300  240
00925020001229   250  140
00925020001230   280  120
00925020001231   300  140
00925020010101   280  150
00925020010102   280  130
00925020010103   270  130
00925020010104  -999  140
00925020010106   330 -999
00925020010107   310  190
00925020010108  -999  200
