02702119920901  -999 -999
02702119920902  -999 -999
02702119920903  -999 -999
02702119920904  -999 -999
02702119920905  -999 -999
02702119920906  -999 -999
02702119920907  -999 -999
02702119920908  -999 -999
02702119920909  -999 -999
02702119920910  -999 -999
02702119920911  -999 -999
02702119920912  -999 -999
02702119920913  -999 -999
02702119920914   313 -999
02702119920915   315 -999
02702119920916   318  218
02702119920917   323  213
02702119920918   316  228
02702119920919   313  240
02702119920920   309  248
02702119920921   305  212
02702119920922   305  228
02702119920923   306  225
02702119920924   306  218
02702119920925   309  230
02702119920926   319  238
02702119920927   304  240
02702119920928   315  232
02702119920929   319  233
02702119920930   308  220
02702119921001   312  226
02702119921002   307  238
02702119921003   313  240
02702119921004   308  236
02702119921005   312  232
02702119921006   316  214
02702119921007   310  214
02702119921008   309  236
02702119921009   311  232
02702119921010   305  229
02702119921011   317  210
02702119921012   314  227
02702119921013   312  233
02702119921014   306  234
02702119921015   302  236
02702119921016   301  233
02702119921017   314  221
02702119921018   311  223
02702119921019   316  217
02702119921020   314  229
02702119921021   310  239
02702119921022   298  232
02702119921023   304  234
02702119921024   306  226
02702119921025   311  235
02702119921026   306  233
02702119921027   309  230
02702119921028   305  213
02702119921029   308  225
02702119921030   305  227
02702119921031   306  222
02702119921101   306  229
02702119921102   311  229
02702119921103   312  227
02702119921104   322  226
02702119921105   323  226
02702119921106   335  235
02702119921107   315  232
02702119921108   329  243
02702119921109   324  242
02702119921110   326  230
02702119921111   321  224
02702119921112   336  238
02702119921113   326  223
02702119921114   324  236
02702119921115   318  246
02702119921116   320  244
02702119921117   324  245
02702119921118   322  249
02702119921119   329  244
02702119921120   340  243
02702119921121   330  238
02702119921122   331  238
02702119921123   329  243
02702119921124   332  229
02702119921125   332  229
02702119921126   337  244
02702119921127   339  241
02702119921128   347  258
02702119921129   336  257
02702119921130   327  238
02702119921201   330  242
02702119921202   334  250
02702119921203   350  250
02702119921204   334  249
02702119921205   346  237
02702119921206   325  246
02702119921207   299  259
02702119921208   293 -999
02702119921209   314 -999
02702119921210   310  248
02702119921211   286  248
02702119921212   364  232
02702119921213   317  262
02702119921214   332  266
02702119921215   296  264
02702119921216   320  261
02702119921217   282  245
02702119921218   306  231
02702119921219   292  236
02702119921220   310  234
02702119921221   294  249
02702119921222   275  242
02702119921223   292  237
02702119921224   279  243
02702119921225   301  246
02702119921226   300  238
02702119921227   286  214
02702119921228   292  212
02702119921229   311  270
02702119921230   312  270
02702119921231   312  266
02702119930101   293  231
02702119930102   307  229
02702119930103   304  241
02702119930104   306  239
02702119930105   309  242
02702119930106   281  233
02702119930107   288  249
02702119930108   300  243
02702119930109   304  241
02702119930110   313  241
02702119930111   308  242
02702119930112   309  245
02702119930113   318  257
02702119930114   319  257
02702119930115   319  272
02702119930116   324  262
02702119930117   326  265
02702119930118   314  266
02702119930119   316  234
02702119930120   303  260
02702119930121   316  237
02702119930122   271  251
02702119930123   277  229
02702119930124   299  230
02702119930125   292  239
02702119930126   293  247
02702119930127   298  238
02702119930128   284  264
02702119930129   279  219
02702119930130  -999  226
02702119930131   310  230
02702119930201   312  237
02702119930202   314  252
02702119930203   294  236
02702119930204   302  277
02702119930205   292  234
02702119930206   300  237
02702119930207   297  250
02702119930208   304  258
02702119930209   301  235
02702119930210   293  247
02702119930211   289  244
02702119930212   304  237
02702119930213   304  236
02702119930214   299  255
02702119930215   303  242
02702119930216   290  245
02702119930217   288  235
02702119930218   283  228
02702119930219   276  226
02702119930220   296  227
02702119930221   302  235
02702119930222   302  244
02702119930223   307  266
02702119930224   279  235
02702119930225   292  223
02702119930226   287  226
02702119930227   303  231
02702119930228   306  258
02702119930301   309  239
02702119930302   308  237
02702119930303   309  244
02702119930304   308  242
02702119930305   308  252
02702119930306   312  252
02702119930307   312  255
02702119930308   316  253
02702119930309   314  254
02702119930310   318  252
02702119930311   307  239
02702119930312   314  237
02702119930313   319  239
02702119930314   318  240
02702119930315   319  240
02702119930316   319  244
02702119930317   323  245
02702119930318   326  247
02702119930319   316  249
02702119930320   328  246
02702119930321   322  259
02702119930322   314  246
02702119930323   319  248
02702119930324   320  249
02702119930325   323  252
02702119930326   326  254
02702119930327   297  245
02702119930328   320  251
02702119930329   328  260
02702119930330   323  264
02702119930331   323  260
02702119930401   324  260
02702119930402   320  260
02702119930403   319  248
02702119930404   302  242
02702119930405   310  251
02702119930406   315  254
02702119930407   276  246
02702119930408   268  229
02702119930409   277  233
02702119930410   286  243
02702119930411   299  236
02702119930412   306  252
02702119930413   301  242
02702119930414   301  244
02702119930415   304  242
02702119930416   296  241
02702119930417   301  238
02702119930418   299  242
02702119930419   292  243
02702119930420   268  242
02702119930421   296  241
02702119930422   301  244
02702119930423   303  249
02702119930424   303  243
02702119930425   308  246
02702119930426   296  242
02702119930427   296  244
02702119930428   299  245
02702119930429   289  233
02702119930430   292  249
02702119930501   294  236
02702119930502   291  237
02702119930503   290  241
02702119930504   291  236
02702119930505   291  239
02702119930506   293  236
02702119930507   295  236
02702119930508   294  232
02702119930509   289  232
02702119930510   294  230
02702119930511   295  230
02702119930512   267  236
02702119930513   290  238
02702119930514   293  237
02702119930515   284  230
02702119930516   295  226
02702119930517   290  247
02702119930518   281  239
02702119930519   289  244
02702119930520   294  231
02702119930521   288  234
02702119930522   288  237
02702119930523   287  235
02702119930524   290  232
02702119930525   290  244
02702119930526   285  248
02702119930527   282  240
02702119930528   280  244
02702119930529   290  236
02702119930530   286  236
02702119930531   289  239
02702119930601   295  230
02702119930602   293  245
02702119930603   285  239
02702119930604   290  244
02702119930605   295  245
02702119930606   287  236
02702119930607   292  228
02702119930608   291  225
02702119930609   280  236
02702119930610   286  227
02702119930611   287  225
02702119930612   292  222
02702119930613   287  217
02702119930614   282  231
02702119930615   276  222
02702119930616   286  225
02702119930617   284  234
02702119930618   287  221
02702119930619   281  222
02702119930620   286  225
02702119930621   285  221
02702119930622   285  231
02702119930623   284  234
02702119930624   284  229
02702119930625   282  225
02702119930626   285  234
02702119930627   284  234
02702119930628   280  221
02702119930629   277  226
02702119930630   277  232
02702119930701   280  229
02702119930702   280  222
02702119930703   278  228
02702119930704   280  227
02702119930705   280  213
02702119930706   285  225
02702119930707   283  240
02702119930708   273  224
02702119930709   272  229
02702119930710   287  226
02702119930711   305  216
02702119930712   284  230
02702119930713   292  234
02702119930714   285  232
02702119930715   282  220
02702119930716   278  222
02702119930717   282  207
02702119930718   288  225
02702119930719   286  220
02702119930720   281  226
02702119930721   283  238
02702119930722   281  228
02702119930723   286  224
02702119930724   285  232
02702119930725   290  228
02702119930726   287  232
02702119930727   282  234
02702119930728   292  238
02702119930729   287  229
02702119930730   289  220
02702119930731   282  210
02702119930801   286  205
02702119930802   290  204
02702119930803   295  207
02702119930804   290  206
02702119930805   285  218
02702119930806   286  222
02702119930807   275  225
02702119930808   282  220
02702119930809   285  210
02702119930810   288  210
02702119930811   284 -999
02702119930812   284 -999
02702119930813   284 -999
02702119930814   283 -999
02702119930815   294 -999
02702119930816   286 -999
02702119930817   282 -999
02702119930818   277 -999
02702119930819   280 -999
02702119930820   276 -999
02702119930821   282 -999
02702119930822   282 -999
02702119930823   285 -999
02702119930824   297 -999
02702119930825   288 -999
02702119930826   285 -999
02702119930827   285 -999
02702119930828   297 -999
02702119930829   300 -999
02702119930830   293 -999
02702119930831   289 -999
02702119930901   288 -999
02702119930902   293 -999
02702119930903   290 -999
02702119930904   285 -999
02702119930905   286  232
02702119930906   284  233
02702119930907   288  233
02702119930908   285  232
02702119930909   285  230
02702119930910   292  223
02702119930911   288  215
02702119930912   290  224
02702119930913   288  232
02702119930914   301  230
02702119930915   304  226
02702119930916   312  227
02702119930917   312  234
02702119930918   307  242
02702119930919   308  236
02702119930920   299  227
02702119930921   311  234
02702119930922   298  237
02702119930923   297  234
02702119930924   298  227
02702119930925   295  240
02702119930926   290  240
02702119930927   294  237
02702119930928   294  236
02702119930929   295  237
02702119930930   296  240
02702119931001   298  239
02702119931002   293  236
02702119931003   297  239
02702119931004   301  229
02702119931005   306  236
02702119931006   296  238
02702119931007   294  236
02702119931008   295  240
02702119931009   302  239
02702119931010   308  239
02702119931011   317  227
02702119931012   310  225
02702119931013   299  238
02702119931014   300  241
02702119931015   298  242
02702119931016   299  242
02702119931017   302  240
02702119931018   310  245
02702119931019   310  227
02702119931020   317  228
02702119931021   314  232
02702119931022   315  236
02702119931023   310  246
02702119931024   312  245
02702119931025   310  253
02702119931026   315  230
02702119931027   314  222
02702119931028   313  231
02702119931029   317  234
02702119931030   322  241
02702119931031   316  244
02702119931101   319  242
02702119931102   312  251
02702119931103   314  247
02702119931104   321  242
02702119931105   320  241
02702119931106   320  248
02702119931107   318  261
02702119931108   313  261
02702119931109   317  261
02702119931110   318  253
02702119931111   322  248
02702119931112   324  246
02702119931113   324  256
02702119931114   326  258
02702119931115   326  252
02702119931116   322  245
02702119931117   323  242
02702119931118   326  254
02702119931119   329  253
02702119931120   322  253
02702119931121   331  244
02702119931122   337  256
02702119931123   338  255
02702119931124   336  254
02702119931125   333  261
02702119931126   340  266
02702119931127   323  273
02702119931128   324  258
02702119931129   314  252
02702119931130   319  260
02702119931201   322  261
02702119931202   325  267
02702119931203   320  238
02702119931204   315  243
02702119931205   325  261
02702119931206   325  263
02702119931207   277  234
02702119931208   306  236
02702119931209   305  241
02702119931210   313  255
02702119931211   314  262
02702119931212   321  258
02702119931213   320  265
02702119931214   314  265
02702119931215   289  232
02702119931216   298  238
02702119931217   309  248
02702119931218   312  245
02702119931219   310  242
02702119931220   312  258
02702119931221   312  256
02702119931222   317  258
02702119931223   314  259
02702119931224   318  257
02702119931225   326  259
02702119931226   316  258
02702119931227   304  244
02702119931228   297  242
02702119931229   298  252
02702119931230   312  245
02702119931231   288  250
02702119940101   289  240
02702119940102   288  252
02702119940103   297  241
02702119940104   299  257
02702119940105   316  260
02702119940106   318  260
02702119940107  -999  250
02702119940108   316 -999
02702119940109   317  262
02702119940110   324  263
02702119940111   326  259
02702119940112   326  244
02702119940113   304  255
02702119940114   307  254
02702119940115   324  252
02702119940116   323  243
02702119940117   317  254
02702119940118   322  251
02702119940119   323  255
02702119940120   328  260
02702119940121   324  283
02702119940122   331  278
02702119940123   333  271
02702119940124   317  257
02702119940125   321  250
02702119940126   304  251
02702119940127   287  245
02702119940128   297  239
02702119940129   286  243
02702119940130   305  239
02702119940131   309  245
02702119940201   316  246
02702119940202   313  258
02702119940203   322  247
02702119940204   318  272
02702119940205   298  267
02702119940206   330  235
02702119940207   332  264
02702119940208   294  248
02702119940209   296  248
02702119940210   320  242
02702119940211   308  240
02702119940212   325  250
02702119940213   311  244
02702119940214   304  242
02702119940215   309  245
02702119940216   299  230
02702119940217   278  253
02702119940218   295  239
02702119940219  -999  241
02702119940220   292 -999
02702119940221   281  234
02702119940222   293  239
02702119940223   294  240
02702119940224   282  253
02702119940225   279  243
02702119940226   281  244
02702119940227   292  237
02702119940228   306  240
02702119940301   313  257
02702119940302   316  264
02702119940303   311  255
02702119940304   316  266
02702119940305   296  258
02702119940306   315  250
02702119940307   317  257
02702119940308   278  256
02702119940309   311  247
02702119940310   323  254
02702119940311   315  259
02702119940312   308  253
02702119940313   301  248
02702119940314   302  252
02702119940315   294  242
02702119940316   318  257
02702119940317   291  246
02702119940318   313  243
02702119940319   294  258
02702119940320   298  238
02702119940321   297  236
02702119940322   298  238
02702119940323   308  258
02702119940324   310  260
02702119940325   309  251
02702119940326   310  260
02702119940327   306  253
02702119940328   307  268
02702119940329   304  258
02702119940330   300  245
02702119940331   308  246
02702119940401   305  252
02702119940402   285  244
02702119940403   266  228
02702119940404   280  237
02702119940405   300  245
02702119940406   298  258
02702119940407   315  262
02702119940408   299  258
02702119940409   268  245
02702119940410   276  244
02702119940411   298  239
02702119940412   304  240
02702119940413   298  234
02702119940414   291  248
02702119940415   295  243
02702119940416   292  229
02702119940417   294  233
02702119940418   296  242
02702119940419   300  250
02702119940420   302  250
02702119940421   296  243
02702119940422   292  248
02702119940423   298  245
02702119940424   294  238
02702119940425   295  249
02702119940426   296  252
02702119940427   299  248
02702119940428   298  235
02702119940429   295  254
02702119940430   299  247
02702119940501   300  245
02702119940502   314  249
02702119940503   306  256
02702119940504   295  261
02702119940505   294  262
02702119940506   280  252
02702119940507   287  260
02702119940508   284  249
02702119940509   282  254
02702119940510   294  250
02702119940511   305  251
02702119940512   300  254
02702119940513   295  249
02702119940514   272  248
02702119940515   301  248
02702119940516   299  250
02702119940517   299  249
02702119940518   292  242
02702119940519   295  246
02702119940520   292  247
02702119940521   281  249
02702119940522   286  242
02702119940523   285  237
02702119940524   294  245
02702119940525   289  245
02702119940526   282  242
02702119940527   290  237
02702119940528   289  242
02702119940529   288  248
02702119940530   290  242
02702119940531   286  244
02702119940601   286  246
02702119940602   286  239
02702119940603   285  227
02702119940604   286  228
02702119940605   285  237
02702119940606   285  232
02702119940607   289  235
02702119940608   290  240
02702119940609   291  245
02702119940610   300  234
02702119940611   286  236
02702119940612   287  247
02702119940613   278  238
02702119940614   282  235
02702119940615   290  234
02702119940616   284  234
02702119940617   280  238
02702119940618   284  230
02702119940619   286  219
02702119940620   290  225
02702119940621   280  225
02702119940622   275  239
02702119940623   282  222
02702119940624   280  231
02702119940625   281  232
02702119940626   293  240
02702119940627   289  224
02702119940628   280  234
02702119940629   279  226
02702119940630   275  228
02702119940701   282  215
02702119940702   278  221
02702119940703   273  222
02702119940704   276  214
02702119940705   273  222
02702119940706   278  226
02702119940707   275  223
02702119940708   277  230
02702119940709   275  231
02702119940710   285  230
02702119940711   294  230
02702119940712   286  229
02702119940713   294  227
02702119940714   279  234
02702119940715   282  228
02702119940716   276  225
02702119940717   278  232
02702119940718   275  232
02702119940719   280  209
02702119940720   273  224
02702119940721   274  215
02702119940722   269  225
02702119940723   275  220
02702119940724   274  230
02702119940725   277  226
02702119940726   279  225
02702119940727   274  224
02702119940728   274  222
02702119940729   276  230
02702119940730   284  230
02702119940731   295  226
02702119940801   296  223
02702119940802   287  225
02702119940803   275  230
02702119940804   278  235
02702119940805   272  234
02702119940806   281  224
02702119940807   285  231
02702119940808   286  226
02702119940809   287  222
02702119940810   274  225
02702119940811   265  227
02702119940812   274  220
02702119940813   270  210
02702119940814   287  220
02702119940815   267  221
02702119940816   281  220
02702119940817   282  230
02702119940818   274  229
02702119940819   277  227
02702119940820   288  218
02702119940821   276  227
02702119940822   285  226
02702119940823   282  231
02702119940824   287  226
02702119940825   281  226
02702119940826   276  224
02702119940827   286  224
02702119940828   282  232
02702119940829   278  224
02702119940830   281  224
02702119940831   281  232
02702119940901   278  234
02702119940902   282  231
02702119940903   282  235
02702119940904   279  235
02702119940905   284  225
02702119940906   285  235
02702119940907   304  232
02702119940908   284  230
02702119940909   300  221
02702119940910   296  230
02702119940911   281  234
02702119940912   280  238
02702119940913   281  230
02702119940914   288  225
02702119940915   285  218
02702119940916   284  220
02702119940917   292  222
02702119940918   290  216
02702119940919   292  219
02702119940920   289  206
02702119940921   290  210
02702119940922   287  221
02702119940923   274  232
02702119940924   292  227
02702119940925   293  224
02702119940926   297  206
02702119940927   295  212
02702119940928   305  214
02702119940929   295  205
02702119940930   305  230
02702119941024   306 -999
02702119941025   301  248
02702119941026   300  250
02702119941027   302  250
02702119941028   310  247
02702119941029   329  246
02702119941030   324  234
02702119941031   323  242
02702119941101   318  247
02702119941102   314  246
02702119941103   316  246
02702119941104   322  248
02702119941105   315  250
02702119941106   321  238
02702119941107   312  236
02702119941108   324  238
02702119941109   318  241
02702119941110   318  249
02702119941111   320  248
02702119941112   306  260
02702119941113   320  256
02702119941114   318  254
02702119941115   324  248
02702119941116   325  239
02702119941117   318  250
02702119941118   300  246
02702119941119   312  255
02702119941120   319  249
02702119941121   321  243
02702119941122   319  254
02702119941123   325  245
02702119941124   322  266
02702119941125   323  265
02702119941126   326  265
02702119941127   330  266
02702119941128   338  265
02702119941129   345  262
02702119941130   334  262
02702119941201   331  264
02702119941202   314  255
02702119941203   304  238
02702119941204   318  242
02702119941205   330  255
02702119941206   336  262
02702119941207   335  262
02702119941208   328  262
02702119941209   332  262
02702119941210   320  266
02702119941211   329  254
02702119941212   332  251
02702119941213   335  266
02702119941214   328  266
02702119941215   333  266
02702119941216   322  252
02702119941217   330  260
02702119941218   335  254
02702119941219   330  250
02702119941220   330  244
02702119941221   335  252
02702119941222   334  250
02702119941223   337  250
02702119941224   340  252
02702119941225   340  248
02702119941226   334  252
02702119941227   344  256
02702119941228   344  271
02702119941229   334  264
02702119941230   337  258
02702119941231   332  252
02702119950101   336  262
02702119950102   330  262
02702119950103   338  258
02702119950104   343  263
02702119950105   335  259
02702119950106   328  262
02702119950107   335  255
02702119950108   338  257
02702119950109   332  265
02702119950110   338  265
02702119950111   324  270
02702119950112   300  256
02702119950113   310  251
02702119950114   288  246
02702119950115   273  247
02702119950116   317  244
02702119950117   307  248
02702119950118   337  260
02702119950119   331  267
02702119950120   325  271
02702119950121   294  279
02702119950122   311  243
02702119950123   279  239
02702119950124   303  240
02702119950125   303  249
02702119950126   276  242
02702119950127   285  248
02702119950128   315  235
02702119950129   320  252
02702119950130   316  244
02702119950131   322  255
02702119950201   325  258
02702119950202   322  267
02702119950203   318  248
02702119950204   322  255
02702119950205   300  258
02702119950206   316  255
02702119950207   324  270
02702119950208   296  249
02702119950209   313  245
02702119950210   285  242
02702119950211   285  234
02702119950212   298  240
02702119950213   294  255
02702119950214   306  251
02702119950215   300  246
02702119950216   304  245
02702119950217   281  246
02702119950218   306  246
02702119950219   309  253
02702119950220   317  251
02702119950221   305  249
02702119950222   318  245
02702119950223   324  260
02702119950224   295  260
02702119950225   300  249
02702119950226   320  249
02702119950227   299  241
02702119950228   309  250
02702119950301   310  236
02702119950302   280  248
02702119950303  -999  241
02702119950305   293 -999
02702119950306   303  241
02702119950307   314  235
02702119950308   305  255
02702119950309   310  246
02702119950310   301  243
02702119950311   301  245
02702119950312   300  252
02702119950313   301  239
02702119950314   299  245
02702119950315   305  251
02702119950316   310  249
02702119950317   308  251
02702119950318   280  252
02702119950319   298  252
02702119950320   312  248
02702119950321   314  260
02702119950322   300  250
02702119950323   301  252
02702119950324   305  250
02702119950325   302  250
02702119950326   315  240
02702119950327   315  247
02702119950328   316  257
02702119950329   305  252
02702119950330   327  254
02702119950331   320  250
02702119950401   320  250
02702119950402   290  240
02702119950403   310  250
02702119950404   320  270
02702119950405   310  250
02702119950406   320  270
02702119950407   320  260
02702119950408   320  270
02702119950409   320  250
02702119950410   310  250
02702119950411   300  240
02702119950412   270  240
02702119950413   280  240
02702119950414  -999  250
02702119950415   260 -999
02702119950416   280  240
02702119950417   310  240
02702119950418   310  240
02702119950419   310  240
02702119950420   310  250
02702119950421   310  240
02702119950422   310  250
02702119950423   310  260
02702119950424   300  260
02702119950425   300  260
02702119950426   310  250
02702119950427   300  240
02702119950428   300  240
02702119950429   300  250
02702119950430   300  250
02702119950501   300  247
02702119950502   301  258
02702119950503   305  252
02702119950504   303  246
02702119950505   305  245
02702119950506  -999  254
02702119950516   302 -999
02702119950517   300  242
02702119950518   305  246
02702119950519   298  246
02702119950520   305  244
02702119950521   302  245
02702119950522   297  246
02702119950523   295  246
02702119950524   300  256
02702119950525   294  248
02702119950526   297  248
02702119950527   290  243
02702119950528   292  237
02702119950529   288  230
02702119950530   296  247
02702119950531   290  252
02702119950601   288  240
02702119950602   289  242
02702119950603   288  242
02702119950604   290  238
02702119950605   289  240
02702119950606   290  246
02702119950607   290  246
02702119950608   285  245
02702119950609   290  241
02702119950610   286  248
02702119950611   295  232
02702119950612   285  234
02702119950613   290  235
02702119950614   292  242
02702119950615   296  235
02702119950616   314  240
02702119950617   297  235
02702119950618   283  238
02702119950619   278  244
02702119950620   265  234
02702119950621   280  230
02702119950622   280  238
02702119950623   277  235
02702119950624   280  235
02702119950625   275  234
02702119950626   288  228
02702119950627   288  232
02702119950628   297  236
02702119950629   285  234
02702119950630   282  235
02702119950701   281  242
02702119950702   272  235
02702119950703   272  227
02702119950704   276  232
02702119950705   274  239
02702119950706   280  228
02702119950707   288  239
02702119950708   280  238
02702119950709   285  234
02702119950710   285  222
02702119950711   286  215
02702119950712   290  216
02702119950713   295  216
02702119950714   290  226
02702119950715   290  202
02702119950716   284  206
02702119950717   277  236
02702119950718   278  232
02702119950719   280  224
02702119950720   285  224
02702119950721   280  240
02702119950722   288  235
02702119950723   280  226
02702119950724   279  215
02702119950725   278  225
02702119950726   282  212
02702119950727   290  225
02702119950728   290  229
02702119950729   294  229
02702119950730   288  229
02702119950731   290  236
02702119950801   275  245
02702119950802   282  240
02702119950803   292  238
02702119950804   285  243
02702119950805   289  249
02702119950806   270  246
02702119950807   271  244
02702119950808   278  231
02702119950809   275  225
02702119950810  -999  226
02702119950811   275 -999
02702119950812   276  224
02702119950813   274  224
02702119950814   280  220
02702119950815  -999  222
02702119950816   290 -999
02702119950817   285  223
02702119950818   285  234
02702119950819   284  243
02702119950820   282  234
02702119950821   285  242
02702119950822   285  240
02702119950823   284  228
02702119950824   290  238
02702119950825   290  240
02702119950826   285  238
02702119950827   286  233
02702119950828   285  234
02702119950829   283  232
02702119950830   283  230
02702119950831   285  226
02702119950901   289  228
02702119950902   292  244
02702119950903   294  242
02702119950904   296  235
02702119950905   308  221
02702119950906   299  222
02702119950907   306  219
02702119950908   292  242
02702119950909   290  234
02702119950910   286  238
02702119950911   282  234
02702119950912   285  233
02702119950913   285  240
02702119950914   295  240
02702119950915   285  234
02702119950916   286  240
02702119950917   287  240
02702119950918   299  241
02702119950919   305  244
02702119950920   294  242
02702119950921   297  242
02702119950922   312  235
02702119950923   305  235
02702119950924   306  240
02702119950925   320  242
02702119950926   320  215
02702119950927  -999  225
02702119950928   301 -999
02702119950929   295  244
02702119950930   300  245
02702119951001   296  246
02702119951002   308  245
02702119951003   328  248
02702119951004   304  240
02702119951005   306  250
02702119951006   314  255
02702119951007   310  252
02702119951008   325  254
02702119951009   325  245
02702119951010   310  245
02702119951011   302  258
02702119951012   305  254
02702119951013   310  248
02702119951014   314  256
02702119951015   312  258
02702119951016   305  245
02702119951017   306  245
02702119951018   305  252
02702119951019   307  255
02702119951020   310  255
02702119951021   315  254
02702119951022   313  242
02702119951023   316  236
02702119951024   320  240
02702119951025   318  249
02702119951026   320  252
02702119951027   320  255
02702119951028   325  260
02702119951029   322  255
02702119951030   315  250
02702119951101   319  267
02702119951102   315  270
02702119951103   320  270
02702119951104   325  266
02702119951105   335  270
02702119951106   326  259
02702119951107   344  256
02702119951108   330  262
02702119951109   326  256
02702119951110   324  266
02702119951111   325  272
02702119951112   315  270
02702119951113   326  274
02702119951114   326  270
02702119951115   330  265
02702119951116   330  266
02702119951117   333  269
02702119951118   337  266
02702119951119   345  268
02702119951120   335  274
02702119951121   325  251
02702119951122   330  254
02702119951123   336  275
02702119951124   340  255
02702119951125   330  266
02702119951126   330  278
02702119951127   325  262
02702119951128   328  275
02702119951129   312  275
02702119951130   333  273
02702119951201   321  269
02702119951202   330  250
02702119951203   325  262
02702119951204   340  250
02702119951205   320  254
02702119951206   325  266
02702119951207   327  255
02702119951208   314  255
02702119951209   318  266
02702119951210   326  260
02702119951211   339  256
02702119951212   295  246
02702119951213   304  239
02702119951214   292  239
02702119951215   315  242
02702119951216   330  258
02702119951217   327  269
02702119951218   324  272
02702119951219   325  282
02702119951220   318  281
02702119951221   326  264
02702119951222   315  265
02702119951223   323  264
02702119951224   316  245
02702119951225  -999  234
02702119951226   309 -999
02702119951227   313  243
02702119951228   317  247
02702119951229   283  267
02702119951230   273  245
02702119951231   290  244
02702119960101   290  260
02702119960102   320  250
02702119960103   300  250
02702119960104   300  250
02702119960105   300  250
02702119960106   310  240
02702119960107   320  250
02702119960108   320  270
02702119960109   320  210
02702119960110   320  300
02702119960111   300  270
02702119960112   330  250
02702119960113   330  260
02702119960114   330  260
02702119960115  -999  250
