08633820130602   157  104
08633820130603   148  107
08633820130604   150  111
08633820130605   146  119
08633820130606   173  126
08633820130607   145  109
08633820130608   157   50
08633820130609   144   53
08633820130610   169   65
08633820130611   148  102
08633820130612   133   87
08633820130613   128  108
08633820130614   138  113
08633820130615   142   82
08633820130616   141   70
08633820130617   116   60
08633820130618   148   79
08633820130619   141   37
08633820130620   149   24
08633820130621   150   29
08633820130622   127   24
08633820130623   123   13
08633820130624   123   18
08633820130625   164   35
08633820130626   176   28
08633820130627   182   46
08633820130628   164   70
08633820130629   133   66
08633820130630   183   52
08633820130701   179   79
08633820130702   188  123
08633820130703   162   95
08633820130704   168   96
08633820130705   141   90
08633820130706   156   98
08633820130707   136   65
08633820130708   139   43
08633820130709   136   30
08633820130710   153   30
08633820130711   163   40
08633820130712   173   49
08633820130713   154   79
08633820130714   163  110
08633820130715   185  123
08633820130716   168   98
08633820130717   187  100
08633820130718   238  110
08633820130719   169  143
08633820130720    99   78
08633820130721   107   55
08633820130722   147   62
08633820130723   129   83
08633820130724   140  103
08633820130725   125   38
08633820130726   150   71
08633820130727   142   88
08633820130728   186  107
08633820130729   192  120
08633820130730   144  101
08633820130731   150   33
08633820130801   141   57
08633820130802   142   76
08633820130803   133   71
08633820130804   137   77
08633820130805   159   96
08633820130806   160  112
08633820130807   138   67
08633820130808   134   65
08633820130809   122   80
08633820130810   179   91
08633820130811   163   83
08633820130812   141  109
08633820130813   165   79
08633820130814   144  112
08633820130815   169   75
08633820130816   179  100
08633820130817   157   91
08633820130818   176  100
08633820130819   128   73
08633820130820   127   55
08633820130821   141   72
08633820130822   151   95
08633820130823   148  113
08633820130824   165  106
08633820130825   173  114
08633820130826   194  105
08633820130827   203   87
08633820130828   224  109
08633820130829   238  124
08633820130830   191  147
08633820130831   222  104
08633820130901   234  137
08633820130902   188  130
08633820130903   242  103
08633820130904   241  126
08633820130905   197  196
08633820130906   152  109
08633820130907   179   98
08633820130908   168   89
08633820130909   232  116
08633820130910   166  117
08633820130911   169  110
08633820130912   139   82
08633820130913   164   36
08633820130914   175   79
08633820130915   219  101
08633820130916   169  128
08633820130917   177  114
08633820130918   197  127
08633820130919   172  104
08633820130920   171  103
08633820130921   194   65
08633820130922   217  118
08633820130923   243   96
08633820130924   240  134
08633820130925   236  163
08633820130926   153  121
08633820130927   203   70
08633820130928   159   83
08633820130929   210   64
08633820130930   238  148
08633820131001   163  113
08633820131002   171   99
08633820131003   147   84
08633820131004   210   58
08633820131005   252  127
08633820131006   179  132
08633820131007   169   89
08633820131008   208  106
08633820131009   267  123
08633820131010   155  154
08633820131011   206  102
08633820131012   254  107
08633820131013   170  111
08633820131014   144   77
08633820131015   194   95
08633820131016   280  125
08633820131017   153  110
08633820131018   220   72
08633820131019   265  124
08633820131020   316  164
08633820131021   174  145
08633820131022   161  122
08633820131023   153  129
08633820131024   143   72
08633820131025   157   79
08633820131026   162   97
08633820131027   169  102
08633820131028   176  113
08633820131029   162  118
08633820131030   180  118
08633820131031   162  120
08633820131101   201   85
08633820131102   246  122
08633820131103   166  134
08633820131104   159   99
08633820131105   250   84
08633820131106   303  111
08633820131107   258  177
08633820131108   177  144
08633820131109   158  103
08633820131110   163   93
08633820131111   189   97
08633820131112   160  126
08633820131113   146  103
08633820131114   159  111
08633820131115   170  115
08633820131116   171   94
08633820131117   186   85
08633820131118   269  103
08633820131119   306  150
08633820131120   178  141
08633820131121   227  121
08633820131122   219  129
08633820131123   187  131
08633820131124   177  117
08633820131125   217  129
08633820131126   282  101
08633820131127   327  150
08633820131128   241  209
08633820131129   167  120
08633820131130   179  121
08633820131201   308   99
08633820131202   355  164
08633820131203   254  163
08633820131204   211  171
08633820131205   156  106
08633820131206   175   82
08633820131207   261  107
08633820131208   276  146
08633820131209   181  158
08633820131210   203  128
08633820131211   200  132
08633820131212   218  106
08633820131213   225  142
08633820131214   181  143
08633820131215   191  137
08633820131216   193  146
08633820131217   197  140
08633820131218   263  138
08633820131219   392  156
08633820131220   222  192
08633820131221   210  149
08633820131222   287  160
08633820131223   173  143
08633820131224   215  133
08633820131225   316  117
08633820131226   267  162
08633820131227   213  164
08633820131228   362  140
08633820131229   189  137
08633820131230   207  117
08633820131231   246  123
08633820140101   265  155
08633820140102   218  150
08633820140103   216  133
08633820140104   208  134
08633820140105   262  103
08633820140106   188  124
08633820140107   192  140
08633820140108   272  117
08633820140109   323  134
08633820140110   343  187
08633820140111   211  173
08633820140112   207  165
08633820140113   290  135
08633820140114   420  182
08633820140115   416  266
08633820140116   434  247
08633820140117   425  244
08633820140118   232  213
08633820140119   208  160
08633820140120   234  166
08633820140121   219  167
08633820140122   217  160
08633820140123   284  121
08633820140124   214  169
08633820140125   191  151
08633820140126   272  118
08633820140127   346  168
08633820140128   410  230
08633820140129   229  179
08633820140130   281  150
08633820140131   248  184
08633820140201   277  181
08633820140202   381  181
08633820140203   346  218
08633820140204   258  142
08633820140205   303  131
08633820140206   345  162
08633820140207   356  224
08633820140208   407  179
08633820140209   394  216
08633820140210   224  153
08633820140211   255  142
08633820140212   257  162
08633820140213   255  190
08633820140214   255  189
08633820140215   282  203
08633820140216   216  167
08633820140217   246  161
08633820140218   307  145
08633820140219   246  172
08633820140220   200  127
08633820140221   194  132
08633820140222   193  141
08633820140223   212  140
08633820140224   239  134
08633820140225   332  150
08633820140226   206  149
08633820140227   200  140
08633820140228   213  123
08633820140301   223  145
08633820140302   212  168
08633820140303   232  153
08633820140304   329  157
08633820140305   226  186
08633820140306   196  130
08633820140307   220  141
08633820140308   274  148
08633820140309   326  164
08633820140310   323  197
08633820140311   317  184
08633820140312   204  161
08633820140313   214  121
08633820140314   259  135
08633820140315   295  166
08633820140316   203  135
08633820140317   253  144
08633820140318   243  152
08633820140319   210  136
08633820140320   303  105
08633820140321   227  133
08633820140322   181  134
08633820140323   177  140
08633820140324   182  120
08633820140325   244  115
08633820140326   269  139
08633820140327   258  170
08633820140328   205  169
08633820140329   221  123
08633820140330   243  143
08633820140331   305  163
08633820140401   331  179
08633820140402   249  222
08633820140403   177  156
08633820140404   194  142
08633820140405   242  148
08633820140406   243  118
08633820140407   255  134
08633820140408   221  166
08633820140409   179  168
08633820140410   190  167
08633820140411   186  172
08633820140412   223  151
08633820140413   203  117
08633820140414   206  117
08633820140415   203  100
08633820140416   210   99
08633820140417   235  109
08633820140418   187  127
08633820140419   170  118
08633820140420   192  125
08633820140421   190  123
08633820140422   172  135
08633820140423   184  109
08633820140424   170  133
08633820140425   207   63
08633820140426   192   96
08633820140427   167   75
08633820140428   228   65
08633820140429   202  139
08633820140430   163  104
08633820140501   159   62
08633820140502   144   96
08633820140503   160   98
08633820140504   132   86
08633820140505   169   98
08633820140506   154  108
08633820140507   153   85
08633820140508   187   41
08633820140509   191   59
08633820140510   163  129
08633820140511   196   96
08633820140512   187   77
08633820140513   208   76
08633820140514   211   86
08633820140515   229  143
08633820140516   234  167
08633820140517   203  165
08633820140518   224  173
08633820140519   235  173
08633820140520   218  150
08633820140521   237  107
08633820140522   210  129
08633820140523   198  152
08633820140524   163   99
08633820140525   209  128
08633820140526   222  118
08633820140527   205  148
08633820140528   182  131
08633820140529   155   93
08633820140530   175   61
08633820140531   189   75
08633820140601   153  113
08633820140602   164  110
08633820140603   163  121
08633820140604   187  107
08633820140605   151  116
08633820140606   153   84
08633820140607   164   95
08633820140608   148  109
08633820140609   156   56
08633820140610   186   91
08633820140611   171   63
08633820140612   164   86
08633820140613   175  121
08633820140614   147  101
08633820140615   147  105
08633820140616   166  104
08633820140617   149  101
08633820140618   141  110
08633820140619   125   72
08633820140620   158   94
08633820140621   159  117
08633820140622   157   72
08633820140623   150   93
08633820140624   143   72
08633820140625   158   88
08633820140626   162  115
08633820140627   151  109
08633820140628   133   97
08633820140629   111   90
08633820140630   132   70
08633820140701   133   89
08633820140702   167  109
08633820140703   131   74
08633820140704   128   83
08633820140705   153   89
08633820140706   138  105
08633820140707   158   95
08633820140708   151   94
08633820140709   117   94
08633820140710   147   78
08633820140711   146   79
08633820140712   104   73
08633820140713   136   51
08633820140714   135   69
08633820140715   132   69
08633820140716   147   99
08633820140717   123   87
08633820140718   125   61
08633820140719   127   82
08633820140720   137   77
08633820140721   129   48
08633820140722   122   52
08633820140723   141   41
08633820140724   150   42
08633820140725   164   86
08633820140726   148  122
08633820140727   168   72
08633820140728   169  100
08633820140729   168  116
08633820140730   193  121
08633820140731   197  137
08633820140801   101   62
08633820140802   119   48
08633820140803   144   12
08633820140804   149   17
08633820140805   168   46
08633820140806   160  106
08633820140807   141  107
08633820140808   163  106
08633820140809   152   71
08633820140810   122   97
08633820140811   122   59
08633820140812   119   62
08633820140813   135   78
08633820140814   137   95
08633820140815   169   36
08633820140816   117   54
08633820140817   150   67
08633820140818   135  102
08633820140819   134  107
08633820140820   126   97
08633820140821   178   75
08633820140822   202   70
08633820140823   207   74
08633820140824   155  110
08633820140825   166  108
08633820140826   176   70
08633820140827   174   67
08633820140828   188   74
08633820140829   149   76
08633820140830   211  104
08633820140831   218   95
08633820140901   155  150
08633820140902   142   86
08633820140903   138   79
08633820140904   143   48
08633820140905   151   48
08633820140906   181   60
08633820140907   208   67
08633820140908   215   97
08633820140909   201  160
08633820140910   193  116
08633820140911   164  112
08633820140912   155   58
08633820140913   172   57
08633820140914   198   68
08633820140915   184   92
08633820140916   148  110
08633820140917   159   96
08633820140918   135   80
08633820140919   147   87
08633820140920   151   98
08633820140921   164  104
08633820140922   233   54
08633820140923   257   94
08633820140924   238  150
08633820140925   154  136
08633820140926   187  104
08633820140927   232   88
08633820140928   280  155
08633820140929   233  146
08633820140930   240  135
08633820141001   152   74
08633820141002   171   96
08633820141003   196  107
08633820141004   263   87
08633820141005   174  137
08633820141006   254   91
08633820141007   172  121
08633820141008   186   90
08633820141009   219   94
08633820141010   245  138
08633820141011   200  137
08633820141012   269   94
08633820141013   146   97
08633820141014   156   86
08633820141015   154   59
08633820141016   156  110
08633820141017   163  102
08633820141018   246   80
08633820141019   292  135
08633820141020   207  102
08633820141021   282   80
08633820141022   323  131
08633820141023   223  148
08633820141024   303  146
08633820141025   182  141
08633820141026   247  138
08633820141027   194  135
08633820141028   195  116
08633820141029   218  107
08633820141030   213  134
08633820141031   323  104
08633820141101   172  134
08633820141102   154   91
08633820141103   231  110
08633820141104   288  125
08633820141105   168  125
08633820141106   225  110
08633820141107   321  111
08633820141108   349  180
08633820141109   175  126
08633820141110   196  110
08633820141111   170  122
08633820141112   228   79
08633820141113   306  127
08633820141114   189  177
08633820141115   176  121
08633820141116   176  106
08633820141117   191  122
08633820141118   199  109
08633820141119   292  114
08633820141120   284  154
08633820141121   222  162
08633820141122   310  129
08633820141123   245  165
08633820141124   197  145
08633820141125   209  115
08633820141126   189  120
08633820141127   183  131
08633820141128   188  114
08633820141129   241  119
08633820141130   350  156
08633820141201   281  208
08633820141202   243  161
08633820141203   239  162
08633820141204   256  175
08633820141205   204  174
08633820141206   227  154
08633820141207   178  138
08633820141208   201  141
08633820141209   190  153
08633820141210   200  127
08633820141211   198  159
08633820141212   266  140
08633820141213   307  144
08633820141214   251  189
08633820141215   229  153
08633820141216   323  160
08633820141217   216  122
08633820141218   248  116
08633820141219   193  114
08633820141220   225  125
08633820141221   331  131
08633820141222   236  172
08633820141223   265  197
08633820141224   213  144
08633820141225   230  134
08633820141226   189  108
08633820141227   211  125
08633820141228   320  122
08633820141229   262  167
08633820141230   234  135
08633820141231   253  126
08633820150101   269  133
08633820150102   388  154
08633820150103   382  200
08633820150104   214  163
08633820150105   220  150
08633820150106   260  177
08633820150107   374  189
08633820150108   282  231
08633820150109   180  165
08633820150110   217  136
08633820150111   275  156
08633820150112   313  161
08633820150113   256  202
08633820150114   227  183
08633820150115   200  158
08633820150116   273  131
08633820150117   250  159
08633820150118   195  153
08633820150119   236  135
08633820150120   304  130
08633820150121   331  197
08633820150122   358  187
08633820150123   250  202
08633820150124   263  158
08633820150125   220  147
08633820150126   198  116
08633820150127   191  117
08633820150128   254  133
08633820150129   222  128
08633820150130   210  131
08633820150131   202  143
08633820150201   190  132
08633820150202   211  135
08633820150203   200  161
08633820150204   190  148
08633820150205   242  133
08633820150206   357  145
08633820150207   350  188
08633820150208   215  189
08633820150209   283  136
08633820150210   278  164
08633820150211   268  181
08633820150212   219  178
08633820150213   324  161
08633820150214   251  190
08633820150215   344  182
08633820150216   246  174
08633820150217   206  176
08633820150218   212  177
08633820150219   269  182
08633820150220   253  174
08633820150221   361  181
08633820150222   353  203
08633820150223   293  211
08633820150224   201  159
08633820150225   270  140
08633820150226   232  160
08633820150227   243  148
08633820150228   323  179
08633820150301   208  152
08633820150302   230  116
08633820150303   227  155
08633820150304   235  154
08633820150305   186  126
08633820150306   211  141
08633820150307   226  154
08633820150308   244  162
08633820150309   238  144
08633820150310   217  162
08633820150311   238  112
08633820150312   199  130
08633820150313   204  144
08633820150314   301   94
08633820150315   183  131
08633820150316   255  105
08633820150317   262  130
08633820150318   244  178
08633820150319   335  165
08633820150320   196  142
08633820150321   227  119
08633820150322   288  113
08633820150323   270  136
08633820150324   153  126
08633820150325   204  130
08633820150326   180   98
08633820150327   181  116
08633820150328   191  127
08633820150329   227   85
08633820150330   231  106
08633820150331   253  112
08633820150401   290  133
08633820150402   172  128
08633820150403   209   80
08633820150404   235   85
08633820150405   185  102
08633820150406   184  112
08633820150407   173  124
08633820150408   177  133
08633820150409   191   87
08633820150410   187   86
08633820150411   237  116
08633820150412   183  121
08633820150413   191   73
08633820150414   247  105
08633820150415   276  139
08633820150416   178  156
08633820150417   171  101
08633820150418   219  135
08633820150419   147   97
08633820150420   162   70
08633820150421   177   65
08633820150422   195   91
08633820150423   192  122
08633820150424   211  144
08633820150425   150  116
08633820150426   154  104
08633820150427   151  105
08633820150428   160  101
08633820150429   171   74
08633820150430   196   64
08633820150501   231   79
08633820150502   222  116
08633820150503   182   97
08633820150504   223   75
08633820150505   181   92
08633820150506   162   95
08633820150507   156  103
08633820150508   159  105
08633820150509   187  128
08633820150510   166  128
08633820150511   159  124
08633820150512   174  128
08633820150513   128   63
08633820150514   146   73
08633820150515   145  115
08633820150516   162  113
08633820150517   205   74
08633820150518   204   72
08633820150519   162   99
08633820150520   181  136
08633820150521   136  103
08633820150522   141   91
08633820150523   133  104
08633820150524   156   60
08633820150525   171   74
08633820150526   156   54
08633820150527   187   79
08633820150528   197  131
08633820150529   158   95
08633820150530   173  110
08633820150531   168  123
08633820150601   122   52
08633820150602   114   71
08633820150603   136   81
08633820150604   113   44
08633820150605   150   70
08633820150606   166   92
08633820150607   145  112
08633820150608   185  111
08633820150609   135  103
08633820150610   134   75
08633820150611   140   57
08633820150612   131   52
08633820150613   182   60
08633820150614   174   58
08633820150615   169   71
08633820150616   161   95
08633820150617   138  117
08633820150618   127  107
08633820150619   124   70
08633820150620   116   41
08633820150621   129   22
08633820150622   141   36
08633820150623   176   96
08633820150624   160  122
08633820150625   140   96
08633820150626   169  105
08633820150627   141   80
08633820150628   145   96
08633820150629   123   69
08633820150630   142   50
08633820150701   150   74
08633820150702   119  103
08633820150703   120   59
08633820150704   106   73
08633820150705   149   82
08633820150706   115   75
08633820150707   142   74
08633820150708   148   49
08633820150709   134   65
08633820150710   143   76
08633820150711   131  109
08633820150712   123   34
08633820150713   127   61
08633820150714    98   81
08633820150715   105   58
08633820150716   123   66
08633820150717   123   73
08633820150718   115   61
08633820150719   121    6
08633820150720   147   18
08633820150721   170   42
08633820150722   166  114
08633820150723   161   51
08633820150724   150   76
08633820150725   133   94
08633820150726   116   81
08633820150727   139   62
08633820150728   144   79
08633820150729   140   84
08633820150730   123   86
08633820150731   140   41
08633820150801   114   65
08633820150802   149   78
08633820150803   108   73
08633820150804   113   35
08633820150805   108   66
08633820150806   128   71
08633820150807   131   90
08633820150808   126   88
08633820150809   133   77
08633820150810   160   83
08633820150811   148   78
08633820150812   148   93
08633820150813   130   84
08633820150814   153  104
08633820150815   149  100
08633820150816   170   47
08633820150817   122   68
08633820150818   111   61
08633820150819   127   55
08633820150820   171   61
08633820150821   187  109
08633820150822   188  118
08633820150823   163   79
08633820150824   145   85
08633820150825   143   95
08633820150826   146   92
08633820150827   117   98
08633820150828   132   81
08633820150829   117   63
08633820150830   125   79
08633820150831   130   81
08633820150901   162   51
08633820150902   188   80
08633820150903   140  106
08633820150904   137   87
08633820150905   140  102
08633820150906   166   58
08633820150907   136   89
08633820150908   128   88
08633820150909   153  100
08633820150910   157  100
08633820150911   201   51
08633820150912   217  122
08633820150913   255  132
08633820150914   267  154
08633820150915   159  108
08633820150916   148   89
08633820150917   143   90
08633820150918   147  105
08633820150919   213   65
08633820150920   229   85
08633820150921   181  140
08633820150922   127   76
08633820150923   126   85
08633820150924   143   51
08633820150925   191   58
08633820150926   179   66
08633820150927   202   98
08633820150928   214   83
08633820150929   169   90
08633820150930   159  115
08633820151001   216   60
08633820151002   286   99
08633820151003   313  163
08633820151004   249  139
08633820151005   344  127
08633820151006   358  155
08633820151007   162  118
08633820151008   186   76
08633820151009   299  109
08633820151010   292  175
08633820151011   192  169
08633820151012   161  113
08633820151013   176   79
08633820151014   286  112
08633820151015   340  144
08633820151016   238  170
08633820151017   205  115
08633820151018   177  126
08633820151019   267   83
08633820151020   318  129
08633820151021   183  176
08633820151022   167  114
08633820151023   164  118
08633820151024   195   92
08633820151025   313  102
08633820151026   159  140
08633820151027   233  104
08633820151028   268  101
08633820151029   261  137
08633820151030   274  126
08633820151031   259  157
08633820151101   260  164
08633820151102   160  145
08633820151103   179   80
08633820151104   272  109
08633820151105   247  162
08633820151106   187  166
08633820151107   168  119
08633820151108   248   85
08633820151109   331  136
08633820151110   164  152
08633820151111   201  115
08633820151112   212  137
08633820151113   182  135
08633820151114   183  121
08633820151115   185  130
08633820151116   263  114
08633820151117   333  157
08633820151118   295  147
08633820151119   315  156
08633820151120   191  154
08633820151121   175  122
08633820151122   200  135
08633820151123   207  138
08633820151124   245  136
08633820151125   333  135
08633820151126   174  108
08633820151127   182   90
08633820151128   201  120
08633820151129   203  126
08633820151130   322  100
08633820151201   246  145
08633820151202   175   92
08633820151203   213  122
08633820151204   308  113
08633820151205   253  155
08633820151206   298  153
08633820151207   273  181
08633820151208   354  203
08633820151209   246  154
08633820151210   260  131
08633820151211   192  142
08633820151212   183  101
08633820151213   283  103
08633820151214   227  119
08633820151215   246  144
08633820151216   275  156
08633820151217   372  169
08633820151218   354  194
08633820151219   412  192
08633820151220   378  259
08633820151221   202  150
08633820151222   228  120
08633820151223   260  151
08633820151224   346  167
08633820151225   341  217
08633820151226   200  127
08633820151227   194  119
08633820151228   208  128
08633820151229   239  124
08633820151230   347  139
08633820151231   397  197
08633820160101   242  198
08633820160102   276  171
08633820160103   271  175
08633820160104   260  163
08633820160105   257  171
08633820160106   257  173
08633820160107   213  163
08633820160108   206  162
08633820160109   214  168
08633820160110   315  157
08633820160111   364  172
08633820160112   248  171
08633820160113   422  168
08633820160114   181  161
08633820160115   192  136
08633820160116   223  119
08633820160117   327  149
08633820160118   353  186
08633820160119   309  179
08633820160120   291  193
08633820160121   267  190
08633820160122   228  175
08633820160123   219  173
08633820160124   222  162
08633820160125   209  167
08633820160126   294  165
08633820160127   295  193
08633820160128   275  203
08633820160129   183  144
08633820160130   224  123
08633820160131   218  139
08633820160201   236  125
08633820160202   315  154
08633820160203   210  181
08633820160204   209  173
08633820160205   294  153
08633820160206   326  165
08633820160207   277  191
08633820160208   229  192
08633820160209   227  174
08633820160210   233  174
08633820160211   238  180
08633820160212   249  167
08633820160213   303  177
08633820160214   245  164
08633820160215   261  140
08633820160216   184  137
08633820160217   211  127
08633820160218   226  155
08633820160219   220  158
08633820160220   208  158
08633820160221   247  126
08633820160222   295  156
08633820160223   394  181
08633820160224   256  224
08633820160225   264  196
08633820160226   235  155
08633820160227   222  177
08633820160228   227  177
08633820160229   237  150
08633820160301   337  173
08633820160302   347  176
08633820160303   239  174
08633820160304   330  165
08633820160305   237  204
08633820160306   252  174
08633820160307   249  186
08633820160308   389  199
08633820160309   285  208
08633820160310   221  181
08633820160311   261  188
08633820160312   223  187
08633820160313   232  177
08633820160314   213  184
08633820160315   268  151
08633820160316   314  153
08633820160317   325  183
08633820160318   195  152
08633820160319   188  120
08633820160320   233  101
08633820160321   235  112
08633820160322   243  114
08633820160323   288  137
08633820160324   212  163
08633820160325   204  159
08633820160326   202  141
08633820160327   199  143
08633820160328   192   94
08633820160329   179  145
08633820160330   187  155
08633820160331   227  113
08633820160401   265  131
08633820160402   195  155
08633820160403   188  113
08633820160404   212   97
08633820160405   290  123
08633820160406   156  136
08633820160407   184   83
08633820160408   200  119
08633820160409   223  104
08633820160410   235  136
08633820160411   201  145
08633820160412   187  140
08633820160413   200  113
08633820160414   270  116
08633820160415   270  134
08633820160416   203  140
08633820160417   198  131
08633820160418   250   98
08633820160419   274  136
08633820160420   280  153
08633820160421   242  171
08633820160422   167  146
08633820160423   186  123
08633820160424   200   91
08633820160425   250   99
08633820160426   256  113
08633820160427   254  130
08633820160428   249  198
08633820160429   206  169
08633820160430   241  164
08633820160501   170  144
08633820160502   184   90
08633820160503   201  123
08633820160504   182   98
08633820160505   205  126
08633820160506   247  159
08633820160507   257  114
08633820160508   204  155
08633820160509   222  154
08633820160510   172  137
08633820160511   174  122
08633820160512   214  141
08633820160513   216  159
08633820160514   217  145
08633820160515   220  150
08633820160516   196   77
08633820160517   171  114
08633820160518   193  130
08633820160519   184  146
08633820160520   174  116
08633820160521   185   81
08633820160522   222   92
08633820160523   172  128
08633820160524   158  107
08633820160525   156   76
08633820160526   125  103
08633820160527   144   92
08633820160528   132   57
08633820160529   139   87
08633820160530   154   72
08633820160531   174   36
08633820160601   170   48
08633820160602   128   48
08633820160603   141   68
08633820160604   134   98
08633820160605   141  105
08633820160606   145   89
08633820160607   153  105
08633820160608   147   97
08633820160609   175  108
08633820160610   158  104
08633820160611   135   90
08633820160612   138   50
08633820160613   134   38
08633820160614   156   86
08633820160615   179   60
08633820160616   143   78
08633820160617   151   93
08633820160618   127  100
08633820160619   135   73
08633820160620   132   91
08633820160621   147  104
08633820160622   154  112
08633820160623   148  104
08633820160624   107   69
08633820160625   127   56
08633820160626   111   30
08633820160627   106   48
08633820160628   170   50
08633820160629   158   89
08633820160630   117  103
08633820160701   141   73
08633820160702   165   99
08633820160703   167  109
08633820160704   127  104
08633820160705   128   82
08633820160706   130   98
08633820160707   137  105
08633820160708   153   97
08633820160709   152   53
08633820160710   142   65
08633820160711   160   83
08633820160712   137  107
08633820160713   120   45
08633820160714   140   66
08633820160715   141   88
08633820160716   137   78
08633820160717   161   31
08633820160718   177   96
08633820160719   160  126
08633820160720   161   98
08633820160721   181   69
08633820160722   183   92
08633820160723   116   75
08633820160724   114   47
08633820160725   143   63
08633820160726   110   65
08633820160727   129   75
08633820160728   152   69
08633820160729   153  102
08633820160730   138   91
08633820160731   170  103
08633820160801   144  112
08633820160802   134   85
08633820160803   128   87
08633820160804   146   49
08633820160805   146   34
08633820160806   144   58
08633820160807   166   76
08633820160808   142   50
08633820160809   189   97
08633820160810   153   96
08633820160811   157   68
08633820160812   141   77
08633820160813   151   79
08633820160814   187   85
08633820160815   181  102
08633820160816   182  100
08633820160817   156  125
08633820160818   216   71
08633820160819   164  153
08633820160820   136   69
08633820160821   148   95
08633820160822   160   78
08633820160823   134   70
08633820160824   127   37
08633820160825   130   65
08633820160826   144   72
08633820160827   163   93
08633820160828   190  105
08633820160829   204   87
08633820160830   168  102
08633820160831   202  128
08633820160901   155  116
08633820160902   150   96
08633820160903   157  100
08633820160904   169  101
08633820160905   184  128
08633820160906   215   92
08633820160907   210   96
08633820160908   233  131
08633820160909   167  160
08633820160910   143  115
08633820160911   170   73
08633820160912   136   99
08633820160913   146   96
08633820160914   161  105
08633820160915   146   87
08633820160916   157   90
08633820160917   198  111
08633820160918   125  108
08633820160919   163   85
08633820160920   188   91
08633820160921   152  109
08633820160922   134   96
08633820160923   165   98
08633820160924   201  100
08633820160925   147   95
08633820160926   169   81
08633820160927   148   74
08633820160928   193   75
08633820160929   167  125
08633820160930   164   93
08633820161001   186  116
08633820161002   240  121
08633820161003   159  111
08633820161004   171  106
08633820161005   171   80
08633820161006   272   97
08633820161007   225  141
08633820161008   169   97
08633820161009   220   95
08633820161010   168  130
08633820161011   151   75
08633820161012   154  102
08633820161013   146   68
08633820161014   227   52
08633820161015   248   94
08633820161016   231  174
08633820161017   189   98
08633820161018   166   96
08633820161019   165   75
08633820161020   218   68
08633820161021   176  148
08633820161022   132   69
08633820161023   141   79
08633820161024   171   94
08633820161025   257   96
08633820161026   185  165
08633820161027   154  101
08633820161028   166   63
08633820161029   256   93
08633820161030   280  127
08633820161031   175   79
08633820161101   184   94
08633820161102   185   97
08633820161103   191  100
08633820161104   292  102
08633820161105   168  100
08633820161106   214  115
08633820161107   259  146
08633820161108   182  110
08633820161109   174   92
08633820161110   175  119
08633820161111   238   84
08633820161112   255  132
08633820161113   190  117
08633820161114   159  115
08633820161115   192  110
08633820161116   216  119
08633820161117   314  120
08633820161118   189  153
08633820161119   194  117
08633820161120   333  119
08633820161121   350  179
08633820161122   149  145
08633820161123   168  110
08633820161124   170  103
08633820161125   179  109
08633820161126   174  122
08633820161127   163  116
08633820161128   196  122
08633820161129   200  104
08633820161130   189  133
08633820161201   219  129
08633820161202   216  130
08633820161203   239   99
08633820161204   317  127
08633820161205   215  169
08633820161206   208  128
08633820161207   283  105
08633820161208   232  154
08633820161209   173  100
08633820161210   188  112
08633820161211   193  129
08633820161212   328  107
08633820161213   363  165
08633820161214   193  157
08633820161215   186  117
08633820161216   255   97
08633820161217   209  151
08633820161218   175  100
08633820161219   302   88
08633820161220   215  144
08633820161221   199  135
08633820161222   200  146
08633820161223   263  125
08633820161224   349  162
08633820161225   363  164
08633820161226   293  254
08633820161227   298  180
08633820161228   382  203
08633820161229   335  270
08633820161230   278  201
08633820161231   238  173
