07035120080919   236 -999
07035120080920   238   66
07035120080921   198   44
07035120080922   225   24
07035120080923   166   76
07035120080924   173   20
07035120080925   190   23
07035120080926   214   18
07035120080927   259   53
07035120080928   245  138
07035120080929   192   47
07035120080930   178   12
07035120081001   220    3
07035120081002   279   47
07035120081003   294  161
07035120081004   206  143
07035120081005   217  102
07035120081006   180  112
07035120081007   167   -3
07035120081008   183   -1
07035120081009   203   -6
07035120081010   220   41
07035120081011   231   77
07035120081012   243   42
07035120081013   266   64
07035120081014   214  119
07035120081015   199   91
07035120081016   212   36
07035120081017   242   41
07035120081018   258   62
07035120081019   292   78
07035120081020   280  110
07035120081021   203   87
07035120081022   153   31
07035120081023   183   34
07035120081024   213    0
07035120081025   263   21
07035120081026   267   73
07035120081027   314   85
07035120081028   291   66
07035120081029  -999  125
07035120081031   308 -999
07035120081101   216  104
07035120081102   255  114
07035120081103   239  131
07035120081104   208   87
07035120081105   210   72
07035120081106   264   56
07035120081107   212   69
07035120081108   189  125
07035120081109   233   54
07035120081110   268  109
07035120081111   277  106
07035120081112   303  101
07035120081113   311  114
07035120081114   336  133
07035120081115   279  155
07035120081116   247   62
07035120081117   248   95
07035120081118   220  118
07035120081119   227  149
07035120081120   231  145
07035120081121   232  103
07035120081122   130   71
07035120081123   163   49
07035120081124   224   87
07035120081125   197  101
07035120081126   215   91
07035120081127   289   86
07035120081128   263  133
07035120081129   237  144
07035120081130   214   78
07035120081201   251  123
07035120081202   247   52
07035120081203   259   80
07035120081204   246  106
07035120081205   295  145
07035120081206   293  125
07035120081207   265  157
07035120081208   269  118
07035120081209   292   79
07035120081210   242  147
07035120081211   225  133
07035120081212   218  126
07035120081213   236  132
07035120081214   198  117
07035120081215   243   99
07035120081216   247   76
07035120081217   255   99
07035120081218   250  126
07035120081219   216   80
07035120081220   213   71
07035120081221   248   76
07035120081222   289  105
07035120081223   261  161
07035120081224   203  137
07035120081225   288  107
07035120081226   307  138
07035120081227   289  143
07035120081228   297  132
07035120081229   270  111
07035120081230   216  104
07035120081231   238  129
07035120090101   269  111
07035120090102   245  106
07035120090103   258   89
07035120090104   307   99
07035120090105   316  134
07035120090106   346   96
07035120090107   365  114
07035120090108   271  158
07035120090109   219  114
07035120090110   249   79
07035120090111   296   93
07035120090112   278  137
07035120090113   339  155
07035120090114   378  149
07035120090115   382  175
07035120090116   298  137
07035120090117   255   82
07035120090118   294   71
07035120090119   335  114
07035120090120   345  141
07035120090121   342  167
07035120090122   298  196
07035120090123   318  188
07035120090124   293  176
07035120090125   276  149
07035120090126   314  128
07035120090127   321  165
07035120090128   353  166
07035120090129   375  180
07035120090130   374  153
07035120090131   387  146
07035120090201   329  182
07035120090202   351  168
07035120090203   318  169
07035120090204   341  168
07035120090205   378  180
07035120090206   403  201
07035120090207   403  200
07035120090208   403  203
07035120090209   268  174
07035120090210   237  124
07035120090211   235  114
07035120090212   169  107
07035120090213   195  113
07035120090214   201   93
07035120090215   230  132
07035120090216   216  133
07035120090217   213   90
07035120090218   253  155
07035120090219   314  103
07035120090220   302   95
07035120090221   279  119
07035120090222   282  105
07035120090223   310  127
07035120090224   321  109
07035120090225   324  111
07035120090226   270  107
07035120090227   305  150
07035120090228   349  132
07035120090301   294  143
07035120090302   278  156
07035120090303   265  157
07035120090304   228  161
07035120090305   222  104
07035120090306   241   43
07035120090307   279   87
07035120090308   248  113
07035120090309   266  146
07035120090310   282  107
07035120090311   262  133
07035120090312   287  150
07035120090313   256  167
07035120090314   277  124
07035120090315   217  113
07035120090316   219   50
07035120090317   245   36
07035120090318   274   75
07035120090319   291   85
07035120090320   306   85
07035120090321   301   84
07035120090322   307   93
07035120090323   312   98
07035120090324   324  115
07035120090325   319  139
07035120090326   289  113
07035120090327   254  134
07035120090328   276  133
07035120090329   299   86
07035120090330   245   98
07035120090331   232  122
07035120090401   216  149
07035120090402   235  147
07035120090403   293  143
07035120090404   214  131
07035120090405   224  107
07035120090406   211   75
07035120090407   211   72
07035120090408   220   52
07035120090409   236   83
07035120090410   220   83
07035120090411   242   68
07035120090412   237  115
07035120090413   204   94
07035120090414   221  128
07035120090415   234   75
07035120090416   195   19
07035120090417   209   23
07035120090418   222   51
07035120090419   201   60
07035120090420   177   85
07035120090421   179   94
07035120090422   192   63
07035120090423   199   88
07035120090424   168   63
07035120090425   152  101
07035120090426   119   69
07035120090427   111   53
07035120090428   142   64
07035120090429   130   11
07035120090430   164   28
07035120090501   166    3
07035120090502   180    8
07035120090503   186   41
07035120090504   191   13
07035120090505   183   36
07035120090506   173   27
07035120090507   173   -7
07035120090508   176   24
07035120090509   199   -3
07035120090510   173   22
07035120090511   166   -7
07035120090512   167    9
07035120090513   160  -10
07035120090514   139   52
07035120090515   142   96
07035120090516   159  105
07035120090517   164    2
07035120090518   171    6
07035120090519   184   40
07035120090520   162   62
07035120090521   169   74
07035120090522   159  102
07035120090523   182   95
07035120090524   184   78
07035120090525   186   57
07035120090526   144   43
07035120090527   173   87
07035120090528   151   22
07035120090529   127   18
07035120090530   141   11
07035120090531   142   39
07035120090601   131   51
07035120090602   159   57
07035120090603   145   87
07035120090604   132   68
07035120090605   155  100
07035120090606   131   18
07035120090607   116   45
07035120090608   127   67
07035120090609    93   45
07035120090610    95   21
07035120090611    91  -68
07035120090612    41  -31
07035120090613   121    5
07035120090614   140  -20
07035120090615   129    2
07035120090616   132    5
07035120090617   144   15
07035120090618   131  -13
07035120090619   150  -13
07035120090620   150   -6
07035120090621   137   81
07035120090622   131   36
07035120090623   105   39
07035120090624   134   -6
07035120090625   128    1
07035120090626   128   29
07035120090627   152   53
07035120090628   145   77
07035120090629   136   59
07035120090630   170   81
07035120090701   132   70
07035120090702   112   62
07035120090703   108   49
07035120090704   114   33
07035120090705   118   12
07035120090706    90  -38
07035120090707   108  -33
07035120090708   110  -25
07035120090709   131   -2
07035120090710   140    4
07035120090711   135   35
07035120090712   151   49
07035120090713   132   49
07035120090714   110   38
07035120090715   116  -19
07035120090716   104  -23
07035120090717   138    7
07035120090718   123  -40
07035120090719   139   -5
07035120090720   144    2
07035120090721   167  -17
07035120090722   181   38
07035120090723   108   44
07035120090724   113  -38
07035120090725   121  -26
07035120090726   115  -15
07035120090727   123  -15
07035120090728   124   17
07035120090729   140   38
07035120090730   127   -4
07035120090731   143   17
07035120090801   137  -24
07035120090802   124  -27
07035120090803   159   12
07035120090804   134   -7
07035120090805   132  -21
07035120090806   158   33
07035120090807   152   58
07035120090808   137  -47
07035120090809   135  -50
07035120090810   152  -36
07035120090811   155   27
07035120090812   129   15
07035120090813   155   45
07035120090814   150    8
07035120090815   177  -14
07035120090816   152  -16
07035120090817   137   56
07035120090818   151  -38
07035120090819   162  -24
07035120090820   179   33
07035120090821   124   21
07035120090822   139   32
07035120090823   189   82
07035120090824   149  115
07035120090825   109   55
07035120090826   113   38
07035120090827   161   47
07035120090828   187   16
07035120090829   175   69
07035120090830   112   58
07035120090831   134   51
07035120090901   153   53
07035120090902   163  -25
07035120090903   176   11
07035120090904   189   64
07035120090905   158  -10
07035120090906   161  -45
07035120090907   120   19
07035120090908   149    9
07035120090909   137   21
07035120090910   144   55
07035120090911   176  -16
07035120090912   224   46
07035120090913   252   45
07035120090914   196   80
07035120090915   191   42
07035120090916   236    1
07035120090917   234   64
07035120090918   204  101
07035120090919   199   85
07035120090920   226   37
07035120090921   204   15
07035120090922   212  114
07035120090923   144   74
07035120090924   161   76
07035120090925   198   22
07035120090926   106   56
07035120090927    92   27
07035120090928   147   39
07035120090929   157   43
07035120090930   193    1
07035120091001   256   18
07035120091002   173   70
07035120091003   116   80
07035120091004   124   66
07035120091005   163   86
07035120091006   162   26
07035120091007   110   -6
07035120091008   139   42
07035120091009   157  -15
07035120091010   158   12
07035120091011   174   28
07035120091012   152   22
07035120091013   156   78
07035120091014   145   85
07035120091015   141   89
07035120091016   160   28
07035120091017   170    2
07035120091018   185   84
07035120091019   208   44
07035120091020   250   59
07035120091021   291   39
07035120091022   268  116
07035120091023   247  122
07035120091024   261   80
07035120091025   188   82
07035120091026   153   80
07035120091027   195   64
07035120091028   250   91
07035120091029   208  128
07035120091030   284   89
07035120091031   288  100
07035120091101   322  115
07035120091102   334  137
07035120091103   321  148
07035120091104   250   89
07035120091105   191  102
07035120091106   208  108
07035120091107   251   92
07035120091109   317 -999
07035120091110   332   89
07035120091111   337   98
07035120091112   355  103
07035120091113   270  139
07035120091114   333   74
07035120091115   341  123
07035120091116   345  120
07035120091117   280  105
07035120091118   319  130
07035120091119   392  129
07035120091120   399  163
07035120091121   303  184
07035120091122   303  176
07035120091123   185  145
07035120091124   212  123
07035120091125   346  118
07035120091126   328  144
07035120091127   262  134
07035120091128   286  124
07035120091129   202  129
07035120091130   188  113
07035120091201   216   67
07035120091202   246   60
07035120091203   286   71
07035120091204   305   96
07035120091205   268  101
07035120091206   305   86
07035120091207   318  117
07035120091208   352  112
07035120091209   237  107
07035120091210   278   99
07035120091211   228  110
07035120091212   272   74
07035120091213   321   89
07035120091214   267  155
07035120091215   325  145
07035120091216   361  136
07035120091217   391  147
07035120091218   268  168
07035120091219   302   76
07035120091220   285  137
07035120091221   322  149
07035120091222   349  122
07035120091223   358  134
07035120091224   359  169
07035120091225   193  179
07035120091226   182  134
07035120091227   271  137
07035120091228   286  172
07035120091229   312  142
07035120091230   285  114
07035120091231   291  132
07035120080919   236 -999
07035120080920   238   66
07035120080921   198   44
07035120080922   225   24
07035120080923   166   76
07035120080924   173   20
07035120080925   190   23
07035120080926   214   18
07035120080927   259   53
07035120080928   245  138
07035120080929   192   47
07035120080930   178   12
07035120081001   220    3
07035120081002   279   47
07035120081003   294  161
07035120081004   206  143
07035120081005   217  102
07035120081006   180  112
07035120081007   167   -3
07035120081008   183   -1
07035120081009   203   -6
07035120081010   220   41
07035120081011   231   77
07035120081012   243   42
07035120081013   266   64
07035120081014   214  119
07035120081015   199   91
07035120081016   212   36
07035120081017   242   41
07035120081018   258   62
07035120081019   292   78
07035120081020   280  110
07035120081021   203   87
07035120081022   153   31
07035120081023   183   34
07035120081024   213    0
07035120081025   263   21
07035120081026   267   73
07035120081027   314   85
07035120081028   291   66
07035120081029  -999  125
07035120081031   308 -999
07035120081101   216  104
07035120081102   255  114
07035120081103   239  131
07035120081104   208   87
07035120081105   210   72
07035120081106   264   56
07035120081107   212   69
07035120081108   189  125
07035120081109   233   54
07035120081110   268  109
07035120081111   277  106
07035120081112   303  101
07035120081113   311  114
07035120081114   336  133
07035120081115   279  155
07035120081116   247   62
07035120081117   248   95
07035120081118   220  118
07035120081119   227  149
07035120081120   231  145
07035120081121   232  103
07035120081122   130   71
07035120081123   163   49
07035120081124   224   87
07035120081125   197  101
07035120081126   215   91
07035120081127   289   86
07035120081128   263  133
07035120081129   237  144
07035120081130   214   78
07035120081201   251  123
07035120081202   247   52
07035120081203   259   80
07035120081204   246  106
07035120081205   295  145
07035120081206   293  125
07035120081207   265  157
07035120081208   269  118
07035120081209   292   79
07035120081210   242  147
07035120081211   225  133
07035120081212   218  126
07035120081213   236  132
07035120081214   198  117
07035120081215   243   99
07035120081216   247   76
07035120081217   255   99
07035120081218   250  126
07035120081219   216   80
07035120081220   213   71
07035120081221   248   76
07035120081222   289  105
07035120081223   261  161
07035120081224   203  137
07035120081225   288  107
07035120081226   307  138
07035120081227   289  143
07035120081228   297  132
07035120081229   270  111
07035120081230   216  104
07035120081231   238  129
07035120090101   269  111
07035120090102   245  106
07035120090103   258   89
07035120090104   307   99
07035120090105   316  134
07035120090106   346   96
07035120090107   365  114
07035120090108   271  158
07035120090109   219  114
07035120090110   249   79
07035120090111   296   93
07035120090112   278  137
07035120090113   339  155
07035120090114   378  149
07035120090115   382  175
07035120090116   298  137
07035120090117   255   82
07035120090118   294   71
07035120090119   335  114
07035120090120   345  141
07035120090121   342  167
07035120090122   298  196
07035120090123   318  188
07035120090124   293  176
07035120090125   276  149
07035120090126   314  128
07035120090127   321  165
07035120090128   353  166
07035120090129   375  180
07035120090130   374  153
07035120090131   387  146
07035120090201   329  182
07035120090202   351  168
07035120090203   318  169
07035120090204   341  168
07035120090205   378  180
07035120090206   403  201
07035120090207   403  200
07035120090208   403  203
07035120090209   268  174
07035120090210   237  124
07035120090211   235  114
07035120090212   169  107
07035120090213   195  113
07035120090214   201   93
07035120090215   230  132
07035120090216   216  133
07035120090217   213   90
07035120090218   253  155
07035120090219   314  103
07035120090220   302   95
07035120090221   279  119
07035120090222   282  105
07035120090223   310  127
07035120090224   321  109
07035120090225   324  111
07035120090226   270  107
07035120090227   305  150
07035120090228   349  132
07035120090301   294  143
07035120090302   278  156
07035120090303   265  157
07035120090304   228  161
07035120090305   222  104
07035120090306   241   43
07035120090307   279   87
07035120090308   248  113
07035120090309   266  146
07035120090310   282  107
07035120090311   262  133
07035120090312   287  150
07035120090313   256  167
07035120090314   277  124
07035120090315   217  113
07035120090316   219   50
07035120090317   245   36
07035120090318   274   75
07035120090319   291   85
07035120090320   306   85
07035120090321   301   84
07035120090322   307   93
07035120090323   312   98
07035120090324   324  115
07035120090325   319  139
07035120090326   289  113
07035120090327   254  134
07035120090328   276  133
07035120090329   299   86
07035120090330   245   98
07035120090331   232  122
07035120090401   216  149
07035120090402   235  147
07035120090403   293  143
07035120090404   214  131
07035120090405   224  107
07035120090406   211   75
07035120090407   211   72
07035120090408   220   52
07035120090409   236   83
07035120090410   220   83
07035120090411   242   68
07035120090412   237  115
07035120090413   204   94
07035120090414   221  128
07035120090415   234   75
07035120090416   195   19
07035120090417   209   23
07035120090418   222   51
07035120090419   201   60
07035120090420   177   85
07035120090421   179   94
07035120090422   192   63
07035120090423   199   88
07035120090424   168   63
07035120090425   152  101
07035120090426   119   69
07035120090427   111   53
07035120090428   142   64
07035120090429   130   11
07035120090430   164   28
07035120090501   166    3
07035120090502   180    8
07035120090503   186   41
07035120090504   191   13
07035120090505   183   36
07035120090506   173   27
07035120090507   173   -7
07035120090508   176   24
07035120090509   199   -3
07035120090510   173   22
07035120090511   166   -7
07035120090512   167    9
07035120090513   160  -10
07035120090514   139   52
07035120090515   142   96
07035120090516   159  105
07035120090517   164    2
07035120090518   171    6
07035120090519   184   40
07035120090520   162   62
07035120090521   169   74
07035120090522   159  102
07035120090523   182   95
07035120090524   184   78
07035120090525   186   57
07035120090526   144   43
07035120090527   173   87
07035120090528   151   22
07035120090529   127   18
07035120090530   141   11
07035120090531   142   39
07035120090601   131   51
07035120090602   159   57
07035120090603   145   87
07035120090604   132   68
07035120090605   155  100
07035120090606   131   18
07035120090607   116   45
07035120090608   127   67
07035120090609    93   45
07035120090610    95   21
07035120090611    91  -68
07035120090612    41  -31
07035120090613   121    5
07035120090614   140  -20
07035120090615   129    2
07035120090616   132    5
07035120090617   144   15
07035120090618   131  -13
07035120090619   150  -13
07035120090620   150   -6
07035120090621   137   81
07035120090622   131   36
07035120090623   105   39
07035120090624   134   -6
07035120090625   128    1
07035120090626   128   29
07035120090627   152   53
07035120090628   145   77
07035120090629   136   59
07035120090630   170   81
07035120090701   132   70
07035120090702   112   62
07035120090703   108   49
07035120090704   114   33
07035120090705   118   12
07035120090706    90  -38
07035120090707   108  -33
07035120090708   110  -25
07035120090709   131   -2
07035120090710   140    4
07035120090711   135   35
07035120090712   151   49
07035120090713   132   49
07035120090714   110   38
07035120090715   116  -19
07035120090716   104  -23
07035120090717   138    7
07035120090718   123  -40
07035120090719   139   -5
07035120090720   144    2
07035120090721   167  -17
07035120090722   181   38
07035120090723   108   44
07035120090724   113  -38
07035120090725   121  -26
07035120090726   115  -15
07035120090727   123  -15
07035120090728   124   17
07035120090729   140   38
07035120090730   127   -4
07035120090731   143   17
07035120090801   137  -24
07035120090802   124  -27
07035120090803   159   12
07035120090804   134   -7
07035120090805   132  -21
07035120090806   158   33
07035120090807   152   58
07035120090808   137  -47
07035120090809   135  -50
07035120090810   152  -36
07035120090811   155   27
07035120090812   129   15
07035120090813   155   45
07035120090814   150    8
07035120090815   177  -14
07035120090816   152  -16
07035120090817   137   56
07035120090818   151  -38
07035120090819   162  -24
07035120090820   179   33
07035120090821   124   21
07035120090822   139   32
07035120090823   189   82
07035120090824   149  115
07035120090825   109   55
07035120090826   113   38
07035120090827   161   47
07035120090828   187   16
07035120090829   175   69
07035120090830   112   58
07035120090831   134   51
07035120090901   153   53
07035120090902   163  -25
07035120090903   176   11
07035120090904   189   64
07035120090905   158  -10
07035120090906   161  -45
07035120090907   120   19
07035120090908   149    9
07035120090909   137   21
07035120090910   144   55
07035120090911   176  -16
07035120090912   224   46
07035120090913   252   45
07035120090914   196   80
07035120090915   191   42
07035120090916   236    1
07035120090917   234   64
07035120090918   204  101
07035120090919   199   85
07035120090920   226   37
07035120090921   204   15
07035120090922   212  114
07035120090923   144   74
07035120090924   161   76
07035120090925   198   22
07035120090926   106   56
07035120090927    92   27
07035120090928   147   39
07035120090929   157   43
07035120090930   193    1
07035120091001   256   18
07035120091002   173   70
07035120091003   116   80
07035120091004   124   66
07035120091005   163   86
07035120091006   162   26
07035120091007   110   -6
07035120091008   139   42
07035120091009   157  -15
07035120091010   158   12
07035120091011   174   28
07035120091012   152   22
07035120091013   156   78
07035120091014   145   85
07035120091015   141   89
07035120091016   160   28
07035120091017   170    2
07035120091018   185   84
07035120091019   208   44
07035120091020   250   59
07035120091021   291   39
07035120091022   268  116
07035120091023   247  122
07035120091024   261   80
07035120091025   188   82
07035120091026   153   80
07035120091027   195   64
07035120091028   250   91
07035120091029   208  128
07035120091030   284   89
07035120091031   288  100
07035120091101   322  115
07035120091102   334  137
07035120091103   321  148
07035120091104   250   89
07035120091105   191  102
07035120091106   208  108
07035120091107   251   92
07035120091108  -999   76
07035120091109   317 -999
07035120091110   332   89
07035120091111   337   98
07035120091112   355  103
07035120091113   270  139
07035120091114   333   74
07035120091115   341  123
07035120091116   345  120
07035120091117   280  105
07035120091118   319  130
07035120091119   392  129
07035120091120   399  163
07035120091121   303  184
07035120091122   303  176
07035120091123   185  145
07035120091124   212  123
07035120091125   346  118
07035120091126   328  144
07035120091127   262  134
07035120091128   286  124
07035120091129   202  129
07035120091130   188  113
07035120091201   216   67
07035120091202   246   60
07035120091203   286   71
07035120091204   305   96
07035120091205   268  101
07035120091206   305   86
07035120091207   318  117
07035120091208   352  112
07035120091209   237  107
07035120091210   278   99
07035120091211   228  110
07035120091212   272   74
07035120091213   321   89
07035120091214   267  155
07035120091215   325  145
07035120091216   361  136
07035120091217   391  147
07035120091218   268  168
07035120091219   302   76
07035120091220   285  137
07035120091221   322  149
07035120091222   349  122
07035120091223   358  134
07035120091224   359  169
07035120091225   193  179
07035120091226   182  134
07035120091227   271  137
07035120091228   286  172
07035120091229   312  142
07035120091230   285  114
07035120091231   291  132
07035120100101   304  190
07035120100102   303  198
07035120100103   297  164
07035120100104   293  145
07035120100105   306  137
07035120100106   334  142
07035120100107   274  138
07035120100108   323  164
07035120100109  -999  145
07035120100110   386 -999
07035120100111   382  163
07035120100112   398  189
07035120100113   349  244
07035120100114   271  152
07035120100115   300  162
07035120100116   315  158
07035120100117   272  127
07035120100118   207  115
07035120100119   249   35
07035120100120   311   98
07035120100121  -999 -999
07035120100122   390 -999
07035120100123   367  237
07035120100124   296  114
07035120100125   344  126
07035120100126   360  163
07035120100127   332  157
07035120100128   329  182
07035120100129   333  144
07035120100130   291  155
07035120100131   313  142
07035120100201   325  171
07035120100202   280  144
07035120100203   279  173
07035120100204   291  199
07035120100205   259  201
07035120100206   252  166
07035120100207   260  165
07035120100208   269  195
07035120100209   315 -999
07035120100210   334  172
07035120100211   340  160
07035120100212   307  203
07035120100213   195  168
07035120100214   228  168
07035120100215   239  162
07035120100216   250  153
07035120100217   274  119
07035120100218   242  113
07035120100219   258  106
07035120100220   277  118
07035120100221   309  142
07035120100222   315  163
07035120100223   270  172
07035120100224   251  102
07035120100225   256  120
07035120100226   264   89
07035120100227   293  119
07035120100228   268  165
07035120100301   208  128
07035120100302   201   96
07035120100303   255   85
07035120100304   257  105
07035120100305   213  144
07035120100306   270  174
07035120100307   251  192
07035120100308   239  182
07035120100309   223  154
07035120100310   217   83
07035120100311   205   75
07035120100312   207  107
07035120100313   210  118
07035120100314   222   98
07035120100315   244   91
07035120100316   266   99
07035120100317   273  101
07035120100318   285  106
07035120100319   260  110
07035120100320   289  104
07035120100321   277  137
07035120100322   238   77
07035120100323   265   79
07035120100324   264   83
07035120100325   268  121
07035120100326   291   87
07035120100327   279   83
07035120100328   288  128
07035120100329   228  170
07035120100330   206  164
07035120100331   221  115
07035120100401   231   66
07035120100402   208   70
07035120100403   208   92
07035120100404   199   85
07035120100405   219   68
07035120100406   212   90
07035120100407   200  142
07035120100408   222  145
07035120100409   211   79
07035120100410   226   81
07035120100411   204  129
07035120100412   175   61
07035120100413   203    2
07035120100414   217    7
07035120100415   217   39
07035120100416   222   71
07035120100417   239   70
07035120100418   237  101
07035120100419   247   94
07035120100420   244  100
07035120100421   250   61
07035120100422   254   73
07035120100423   250   60
07035120100424   171  148
07035120100425   192  106
07035120100426   169   15
07035120100427   142   25
07035120100428   179   36
07035120100429   181   88
07035120100430   195   36
07035120100501   198   55
07035120100502   212   17
07035120100503   211   32
07035120100504   225   66
07035120100505   130   94
07035120100506   161   54
07035120100507   168   18
07035120100508   190    7
07035120100509   190   20
07035120100510   189   14
07035120100511   182   13
07035120100512   139  -15
07035120100513   159  -37
07035120100514   170   -3
07035120100515   173   -7
07035120100516   170  -20
07035120100517   161   36
07035120100518   164    0
07035120100519   169  -16
07035120100520   141    8
07035120100521   158   20
07035120100522   150    6
07035120100523   154   20
07035120100524   156   37
07035120100525   138   77
07035120100526   149   76
07035120100527   150   49
07035120100528   170   77
07035120100529   136   97
07035120100530   124   89
07035120100531   158   92
07035120100601   150    0
07035120100602   161   21
07035120100603   159   47
07035120100604   151   70
07035120100605   149    3
07035120100606   136  -12
07035120100607   136  -25
07035120100608   129    3
07035120100609    77   30
07035120100610   120   27
07035120100611   130  -38
07035120100612   115  -18
07035120100613   116  -48
07035120100614   133  -45
07035120100615   146  -26
07035120100616   150  -15
07035120100617   120   18
07035120100618   121   41
07035120100619   130   43
07035120100620   153    5
07035120100621   144   24
07035120100622   131   -2
07035120100623   135   28
07035120100624   149   77
07035120100625   144   36
07035120100626   126   73
07035120100627   107  -26
07035120100628    89  -50
07035120100629    91  -31
07035120100630   104  -34
07035120100701   114  -14
07035120100702    71  -35
07035120100703   115    0
07035120100704   123  -43
07035120100705   128  -37
07035120100706   113   24
07035120100707   131  -37
07035120100708   136  -35
07035120100709   132   -2
07035120100710   122   24
07035120100711   146   56
07035120100712   144  -25
07035120100713   140   28
07035120100714   107   67
07035120100715   114   14
07035120100716   122  -34
07035120100717   120  -28
07035120100718   122  -39
07035120100719    99    2
07035120100720   115  -27
07035120100721   120  -42
07035120100722   128  -45
07035120100723   157  -20
07035120100724   147  -29
07035120100725   141   20
07035120100726   140  -18
07035120100727   141  -14
07035120100728   139   -5
07035120100729   150   50
07035120100730   130   69
07035120100731   154   88
07035120100801   122   64
07035120100802   107   31
07035120100803   137   47
07035120100804    89    7
07035120100805   116   42
07035120100806   122  -34
07035120100807   120  -42
07035120100808   121  -32
07035120100809   150  -36
07035120100810   150   33
07035120100811    79   58
07035120100812   113   14
07035120100813   153  -23
07035120100814   120   46
07035120100815   142   56
07035120100816   118   55
07035120100817   124  -24
07035120100818   118  -35
07035120100819   148   34
07035120100820   109   49
07035120100821   112   46
07035120100822   134  -28
07035120100823   128   28
07035120100824   121   59
07035120100825    93   24
07035120100826    89   30
07035120100827   125   43
07035120100828   131  -21
07035120100829   137   10
07035120100830   142   27
07035120100831   150    5
07035120100901   190   42
07035120100902   161   92
07035120100903   128   66
07035120100904   157   87
07035120100905   124   81
07035120100906   135   39
07035120100907   136   -3
07035120100908   142   -2
07035120100909   155   27
07035120100910   160   88
07035120100911   166   32
07035120100912   152  -17
07035120100913   178   67
07035120100914   150   22
07035120100915   152   70
07035120100916   137   65
07035120100917   143   16
07035120100918   142   -3
07035120100919   168    2
07035120100920   189    3
07035120100921   212   21
07035120100922   180   83
07035120100923   181   85
07035120100924   198   22
07035120100925   177   39
07035120100926   205   28
07035120100927   207   57
07035120100928   169   81
07035120100929   138   22
07035120100930   148  -19
07035120101001   162   -4
07035120101002   182   45
07035120101003   177  109
07035120101004   193  102
07035120101005   236   62
07035120101006   234  109
07035120101007   179  124
07035120101008   191   11
07035120101009   195   79
07035120101010   184   83
07035120101011   190   60
07035120101012   215   53
07035120101013   191  114
07035120101014   199  122
07035120101015   180  101
07035120101016   113   33
07035120101017   160   46
07035120101018   171   18
07035120101019   184   10
07035120101020   203   86
07035120101021   218   61
07035120101022   235   65
07035120101023   207   85
07035120101024   163   88
07035120101025   197   33
07035120101026   216   39
07035120101027   216   89
07035120101028   194   94
07035120101029   226   67
07035120101030   238  111
07035120101031   200  146
07035120101101   193   66
07035120101102   177   76
07035120101103   190   35
07035120101104   134   83
07035120101105   136   77
07035120101106   168   45
07035120101107   221   60
07035120101108   242   94
07035120101109   236   90
07035120101110   249   96
07035120101111   268  129
07035120101112   277  121
07035120101113   277  130
07035120101114   245  175
07035120101115   210  195
07035120101116   212   83
07035120101117   219   87
07035120101118   242   61
07035120101119   195  114
07035120101120   249   45
07035120101121   268   75
07035120101122   263   72
07035120101123   256   86
07035120101124   272  100
07035120101125   276  114
07035120101126   261  117
07035120101127   275  101
07035120101128   189  159
07035120101129   164  114
07035120101130   175  112
07035120101201   192  141
07035120101202   249  148
07035120101203   224  134
07035120101204   261  156
07035120101205   266  122
07035120101206   245  137
07035120101207   271  155
07035120101208   284  162
07035120101209   262  183
07035120101210   241  142
07035120101211   221   97
07035120101212   229  133
07035120101213   245   66
07035120101214   252  126
07035120101215   283  122
07035120101216   257  129
07035120101217   236  109
07035120101218   194  139
07035120101219   218   47
07035120101220   177   68
07035120101221   199   90
07035120101222   249   55
07035120101223   281   91
07035120101224   217  136
07035120101225   291   86
07035120101226   282  133
07035120101227   255  145
07035120101228   218   73
07035120101229   287   78
07035120101230   315  110
07035120101231   339  124
07035120110101   344  146
07035120110102   309  179
07035120110103   201  153
07035120110104   213  135
07035120110105   285  102
07035120110106   241  103
07035120110107   254  110
07035120110108   289  165
07035120110109   228  147
07035120110110   265  178
07035120110111   223  171
07035120110112   257  189
07035120110113   242  200
07035120110114   261  174
07035120110115   310  197
07035120110116   323  152
07035120110117   304  161
07035120110118   265  129
07035120110119   275  151
07035120110120   282  131
07035120110121   305  124
07035120110122   312  160
07035120110123   302  136
07035120110124   306  158
07035120110125   315  166
07035120110126   369  157
07035120110127   340  189
07035120110128   293  165
07035120110129   301  132
07035120110130   338  110
07035120110131   375  158
07035120110201   371  162
07035120110202   345  222
07035120110203   333  198
07035120110204   331  205
07035120110205   324  200
07035120110206   217  185
07035120110207   249   60
07035120110208   245  111
07035120110209   241  111
07035120110210   281  154
07035120110211   248  176
07035120110212   226  176
07035120110213   262  140
07035120110214   236   96
07035120110215   229  110
07035120110216   213  149
07035120110217   279  172
07035120110218   275  165
07035120110219   278  179
07035120110220   263  165
07035120110221   237  123
07035120110222   226   97
07035120110223   259   67
07035120110224   271  124
07035120110225   266  133
07035120110226   288  123
07035120110227   226  158
07035120110228   258  148
07035120110301   245  156
07035120110302   227   90
07035120110303   247   96
07035120110304   252   41
07035120110305   197  115
07035120110306   201  115
07035120110307   250   55
07035120110308   272   78
07035120110309   264  121
07035120110310   206  166
07035120110311   230  164
07035120110312   276  135
07035120110313   291  131
07035120110314   241  179
07035120110315   249  136
07035120110316   275  150
07035120110317   250  156
07035120110318   201  136
07035120110319   218  146
07035120110320   217  140
07035120110321   197  145
07035120110322   248  155
07035120110323   209  156
07035120110324   202  113
07035120110325   227  107
07035120110326   197  104
07035120110327   212   66
07035120110328   227   45
07035120110329   248   84
07035120110330   260   86
07035120110331   200   95
07035120110401   228  105
07035120110402   214   33
07035120110403   230   42
07035120110404   218   64
07035120110405   198   69
07035120110406   208   53
07035120110407   209   50
07035120110408   225   55
07035120110409   248   53
07035120110410   151   96
07035120110411   159   61
07035120110412   141   49
07035120110413   144   93
07035120110414   184   72
07035120110415   202   17
07035120110416   172   76
07035120110417   193   28
07035120110418   208   14
07035120110419   216   13
07035120110420   157   41
07035120110421   216   97
07035120110422   189   64
07035120110423   192  -11
07035120110424   211   -3
07035120110425   207   46
07035120110426   191   74
07035120110427   178   86
07035120110428   195   52
07035120110429   186   20
07035120110430   215  102
07035120110501   209   42
07035120110502   162   96
07035120110503   182   44
07035120110504   191    8
07035120110505   161  -18
07035120110506   148  -40
07035120110507   174  -32
07035120110508   172  -33
07035120110509   147  -31
07035120110510   152  -20
07035120110511   107   27
07035120110512   126  -53
07035120110513   147   48
07035120110514   140  -34
07035120110515   140  -69
07035120110516   111  -65
07035120110517   165   -3
07035120110518   178  -37
07035120110519   186  -29
07035120110520   155  -32
07035120110521   192  -40
07035120110522   208    3
07035120110523   140   77
07035120110524   151   78
07035120110525   133   59
07035120110526   145  -19
07035120110527   144  -16
07035120110528   153  -35
07035120110529   168   -6
07035120110530   140   31
07035120110531   179   86
07035120110601   164   30
07035120110602   177   59
07035120110603   165   25
07035120110604   132   44
07035120110605   117  -37
07035120110606   119   20
07035120110607    90  -38
07035120110608    82  -11
07035120110609   130   17
07035120110610   131   36
07035120110611   138   -3
07035120110612   138   -8
07035120110613   142   37
07035120110614   143   25
07035120110615   147   53
07035120110616   149   38
07035120110617   120  -19
07035120110618   119   22
07035120110619   143  -45
07035120110620   153    9
07035120110621   109   74
07035120110622   104   30
07035120110623   148   49
07035120110624   140  -26
07035120110625   159  -37
07035120110626   142  -45
07035120110627   152  -50
07035120110628   145  -37
07035120110629   146  -37
07035120110630   141   22
07035120110701    94  -55
07035120110702   135  -52
07035120110703   166  -27
07035120110704   135   47
07035120110705    91   42
07035120110706   102   49
07035120110707   105   34
07035120110708    93  -47
07035120110709   105   -2
07035120110710    91   30
07035120110711   103   18
07035120110712   122   18
07035120110713   110   30
07035120110714   113  -31
07035120110715   122  -63
07035120110716   122  -15
07035120110717   141  -14
07035120110718   118   30
07035120110719   118  -40
07035120110720   155    6
07035120110721   115   37
07035120110722   121   47
07035120110723   136  -17
07035120110724    70  -44
07035120110725   123    9
07035120110726   140   46
07035120110727   143  -39
07035120110728   152  -63
07035120110729   151  -80
07035120110730   157  -67
07035120110731   153  -19
07035120110801   175  -26
07035120110802   178    6
07035120110803   213   19
07035120110804   208    3
07035120110805   195  -12
07035120110806   129   75
07035120110807   144    6
07035120110808   114  -15
07035120110809   128  -18
07035120110810   133  -33
07035120110811   113   41
07035120110812   154   18
07035120110813   125  -20
07035120110814   165    0
07035120110815   144  -14
07035120110816   180   52
07035120110817   109   51
07035120110818    95   63
07035120110819   154   42
07035120110820   148   36
07035120110821   158   32
07035120110822   147  -11
07035120110823   168   30
07035120110824   201  -25
07035120110825   191  -31
07035120110826   208   11
07035120110827   205   -1
07035120110828   176   23
07035120110829   179   26
07035120110830   162   37
07035120110831   169    5
07035120110901   192   25
07035120110902   161   27
07035120110903   190  -38
07035120110904   200   -7
07035120110905   200   75
07035120110906   178   31
07035120110907   143   -5
07035120110908   163  -25
07035120110909   144   25
07035120110910   140  -52
07035120110911   148  -14
07035120110912   150  -31
07035120110913   148  -34
07035120110914   206  -21
07035120110915   177   16
07035120110916   227   -1
07035120110917   241    7
07035120110918   258   54
07035120110919   271   41
07035120110920   166  128
07035120110921   196   39
07035120110922   220  -28
07035120110923   253   14
07035120110924   151   82
07035120110925   139   54
07035120110926   173   -3
07035120110927   201   -6
07035120110928   151   49
07035120110929   126   98
07035120110930   136   66
07035120111001   140    2
07035120111002   147   19
07035120111003   172   -5
07035120111004   193   10
07035120111005   185   -1
07035120111006   148   85
07035120111007   170  105
07035120111008   209   85
07035120111009   170   53
07035120111010   160   54
07035120111011   175   39
07035120111012   198  -17
07035120111013   208   77
07035120111014   208   82
07035120111015   239  126
07035120111016   199   69
07035120111017   210   10
07035120111018   221   14
07035120111019   255   34
07035120111020   265   44
07035120111021   276   52
07035120111022   268   71
07035120111023   293   84
07035120111024   300   95
07035120111025   139  111
07035120111026   139   81
07035120111027   188   73
07035120111028   245  100
07035120111029   241  127
07035120111030   206   68
07035120111031   232   23
07035120111101   249   80
07035120111102   224   76
07035120111103   219  112
07035120111104   258   47
07035120111105   296   45
07035120111106   305  101
07035120111107   291  156
07035120111108   288  135
07035120111109   291  139
07035120111110   220  154
07035120111111   236   53
07035120111112   267   94
07035120111113   267   82
07035120111114   307  131
07035120111115   295   83
07035120111116   216   80
07035120111117   253   98
07035120111118   304  103
07035120111119   327  118
07035120111120   195  175
07035120111121   243   47
07035120111122   196   79
07035120111123   217   89
07035120111124   188   92
07035120111125   162  102
07035120111126   256  127
07035120111127   253  125
07035120111128   286   83
07035120111129   314  148
07035120111130   210  153
07035120111201   209   54
07035120111202   199   93
07035120111203   242   77
07035120111204   211  101
07035120111205   190   33
07035120111206   182   40
07035120111207   213   61
07035120111208   222  117
07035120111209   247   75
07035120111210   259  117
07035120111211   240  131
07035120111212   238  116
07035120111213   214  112
07035120111214   210   52
07035120111215   237  111
07035120111216   221  109
07035120111217   247  128
07035120111218   238  104
07035120111219   223  146
07035120111220   249  126
07035120111221   219  141
07035120111222   251  144
07035120111223   278  122
07035120111224   287  123
07035120111225   288  111
07035120111226   244  142
07035120111227   240  121
07035120111228   230  126
07035120111229   263  101
07035120111230   242   96
07035120111231   274   72
07035120120101   314  111
07035120120102   335  127
07035120120103   347  162
07035120120104   301  165
07035120120105   296  139
07035120120106   245  144
07035120120107   302   71
07035120120108   266  158
07035120120109   229  156
07035120120110   241   87
07035120120111   186  124
07035120120112   227   16
07035120120113   275   48
07035120120114   246  143
07035120120115   208  122
07035120120116   263  116
07035120120117   294  104
07035120120118   325  101
07035120120119   318  134
07035120120120   336  114
07035120120121   283  146
07035120120122   237  145
07035120120123   226  138
07035120120124   278   87
07035120120125   253  132
07035120120126   273  164
07035120120127   250  156
07035120120128   306  150
07035120120129   305  123
07035120120130   278  188
07035120120131   277  142
07035120120201   194  129
07035120120202   174  109
07035120120203   174  127
07035120120204   278  140
07035120120205   300  116
07035120120206   265  154
07035120120207   220  142
07035120120208   223  153
07035120120209   232  148
07035120120210   261  145
07035120120211   240   89
07035120120212   261   95
07035120120213   269   97
07035120120214   257  148
07035120120215   269   93
07035120120216   286  105
07035120120217   279  114
07035120120218   276  101
07035120120219   281  148
07035120120220   257  126
07035120120221   247  125
07035120120222   246  129
07035120120223   279   96
07035120120224   302  117
07035120120225   313  101
07035120120226   248  159
07035120120227   216  183
07035120120228   212  190
07035120120229   199  165
07035120120301   212  137
07035120120302   166  131
07035120120303   166  129
07035120120304   218  140
07035120120305   247   91
07035120120306   225  135
07035120120307   179   76
07035120120308   193  106
07035120120309   241   92
07035120120310   251   79
07035120120311   241  134
07035120120312   228  120
07035120120313   262  114
07035120120314   272  119
07035120120315   270  121
07035120120316   261  122
07035120120317   241  144
07035120120318   210   74
07035120120319   209  103
07035120120320   238   80
07035120120321   261   76
07035120120322   194  107
07035120120323   172   85
07035120120324   179   63
07035120120325   199   22
07035120120326   226   91
07035120120327   194   93
07035120120328   186  132
07035120120329   236   61
07035120120330   237   71
07035120120331   247   69
07035120120401   246   84
07035120120402   233   83
07035120120403   263   77
07035120120404   264  107
07035120120405   248  129
07035120120406   254  120
07035120120407   216  117
07035120120408   211   84
07035120120409   181    9
07035120120410   145    6
07035120120411   183   21
07035120120412   200   -2
07035120120413   216   17
07035120120414   170   21
07035120120415   224   37
07035120120416   235   46
07035120120417   208   53
07035120120418   203  120
07035120120419   226  141
07035120120420   200  108
07035120120421   214  111
07035120120422   184   96
07035120120423   212   57
07035120120424   117   62
07035120120425   136   55
07035120120426   170   25
07035120120427   181   29
07035120120428   194   39
07035120120429   177   20
07035120120430   156   -4
07035120120501   187    5
07035120120502   134   18
07035120120503   151   78
07035120120504   157  -28
07035120120505   163  -17
07035120120506   141  -11
07035120120507   119   -9
07035120120508   182   -8
07035120120509   216    0
07035120120510   222   23
07035120120511   208   77
07035120120512   144    1
07035120120513   126   50
07035120120514   140  -47
07035120120515   158  -49
07035120120516   152  -34
07035120120517   153  -12
07035120120518   164  -44
07035120120519   167  -50
07035120120520   161   -6
07035120120521   159   13
07035120120522   159  -40
07035120120523   171  -21
07035120120524   140  -15
07035120120525    98   67
07035120120526   123   41
07035120120527   145    6
07035120120528   139  -24
07035120120529   157  -26
07035120120530   147  -31
07035120120531   157   19
07035120120601   129    1
07035120120602    99   55
07035120120603   148   77
07035120120604   145    2
07035120120605   108   41
07035120120606   122   42
07035120120607   121  -35
07035120120608   124  -54
07035120120609   135  -42
07035120120610   135  -42
07035120120611   134  -26
07035120120612   139   19
07035120120613   157   21
07035120120614   148   44
07035120120615   163   47
07035120120616    94   13
07035120120617   124   40
07035120120618   130    1
07035120120619   148  -11
07035120120620   110  -63
07035120120621   143  -13
07035120120622   112   71
07035120120623   106  -15
07035120120624   140  -17
07035120120625   148  -24
07035120120626    93   -9
07035120120627   114   17
07035120120628   145  -15
07035120120629   145   27
07035120120630   120   38
07035120120701   105    7
07035120120702   125  -23
07035120120703   120  -58
07035120120704   115  -61
07035120120705   111  -46
07035120120706   124  -44
07035120120707   127  -60
07035120120708   132  -54
07035120120709   145  -48
07035120120710   103  -36
07035120120711   134   47
07035120120712   131   11
07035120120713   166   71
07035120120714   137   64
07035120120715   105   44
07035120120716   137   41
07035120120717   140   33
07035120120718   136   27
07035120120719   128  -42
07035120120720   152  -54
07035120120721   141  -40
07035120120722   125   -9
07035120120723   142    9
07035120120724   132  -24
07035120120725   143  -15
07035120120726   150   19
07035120120727   117  -19
07035120120728   139  -11
07035120120729   126  -15
07035120120730   122  -49
07035120120731   116    0
07035120120801   117   24
07035120120802   125  -66
07035120120803   134   -4
07035120120804   144    3
07035120120805   150    6
07035120120806   110   47
07035120120807   134  -51
07035120120808   154  -12
07035120120809   127   57
07035120120810   126  -33
07035120120811   139   14
07035120120812   145   41
07035120120813   150  -36
07035120120814   133  -47
07035120120815   172  -24
07035120120816   144  -26
07035120120817    96    7
07035120120818   122   21
07035120120819   134  -29
07035120120820   120  -26
07035120120821   146  -26
07035120120822   194  -27
07035120120823   128   45
07035120120824    92   33
07035120120825   123   23
07035120120826   143   27
07035120120827   146  -48
07035120120828   156  -56
07035120120829   166  -25
07035120120830   129   21
07035120120831   111   14
07035120120901   145  -68
07035120120902   168  -50
07035120120903   201  -42
07035120120904   207  -13
07035120120905   227  -18
07035120120906   171   82
07035120120907   113   70
07035120120908   145   62
07035120120909   183    0
07035120120910   196  -22
07035120120911   185  -20
07035120120912   203   -1
07035120120913   138   17
07035120120914   152  -24
07035120120915   176  -39
07035120120916   182   10
07035120120917   175   50
07035120120918   199   55
07035120120919   181   23
07035120120920   205   79
07035120120921   196   49
07035120120922   202    1
07035120120923   223    1
07035120120924   164  -13
07035120120925   183  -29
07035120120926   203   84
07035120120927   233   33
07035120120928   180  103
07035120120929   124   81
07035120120930   139   31
07035120121001   182  -22
07035120121002   213   -4
07035120121003   241   -1
07035120121004   250   30
07035120121005   273   58
07035120121006   146  111
07035120121007   174    1
07035120121008   165   45
07035120121009   162   32
07035120121010   178   -2
07035120121011    86   52
07035120121012   149   24
07035120121013   150    2
07035120121014   186   16
07035120121015   237   17
07035120121016   246   69
07035120121017   217   92
07035120121018   220   43
07035120121019   261   45
07035120121020   259   56
07035120121021   220   46
07035120121022   159   26
07035120121023   196   -2
07035120121024   229    4
07035120121025   267   47
07035120121026   209   36
07035120121027   195   13
07035120121028   209   31
07035120121029   235   60
07035120121030   261   60
07035120121031   288   55
07035120121101   238   86
07035120121102   216   10
07035120121103   186   82
07035120121104   254   61
07035120121105   296   80
07035120121106   296  137
07035120121107   193  161
07035120121108   250  112
07035120121109   222  100
07035120121110   194   68
07035120121111   214   23
07035120121112   260   40
07035120121113   262   85
07035120121114   227   92
07035120121115   257  115
07035120121116   238  112
07035120121117   225   83
07035120121118   219  104
07035120121119   206   42
07035120121120   223   36
07035120121121   289   53
07035120121122   223  126
07035120121123   267   98
07035120121124   299   89
07035120121125   334   94
07035120121126   313   94
07035120121127   279  123
07035120121128   255  144
07035120121129   337  162
07035120121130   351  180
07035120121201   310  173
07035120121202   298  167
07035120121203   269  132
07035120121204   208  107
07035120121205   206   80
07035120121206   249    3
07035120121207   236   52
07035120121208   315  103
07035120121209   278  126
07035120121210   187  116
07035120121211   223  114
07035120121212   288  116
07035120121213   319  100
07035120121214   297  140
07035120121215   256  174
07035120121216   282  139
07035120121217   240  135
07035120121218   296   96
07035120121219   340  107
07035120121220   287  146
07035120121221   293  132
07035120121222   331  153
07035120121223   339  159
07035120121224   341  165
07035120121225   182  166
07035120121226   224  119
07035120121227   273   48
07035120121228   303   96
07035120121229   314   75
07035120121230   266  107
07035120121231   323  146
07035120130101   327   79
07035120130102   313  108
07035120130103   321  122
07035120130104   368  111
07035120130105   401  155
07035120130106   377  165
07035120130107   358  151
07035120130108   380  170
07035120130109   258  162
07035120130110   297  100
07035120130111   357  114
07035120130112   376  135
07035120130113   276  173
07035120130114   228   82
07035120130115   287   56
07035120130116   344  103
07035120130117   369  114
07035120130118   416  136
07035120130119   259  169
07035120130120   296  151
07035120130121   349  161
07035120130122   355  144
07035120130123   285  137
07035120130124   321  153
07035120130125   331  129
07035120130126   337  205
07035120130127   303  169
07035120130128   258  184
07035120130129   262  167
07035120130130   290  156
07035120130131   310  140
07035120130201   229  105
07035120130202   207  104
07035120130203   246   64
07035120130204   267  128
07035120130205   274  115
07035120130206   292  165
07035120130207   331  117
07035120130208   350  123
07035120130209   351  161
07035120130210   313  131
07035120130211   219  138
07035120130212   267  131
07035120130213   256   87
07035120130214   288  102
07035120130215   278  135
07035120130216   269  119
07035120130217   277  155
07035120130218   280   92
07035120130219   317   88
07035120130220   276  120
07035120130221   276  119
07035120130222   262  141
07035120130223   241  149
07035120130224   259  177
07035120130225   322  153
07035120130226   274  167
07035120130227   242  185
07035120130228   197  189
07035120130301   198  119
07035120130302   183  118
07035120130303   234  129
07035120130304   248   87
07035120130305   263  114
07035120130306   279   74
07035120130307   313   89
07035120130308   271   90
07035120130309   288  100
07035120130310   318  119
07035120130311   281  127
07035120130312   292  136
07035120130313   296  101
07035120130314   269  166
07035120130315   278  165
07035120130316   283  156
07035120130317   195   94
07035120130318   217   37
07035120130319   232   41
07035120130320   261   58
07035120130321   257   95
07035120130322   228  145
07035120130323   244   83
07035120130324   260   57
07035120130325   265   49
07035120130326   275   93
07035120130327   306   84
07035120130328   264  149
07035120130329   216   46
07035120130330   233   32
07035120130331   234   89
07035120130401   231   67
07035120130402   241   30
07035120130403   187   83
07035120130404   182   53
07035120130405   226   92
07035120130406   221   49
07035120130407   246   50
07035120130408   244   42
07035120130409   243   43
07035120130410   250   69
07035120130411   263   46
07035120130412   253   97
07035120130413   249   52
07035120130414   269   58
07035120130415   245   94
07035120130416   199  105
07035120130417   213   34
07035120130418   222   82
07035120130419   149   68
07035120130420   174   77
07035120130421   185    1
07035120130422   174   74
07035120130423   198   31
07035120130424   187  -19
07035120130425   202  -15
07035120130426   234   40
07035120130427   231    6
07035120130428   257   93
07035120130429   241   38
07035120130430   218  121
07035120130501   212   53
07035120130502   170    4
07035120130503   202  -20
07035120130504   238   69
07035120130505   160  -12
07035120130506   178  -16
07035120130507   182   36
07035120130508   206   71
07035120130509   222    7
07035120130510   241    5
07035120130511   231   10
07035120130512   210   36
07035120130513   138   77
07035120130514   141    8
07035120130515   134    5
07035120130516   146   78
07035120130517   146   62
07035120130518   153  -43
07035120130519   166  -46
07035120130520   158  -35
07035120130521   178   41
07035120130522   125  -34
07035120130523   144   35
07035120130524   157    8
07035120130525   153  -32
07035120130526   112  -42
07035120130527   164  -32
07035120130528   178   18
07035120130529   189    5
07035120130530   182   29
07035120130531   185   59
07035120130601   135   84
07035120130602   134   90
07035120130603   132  -30
07035120130604   167  -34
07035120130605   145  -19
07035120130606   148   20
07035120130607   165   53
07035120130608   142  -23
07035120130609   150  -18
07035120130610   141  -12
07035120130611   153   30
07035120130612   115   -1
07035120130613   143   55
07035120130614   151   66
07035120130615   144   63
07035120130616   143    7
07035120130617   137  -14
07035120130618   138  -11
07035120130619   121   24
07035120130620   122  -36
07035120130621   129  -38
07035120130622   121  -52
07035120130623   114  -21
07035120130624   100   51
07035120130625   133   61
07035120130626   156   47
07035120130627   154    3
07035120130628   147   45
07035120130629   121   79
07035120130630   155    3
07035120130701   116    4
07035120130702    80    5
07035120130703   105   12
07035120130704   133  -33
07035120130705   118   65
07035120130706   123   39
07035120130707   133    0
07035120130708   138  -15
07035120130709   131  -27
07035120130710   131   25
07035120130711   149   10
07035120130712   154    2
07035120130713   155    8
07035120130714   110    8
07035120130715   122   77
07035120130716   145   88
07035120130717   171   71
07035120130718   174   26
07035120130719   142   67
07035120130720   106   61
07035120130721    87   16
07035120130722   100    7
07035120130723   137   27
07035120130724   141    9
07035120130725   133  -60
07035120130726   134  -31
07035120130727   153  -47
07035120130728   147  -29
07035120130729   152   23
07035120130730   171   72
07035120130731   151   38
07035120130801   150  -25
07035120130802   153  -12
07035120130803   120   45
07035120130804   121   62
07035120130805   127   46
07035120130806   105   67
07035120130807   115  -13
07035120130808   118   39
07035120130809   111  -31
07035120130810   189   28
07035120130811   158  -18
07035120130812   138    1
07035120130813   142   41
07035120130814   169   64
07035120130815   137   23
07035120130816   161  -17
07035120130817   159   14
07035120130818   165   55
07035120130819   115   59
07035120130820   102    2
07035120130821   117   19
07035120130822   121   25
07035120130823   126   57
07035120130824   172   54
07035120130825   169   19
07035120130826   158  -19
07035120130827   191   11
07035120130828   208   -7
07035120130829   186   35
07035120130830   192   94
07035120130831   196   20
07035120130901   218   -5
07035120130902   252    9
07035120130903   241   28
07035120130904   217   33
07035120130905   221   51
07035120130906   226   63
07035120130907   242   65
07035120130908   204   33
07035120130909   233   31
07035120130910   204  104
07035120130911   164   60
07035120130912   175   32
07035120130913   149  -30
07035120130914   182   72
07035120130915   190   73
07035120130916   136   83
07035120130917   138  109
07035120130918   183  107
07035120130919   138   67
07035120130920   148   20
07035120130921   182    1
07035120130922   181    1
07035120130923   234   18
07035120130924   233   60
07035120130925   249   50
07035120130926   193   44
07035120130927   193   -1
07035120130928   186   -1
07035120130929   209   10
07035120130930   242   22
07035120131001   220   87
07035120131002   173   41
07035120131003   168   62
07035120131004   185  -15
07035120131005   203    5
07035120131006   261   35
07035120131007   202   29
07035120131008   191   17
07035120131009   248   16
07035120131010   285   66
07035120131011   209   47
07035120131012   240    5
07035120131013   264   26
07035120131014   156   15
07035120131015   194  -26
07035120131016   233   11
07035120131017   212  137
07035120131018   205  -34
07035120131019   244    9
07035120131020   272   25
07035120131021   321   58
07035120131022   223  136
07035120131023   199  155
07035120131024   160   79
07035120131025   190  -23
07035120131026   221   -7
07035120131027   210    9
07035120131028   231  101
07035120131029   204   60
07035120131030   221    6
07035120131031   246   33
07035120131101   259   92
07035120131102   270   51
07035120131103   261   57
07035120131104   186  -15
07035120131105   235   -3
07035120131106   268   19
07035120131107   308   52
07035120131108   320   99
07035120131109   221  130
07035120131110   119   89
07035120131111   146   64
07035120131112   230   95
07035120131113   200   42
07035120131114   213   57
07035120131115   231   46
07035120131116   190  103
07035120131117   214   43
07035120131118   225   48
07035120131119   279   42
07035120131120   293   74
07035120131121   277  115
07035120131122   260  129
07035120131123   233   68
07035120131124   225   57
07035120131125   206   74
07035120131126   229   29
07035120131127   273   50
07035120131128   316   86
07035120131129   218  137
07035120131130   227   69
07035120131201   235   79
07035120131202   293   79
07035120131203   315  102
07035120131204   324  149
07035120131205   174  119
07035120131206   196   52
07035120131207   241   27
07035120131208   282   66
07035120131209   326  130
07035120131210   228  156
07035120131211   233   56
07035120131212   265   49
07035120131213   287   57
07035120131214   250  131
07035120131215   265  138
07035120131216   273  148
07035120131217   307  121
07035120131218   319  138
07035120131219   351  127
07035120131220   372  144
07035120131221   313  172
07035120131222   381  169
07035120131223   276  190
07035120131224   249   94
07035120131225   219  150
07035120131226   299   89
07035120131227   302  103
07035120131228   331  133
07035120131229   304  147
07035120131230   304  133
07035120131231   314  106
07035120140101   269  101
07035120140102   274  159
07035120140103   355  172
07035120140104   268  153
07035120140105   290   61
07035120140106   250  127
07035120140107   263   98
07035120140108   247   95
07035120140109   245  106
07035120140110   295  112
07035120140111   326  124
07035120140112   371  126
07035120140113   335  109
07035120140114   376  117
07035120140115   402  142
07035120140116   401  152
07035120140117   397  112
07035120140118   400  144
07035120140119   323  154
07035120140120   263  172
07035120140121   311  158
07035120140122   261  125
07035120140123   288   90
07035120140124   256  126
07035120140125   265   86
07035120140126   263   68
07035120140127   314   70
07035120140128   339  111
07035120140129   385  119
07035120140130   376  123
07035120140131   386  145
07035120140201   388  143
07035120140202   393  156
07035120140203   393  139
07035120140204   222  184
07035120140205   216  104
07035120140206   302  122
07035120140207   341   98
07035120140208   369  121
07035120140209   382  137
07035120140210   350  139
07035120140211   362  160
07035120140212   325  157
07035120140213   294  132
07035120140214   284  172
07035120140215   211  178
07035120140216   257  186
07035120140217   269  100
07035120140218   298  143
07035120140219   307  153
07035120140220   215  101
07035120140221   262   51
07035120140222   274  121
07035120140223   258  125
07035120140224   300   98
07035120140225   300  129
07035120140226   270  158
07035120140227   215  128
07035120140228   184  137
07035120140301   199  140
07035120140302   254  126
07035120140303   258   98
07035120140304   271  147
07035120140305   246  120
07035120140306   260  141
07035120140307   284  124
07035120140308   236  136
07035120140309   258  138
07035120140310   283   93
07035120140311   274  128
07035120140312   263  158
07035120140313   232  140
07035120140314   272  128
07035120140315   251  102
07035120140316   191  133
07035120140317   223   76
07035120140318   262   80
07035120140319   271   89
07035120140320   273  133
07035120140321   267   98
07035120140322   263  113
07035120140323   248  149
07035120140324   176  112
07035120140325   212  134
07035120140326   197  135
07035120140327   199  160
07035120140328   185  164
07035120140329   235  110
07035120140330   222  111
07035120140331   242   81
07035120140401   247   91
07035120140402   256   87
07035120140403   234   95
07035120140404   155  128
07035120140405   176  127
07035120140406   207   94
07035120140407   202   61
07035120140408   210   99
07035120140409   198  122
07035120140410   178  147
07035120140411   206  148
07035120140412   200  117
07035120140413   201   65
07035120140414   196   61
07035120140415   185   43
07035120140416   199   49
07035120140417   203   39
07035120140418   200   32
07035120140419   168   39
07035120140420   162    6
07035120140421   187   12
07035120140422   203   39
07035120140423   210   60
07035120140424   211   68
07035120140425   164   41
07035120140426   203   61
07035120140427   160   44
07035120140428   206   75
07035120140429   207   58
07035120140430   174  111
07035120140501   158    2
07035120140502   139    3
07035120140503   117   37
07035120140504   128   60
07035120140505   149  -17
07035120140506   157    2
07035120140507   152   22
07035120140508   161  -19
07035120140509   174  -18
07035120140510   144   40
07035120140511   185   74
07035120140512   183   36
07035120140513   184   -1
07035120140514   183   -6
07035120140515   186  -18
07035120140516   207    3
07035120140517   186   12
07035120140518   190   33
07035120140519   200   35
07035120140520   190   30
07035120140521   190   31
07035120140522   200   13
07035120140523   210   71
07035120140524   181  111
07035120140525   205   50
07035120140526   217   56
07035120140527   211   67
07035120140528   150   81
07035120140529   167    6
07035120140530   178    3
07035120140531   163   26
07035120140601   121   95
07035120140602   143   65
07035120140603   125   81
07035120140604   138   60
07035120140605   161   50
07035120140606   143   62
07035120140607   150  -30
07035120140608   131  -16
07035120140609   156   32
07035120140610   144   21
07035120140611   141  -13
07035120140612   144    9
07035120140613   109    8
07035120140614   152   48
07035120140615   151   55
07035120140616   123  -24
07035120140617   153   45
07035120140618   129  -16
07035120140619   135  -10
07035120140620   167   25
07035120140621   144  -24
07035120140622   155  -20
07035120140623   100   14
07035120140624    85   31
07035120140625   111   40
07035120140626   129   75
07035120140627   122   70
07035120140628   119   44
07035120140629    88   43
07035120140630   101   14
07035120140701   112  -31
07035120140702    73  -19
07035120140703   100   26
07035120140704   129  -31
07035120140705   115  -11
07035120140706   118   44
07035120140707   131  -39
07035120140708   112  -39
07035120140709    70  -49
07035120140710   100   20
07035120140711   110   47
07035120140712   104   44
07035120140713   115  -43
07035120140714   142  -44
07035120140715    92   19
07035120140716   129   54
07035120140717   109   61
07035120140718   135   13
07035120140719   121  -21
07035120140720   125  -53
07035120140721   131  -38
07035120140722   135   -1
07035120140723   133  -16
07035120140724   111  -25
07035120140725   157   -9
07035120140726   131    6
07035120140727   142  -38
07035120140728   131  -25
07035120140729   166   14
07035120140730   149  103
07035120140731   169   84
07035120140801    84   49
07035120140802   106  -46
07035120140803   112  -60
07035120140804   134  -61
07035120140805   138  -76
07035120140806   138  -68
07035120140807   147  -47
07035120140808   138  -48
07035120140809   133  -45
07035120140810   155    2
07035120140811   100  -42
07035120140812   136  -45
07035120140813   130  -23
07035120140814   148  -53
07035120140815   158  -26
07035120140816   142   -2
07035120140817   108   66
07035120140818   143   76
07035120140819   151   78
07035120140820   152  -23
07035120140821   149  -20
07035120140822   158    6
07035120140823   162   -9
07035120140824   177   52
07035120140825   164    1
07035120140826   137   62
07035120140827   151   34
07035120140828   158   16
07035120140829   175   -9
07035120140830   176   11
07035120140831   174    0
07035120140901   189  -17
07035120140902   119   62
07035120140903   136   21
07035120140904   142    7
07035120140905   151    7
07035120140906   146   -5
07035120140907   177  -26
07035120140908   190    2
07035120140909   183   35
07035120140910   177   77
07035120140911   174   43
07035120140912   154   17
07035120140913   170   51
07035120140914   187   -6
07035120140915   192    9
07035120140916   180   78
07035120140917   152   72
07035120140918   139   15
07035120140919   161  -43
07035120140920   183  -18
07035120140921   179   37
07035120140922   201   73
07035120140923   222   18
07035120140924   199   25
07035120140925   192  110
07035120140926   182    8
07035120140927   182   41
07035120140928   222   -3
07035120140929   241   88
07035120140930   240   27
07035120141001   169   48
07035120141002   200  -20
07035120141003   209   -7
07035120141004   225  101
07035120141005   275   37
07035120141006   281   67
07035120141007   198  110
07035120141008   198   20
07035120141009   202   22
07035120141010   221    4
07035120141011   266   31
07035120141012   276   45
07035120141013   211  137
07035120141014    87   62
07035120141015   159   63
07035120141016   171   -7
07035120141017   171   11
07035120141018   204    6
07035120141019   251   25
07035120141020   171   69
07035120141021   176   95
07035120141022   249   97
07035120141023   272   83
07035120141024   284   97
07035120141025   300   78
07035120141026   292   80
07035120141027   246   85
07035120141028   198   72
07035120141029   239   70
07035120141030   265   44
07035120141031   320   51
07035120141101   265  146
07035120141102   200   46
07035120141103   226   33
07035120141104   252  104
07035120141105   272   93
07035120141106   244  118
07035120141107   274   53
07035120141108   300   55
07035120141109   333   77
07035120141110   293  139
07035120141111   269   84
07035120141112   279   96
07035120141113   312   98
07035120141114   372   96
07035120141115   294  145
07035120141116   180  139
07035120141117   236   93
07035120141118   257   51
07035120141119   278  130
07035120141120   314   74
07035120141121   302  126
07035120141122   318  125
07035120141123   390  112
07035120141124   264  188
07035120141125   254  142
07035120141126   267   65
07035120141127   259  142
07035120141128   275   57
07035120141129   297   99
07035120141130   279  135
07035120141201   327  116
07035120141202   330  138
07035120141203   318  135
07035120141204   282  145
07035120141205   284  134
07035120141206   226  158
07035120141207   275  104
07035120141208   291  110
07035120141209   294  160
07035120141210   308  138
07035120141211   226  150
07035120141212   222  116
07035120141213   225  120
07035120141214   281   72
07035120141215   308   96
07035120141216   326  162
07035120141217   259  144
07035120141218   274   96
07035120141219   253   86
07035120141220   274  107
07035120141221   302  124
07035120141222   308  143
07035120141223   290  164
07035120141224   249  172
07035120141225   270  168
07035120141226   246  150
07035120141227   227  116
07035120141228   267   97
07035120141229   297  112
07035120141230   250  110
07035120141231   292   79
07035120150101   326  162
07035120150102   352  114
07035120150103   347  143
07035120150104   325  169
07035120150105   296  135
07035120150106   283  181
07035120150107   315  137
07035120150108   344  144
07035120150109   323  182
07035120150110   276  177
07035120150111   225  165
07035120150112   237  162
07035120150113   248  127
07035120150114   254  179
07035120150115   274  104
07035120150116   258  119
07035120150117   267  143
07035120150118   276   87
07035120150119   224  133
07035120150120   246  125
07035120150121   283  164
07035120150122   295  148
07035120150123   319  149
07035120150124   311  167
07035120150125   287  146
07035120150126   219  137
07035120150127   183  138
07035120150128   232  130
07035120150129   216   99
07035120150130   208   81
07035120150131   242   75
07035120150201   252  113
07035120150202   236  122
07035120150203   257   67
07035120150204   218  102
07035120150205   256   98
07035120150206   277   88
07035120150207   308   89
07035120150208   344  130
07035120150209   231  138
07035120150210   294  150
07035120150211   309  152
07035120150212   263  172
07035120150213   272  156
07035120150214   241  147
07035120150215   293  138
07035120150216   321  122
07035120150217   325  156
07035120150218   296  131
07035120150219   296  139
07035120150220   302  128
07035120150221   293  143
07035120150222   291  139
07035120150223   329  135
07035120150224   256  158
07035120150225   227  149
07035120150226   274  141
07035120150227   290  117
07035120150228   315  146
07035120150301   312  126
07035120150302   264 -999
07035120150303   283  133
07035120150304   301  142
07035120150305   240  125
07035120150306   243   63
07035120150307   269   51
07035120150308   301  113
07035120150309   297   87
07035120150310   286   86
07035120150311   314  135
07035120150312   301  113
07035120150313   210  139
07035120150314   271   60
07035120150315   245  122
07035120150316   242   43
07035120150317   262   65
07035120150318   303  118
07035120150319   318   84
07035120150320   320  112
07035120150321   219   78
07035120150322   234  124
07035120150323   296   90
07035120150324   239  140
07035120150325   223   59
07035120150326   209   84
07035120150327   203   74
07035120150328   228    6
07035120150329   236   30
07035120150330   213   52
07035120150331   262   71
07035120150401   266   66
07035120150402   255  117
07035120150403   165  117
07035120150404   166  118
07035120150405   230   98
07035120150406   192   54
07035120150407   166   53
07035120150408   157   49
07035120150409   189   76
07035120150410   206   68
07035120150411   223   60
07035120150412   221   69
07035120150413   208   63
07035120150414   213   56
07035120150415   219   70
07035120150416   266   74
07035120150417   189  130
07035120150418   227  112
07035120150419   168   73
07035120150420   149   66
07035120150421   138   81
07035120150422   184  102
07035120150423   234   94
07035120150424   178  122
07035120150425   174   45
07035120150426   179   42
07035120150427   160   -8
07035120150428   165   27
07035120150429   179    8
07035120150430   166   52
07035120150501   171   49
07035120150502   194   76
07035120150503   233   78
07035120150504   215   58
07035120150505   208   40
07035120150506   140   59
07035120150507   139   76
07035120150508   161   40
07035120150509   153   63
07035120150510   141   87
07035120150511   164   86
07035120150512   145   89
07035120150513   118   38
07035120150514   141  -47
07035120150515   178  -15
07035120150516   172    3
07035120150517   184  -31
07035120150518   179  -22
07035120150519   144   38
07035120150520   182   88
07035120150521   161   10
07035120150522   145   71
07035120150523   152  -26
07035120150524   159  -58
07035120150525   146  -20
07035120150526   152  -45
07035120150527   168   -3
07035120150528   148    1
07035120150529   171   71
07035120150530   142  -20
07035120150531   140    0
07035120150601   108   14
07035120150602   117  -70
07035120150603   127  -51
07035120150604   114  -69
07035120150605   140   -8
07035120150606   139  -39
07035120150607   165  -55
07035120150608   154    1
07035120150609   151   78
07035120150610   144  -33
07035120150611   149  -31
07035120150612   175  -45
07035120150613   163  -21
07035120150614   163  -18
07035120150615   159   -2
07035120150616   128   82
07035120150617   128  103
07035120150618   107   42
07035120150619   112   22
07035120150620   116  -26
07035120150621   126  -35
07035120150622   131  -46
07035120150623   138  -24
07035120150624   157   35
07035120150625   160   11
07035120150626   143   -9
07035120150627   124  -31
07035120150628   132    2
07035120150629   144   -9
07035120150630   116  -20
07035120150701   100  -41
07035120150702   108   -8
07035120150703   105  -70
07035120150704    93  -55
07035120150705    73  -47
07035120150706   112  -24
07035120150707   115  -47
07035120150708   126  -30
07035120150709   138  -13
07035120150710    99   -5
07035120150711   125   36
07035120150712    92   31
07035120150713   136   36
07035120150714   100   41
07035120150715    79   11
07035120150716   108   -5
07035120150717   108   42
07035120150718   110  -29
07035120150719   128  -51
07035120150720   141  -47
07035120150721   141  -45
07035120150722    96    2
07035120150723   108   43
07035120150724   116    5
07035120150725   134   44
07035120150726   115   65
07035120150727   115   14
07035120150728   130  -41
07035120150729   129  -33
07035120150730   123  -25
07035120150731   151   24
07035120150801   151   23
07035120150802   146   74
07035120150803   111   38
07035120150804    89  -53
07035120150805   101    0
07035120150806   122   -1
07035120150807   130  -35
07035120150808   134  -30
07035120150809   133  -47
07035120150810   144   27
07035120150811   136   31
07035120150812    75  -35
07035120150813   122    5
07035120150814   154  -28
07035120150815   151  -16
07035120150816   153    5
07035120150817   125   33
07035120150818   123  -41
07035120150819   130  -38
07035120150820   156  -18
07035120150821   177  -25
07035120150822   210   27
07035120150823   165  107
07035120150824   116   74
07035120150825   105   65
07035120150826   149   72
07035120150827   158   66
07035120150828   152   56
07035120150829   140   40
07035120150830   145  -29
07035120150831   150  -30
07035120150901   142  -31
07035120150902   168  -28
07035120150903   129   44
07035120150904   167    7
07035120150905   169   -1
07035120150906   148   44
07035120150907   139   36
07035120150908   131   30
07035120150909   161  -27
07035120150910   170   18
07035120150911   189    0
07035120150912   214   -5
07035120150913   217   10
07035120150914   224   20
07035120150915   187   50
07035120150916   175  -15
07035120150917   173  -15
07035120150918   168   35
07035120150919   155   34
07035120150920   196   36
07035120150921   207   20
07035120150922   152   49
07035120150923   137   22
07035120150924   128   14
07035120150925   149    5
07035120150926   176    1
07035120150927   200   14
07035120150928   204   32
07035120150929   221   25
07035120150930   213   17
07035120151001   231  111
07035120151002   249    9
07035120151003   265   28
07035120151004   283   67
07035120151005   317   91
07035120151006   318   68
07035120151007   186   74
07035120151008   200   85
07035120151009   271   76
07035120151010   274   59
07035120151011   221   65
07035120151012   250   77
07035120151013   213  113
07035120151014   261  110
07035120151015   285   77
07035120151016   301   82
07035120151017   278  111
07035120151018   216  115
07035120151019   276  121
07035120151020   295   94
07035120151021   238  150
07035120151022   190  124
07035120151023   167   98
07035120151024   231   68
07035120151025   265   47
07035120151026   270   76
07035120151027   174   96
07035120151028   225   80
07035120151029   253   52
07035120151030   250   50
07035120151031   225   89
07035120151101   253   89
07035120151102   254  140
07035120151103   213  138
07035120151104   208  139
07035120151105   223  135
07035120151106   237  147
07035120151107   232   96
07035120151108   207  102
07035120151109   278   97
07035120151110   307   97
07035120151111   187  132
07035120151112   227  137
07035120151113   236  123
07035120151114   153  116
07035120151115   211  107
07035120151116   233   49
07035120151117   265   70
07035120151118   300   96
07035120151119   348  106
07035120151120   361  131
07035120151121   265  152
07035120151122   253  135
07035120151123   261   80
07035120151124   274   69
07035120151125   303   52
07035120151126   237  195
07035120151127   229    5
07035120151128   274   92
07035120151129   274  159
07035120151130   284   79
07035120151201   350  104
07035120151202   232  120
07035120151203   268   66
07035120151204   298   78
07035120151205   320   81
07035120151206   327  112
07035120151207   288  157
07035120151208   282  168
07035120151209   306  172
07035120151210   316  122
07035120151211   274  108
07035120151212   261   38
07035120151213   277   73
07035120151214   322   65
07035120151215   303  124
07035120151216   270  131
07035120151217   302  104
07035120151218   336  136
07035120151219   363  154
07035120151220   370  162
07035120151221   279  193
07035120151222   249  140
07035120151223   254  136
07035120151224   262  109
07035120151225   287   92
07035120151226   224  114
07035120151227   240  110
07035120151228   247   64
07035120151229   302   92
07035120151230   324   94
07035120151231   340  114
07035120160101   349  150
07035120160102   283  162
07035120160103   248  151
07035120160104   201  142
07035120160105   171  140
07035120160106   207  137
07035120160107   255  106
07035120160108   295   80
07035120160109   317  131
07035120160110   345  150
07035120160111   357  156
07035120160112   379  187
07035120160113   393  132
07035120160114   340  218
07035120160115   210   96
07035120160116   231   55
07035120160117   257   74
07035120160118   313  119
07035120160119   350  113
07035120160120   369  141
07035120160121   352  149
07035120160122   277  187
07035120160123   286  172
07035120160124   290  165
07035120160125   273  171
07035120160126   264  151
07035120160127   224  173
07035120160128   290  154
07035120160129   234  155
07035120160130   270  120
07035120160131   218  103
07035120160201   221  120
07035120160202   267   91
07035120160203   272  142
07035120160204   245  140
07035120160205   237  107
07035120160206   252  122
07035120160207   293   96
07035120160208   314  116
07035120160209   294  139
07035120160210   314  117
07035120160211   296  149
07035120160212   288  143
07035120160213   323  144
07035120160214   326  156
07035120160215   289  149
07035120160216   270   91
07035120160217   246  103
07035120160218   288   84
07035120160219   301  154
07035120160220   310  140
07035120160221   296  159
07035120160222   331  130
07035120160223   344  153
07035120160224   364  142
07035120160225   380  150
07035120160226   320  160
07035120160227   254  146
07035120160228   309  128
07035120160229   255  178
07035120160301   313  143
07035120160302   339  140
07035120160303   352  126
07035120160304   326  142
07035120160305   355  143
07035120160306   339  134
07035120160307   353  129
07035120160308   327  145
07035120160309   334  116
07035120160310   309  166
07035120160311   239  189
07035120160312   321  142
07035120160313   310  161
07035120160314   321  170
07035120160315   249  150
07035120160316   257  144
07035120160317   286  134
07035120160318   196  140
07035120160319   210   53
07035120160320   203   82
07035120160321   222   72
07035120160322   233   56
07035120160323   250   58
07035120160324   221  100
07035120160325   251  126
07035120160326   268  106
07035120160327   262  117
07035120160328   234  151
07035120160329   227  147
07035120160330   237  137
07035120160331   240   73
07035120160401   250   67
07035120160402   264  116
07035120160403   250  122
07035120160404   250  140
07035120160405   296  105
07035120160406   311  160
07035120160407   235   79
07035120160408   192   85
07035120160409   233   46
07035120160410   244   41
07035120160411   242   28
07035120160412   237  118
07035120160413   226  115
07035120160414   245   97
07035120160415   264   69
07035120160416   230  102
07035120160417   199   95
07035120160418   203   57
07035120160419   235   48
07035120160420   250   72
07035120160421   261   82
07035120160422   190  125
07035120160423   206   92
07035120160424   211   57
07035120160425   227   39
07035120160426   243   14
07035120160427   236   22
07035120160428   244   54
07035120160429   256   87
07035120160430   234  143
07035120160501   210  100
07035120160502   161   46
07035120160503   192   62
07035120160504   177  117
07035120160505   195    2
07035120160506   225   13
07035120160507   239   14
07035120160508   161   96
07035120160509   173  119
07035120160510   174  121
07035120160511   137   72
07035120160512   161   88
07035120160513   201  114
07035120160514   200    4
07035120160515   213   52
07035120160516   195   21
07035120160517   205   88
07035120160518   151    2
07035120160519   170   13
07035120160520   192  110
07035120160521   191   20
07035120160522   214   14
07035120160523   170   66
07035120160524   157   50
07035120160525   147   -7
07035120160526   125   58
07035120160527   120   70
07035120160528   119   12
07035120160529   125  -39
07035120160530   150  -18
07035120160531   140   -4
07035120160601   141   59
07035120160602   148   49
07035120160603   150   27
07035120160604   150   82
07035120160605   154  118
07035120160606   142   89
07035120160607   113   71
07035120160608   132   66
07035120160609   159   92
07035120160610   145   66
07035120160611   137   66
07035120160612   116  -35
07035120160613   145  -45
07035120160614   152  -35
07035120160615   147  -55
07035120160616   151  -38
07035120160617   134   15
07035120160618   140   88
07035120160619   131   90
07035120160620   145   76
07035120160621   119   81
07035120160622   125   71
07035120160623   123   70
07035120160624    89   48
07035120160625   102  -27
07035120160626    80  -51
07035120160627   108   -8
07035120160628   120  -47
07035120160629   128  -43
07035120160630    78  -36
07035120160701   116   -4
07035120160702   133  -38
07035120160703   129  -52
07035120160704    84  -24
07035120160705    80    3
07035120160706   113   44
07035120160707   146   62
07035120160708   132   28
07035120160709   131   36
07035120160710   138   19
07035120160711   134   78
07035120160712   112   67
07035120160713    71    6
07035120160714   112    6
07035120160715   131  -31
07035120160716   161  -30
07035120160717   162   11
07035120160718   176  -18
07035120160719   188   67
07035120160720   144  111
07035120160721   149   85
07035120160722   169   96
07035120160723   104   47
07035120160724    84  -22
07035120160725   109   32
07035120160726   102   45
07035120160727   118   46
07035120160728   126   14
07035120160729   128  -34
07035120160730   119  -10
07035120160731   149   33
07035120160801   139   59
07035120160802   101   57
07035120160803   138    7
07035120160804   123    9
07035120160805   137    8
07035120160806   121  -10
07035120160807   116   15
07035120160808   140  -24
07035120160809   156  -11
07035120160810   164   44
07035120160811   129   46
07035120160812   106  -44
07035120160813   149   21
07035120160814   158  -12
07035120160815   159  -27
07035120160816   179  -20
07035120160817   158    8
07035120160818   184  -18
07035120160819   192   -8
07035120160820   104   41
07035120160821   128   39
07035120160822   131   11
07035120160823   137   41
07035120160824   107   56
07035120160825   137   -4
07035120160826   127  -14
07035120160827   131  -32
07035120160828   141   14
07035120160829   167  -13
07035120160830   194   32
07035120160831   167   83
07035120160901   167   43
07035120160902   105   56
07035120160903   146   91
07035120160904   139   49
07035120160905   164   29
07035120160906   194    6
07035120160907   191   27
07035120160908   200   69
07035120160909   174   52
07035120160910   143   95
07035120160911   157   28
07035120160912   166   13
07035120160913   175   57
07035120160914   183  101
07035120160915   129   60
07035120160916   157   68
07035120160917   170    4
07035120160918   131   44
07035120160919   146   64
07035120160920   145   18
07035120160921   117   67
07035120160922   149   69
07035120160923   182   55
07035120160924   192   27
07035120160925   183  102
07035120160926   153   25
07035120160927   143   33
07035120160928   169  -11
07035120160929   147   49
07035120160930   121   49
07035120161001   141   65
07035120161002   194   53
07035120161003   143   73
07035120161004   140   65
07035120161005   146   36
07035120161006   212   78
07035120161007   229   76
07035120161008   189   85
07035120161009   174   14
07035120161010   186   62
07035120161011   142   52
07035120161012   160   -9
07035120161013   162   17
07035120161014   189   -3
07035120161015   200   10
07035120161016   236   90
07035120161017   161   97
07035120161018   175   52
07035120161019   160   46
07035120161020   194   15
07035120161021   216   14
07035120161022   138  104
07035120161023   164    7
07035120161024   182  -10
07035120161025   207   12
07035120161026   241   84
07035120161027   232   70
07035120161028   186   89
07035120161029   240  110
07035120161030   224  102
07035120161031   165   56
07035120161101   181  -13
07035120161102   206   45
07035120161103   230   25
07035120161104   245   36
07035120161105   176  116
07035120161106   199   66
07035120161107   253   65
07035120161108   286   79
07035120161109   248  117
07035120161110   240  106
07035120161111   261   85
07035120161112   265  146
07035120161113   186  101
07035120161114   198   79
07035120161115   206   40
07035120161116   253   52
07035120161117   255  110
07035120161118   300   91
07035120161119   311  117
07035120161120   311  134
07035120161121   302  144
07035120161122   312  119
07035120161123   204  134
07035120161124   212   25
07035120161125   243   47
07035120161126   247   79
07035120161127   265   92
07035120161128   277  147
07035120161129   280   79
07035120161130   301  104
07035120161201   288  121
07035120161202   303   85
07035120161203   309  117
07035120161204   328  106
07035120161205   314  177
07035120161206   231  169
07035120161207   269   89
07035120161208   313  101
07035120161209   216  110
07035120161210   252   73
07035120161211   280  128
07035120161212   312  153
07035120161213   339  106
07035120161214   286  216
07035120161215   148  128
07035120161216   201  123
07035120161217   279  135
07035120161218   249  114
07035120161219   265  111
07035120161220   308   97
07035120161221   287   89
07035120161222   266  146
07035120161223   318  146
07035120161224   325  141
07035120161225   309  113
07035120161226   315  140
07035120161227   319  184
07035120161228   319  163
07035120161229   299  218
07035120161230   328  203
07035120161231   315  189
