001019
002079
003003
004032
004106
005007
005098
006011
007045
008296
008297
008315
009021
009518
009617
009789
009999
010092
010286
010916
010917
011003
011052
012038
013017
014015
014825
015135
015590
015666
016001
016098
017043
017126
018012
018044
018192
021133
022823
023000
023373
026021
026026
027045
027058
028004
029063
029077
030124
030161
031011
032040
033119
034084
036007
036031
037010
038003
038026
039066
039083
039128
040004
040043
040842
042112
043109
044021
045025
046012
046126
048027
048245
050017
052088
053115
055024
056242
058012
059151
060139
061078
061363
063005
065070
066214
067105
068072
068151
069018
070351
072150
072161
074258
076031
078015
080023
082039
084016
084145
085072
085096
086338
087031
090015
091293
091311
092045
094029
094198
094220
096003