001019 001021 19410901 19980915 001019 19980916 20191231 999999 99999999 99999999
002079 002011 19100101 19491231 002012 19500101 20150918 002079 20150919 20191231
003003 003002 19100101 19411231 003003 19420101 20191231 999999 99999999 99999999
004032 004002 19121010 19480630 004032 19480701 20191231 999999 99999999 99999999
004106 004020 19100101 20000925 004106 20000926 20191231 999999 99999999 99999999
005007 005007 19750301 20191231 999999 99999999 99999999 999999 99999999 99999999
005098 005026 19511001 20180831 005098 20180901 20191231 999999 99999999 99999999
006011 006062 19100101 19471231 006011 19480101 20191231 999999 99999999 99999999
007045 007046 19261005 19500424 007045 19500425 20191231 999999 99999999 99999999
008296 008093 19250301 19970325 008296 19970326 20191231 999999 99999999 99999999
008297 008039 19550101 20061231 008297 20070101 20191231 999999 99999999 99999999
008315 008050 19100101 19411231 008051 19420101 20110719 008315 20110720 20191231
009021 009034 19100101 19631231 009021 19640101 20191231 999999 99999999 99999999
009518 009518 19100101 20191231 999999 99999999 99999999 999999 99999999 99999999
009617 009510 19100101 20071231 009617 20080101 20191231 999999 99999999 99999999
009789 009541 19100101 19690629 009789 19690630 20191231 999999 99999999 99999999
009999 009500 19100101 19650411 009741 19650412 20120112 009999 20120113 20191231
010092 010093 19121201 19741231 010092 19750101 20191231 999999 99999999 99999999
010286 010035 19500716 19961231 010286 19970101 20191231 999999 99999999 99999999
010916 010579 19100101 19990108 010916 19990109 20191231 999999 99999999 99999999
010917 010648 19100101 19981213 010917 19981214 20191231 999999 99999999 99999999
011003 011003 19130101 20191231 999999 99999999 99999999 999999 99999999 99999999
011052 011004 19460201 19930314 011052 19930315 20191231 999999 99999999 99999999
012038 012039 19100101 19431231 012038 19440101 20191231 999999 99999999 99999999
013017 013017 19560813 20191231 999999 99999999 99999999 999999 99999999 99999999
014015 014016 19100101 19410201 014015 19410202 20191231 999999 99999999 99999999
014825 014825 19650101 20191231 999999 99999999 99999999 999999 99999999 99999999
015135 015087 19100201 19691231 015135 19700101 20191231 999999 99999999 99999999
015590 015540 19100101 19411231 015590 19420101 20191231 999999 99999999 99999999
015666 015548 19690821 19961231 015666 19970101 20191231 999999 99999999 99999999
016001 016001 19490401 20191231 999999 99999999 99999999 999999 99999999 99999999
016098 016044 19211101 19970930 016098 19971001 20191231 999999 99999999 99999999
017043 017043 19400201 19850726 017114 19850727 19941211 017043 19941212 20191231
017126 017024 19100101 19390331 017031 19390401 20051231 017126 20060101 20191231
018012 018012 19390702 20191231 999999 99999999 99999999 999999 99999999 99999999
018044 018044 19300210 20191231 999999 99999999 99999999 999999 99999999 99999999
018192 018070 19100101 19941231 018192 19950101 20191231 999999 99999999 99999999
021133 021046 19100101 19980622 021133 19980623 20191231 999999 99999999 99999999
022823 022801 19570901 20020909 022823 20020910 20191231 999999 99999999 99999999
023090 023000 19100101 19770131 023090 19770201 20191231 999999 99999999 99999999
023373 023321 19570101 19960827 023373 19960828 20191231 999999 99999999 99999999
026021 026020 19100101 19411231 026021 19420101 20191231 999999 99999999 99999999
026026 026026 19100101 20191231 999999 99999999 99999999 999999 99999999 99999999
027045 027042 19590101 19921105 027045 19921106 20191231 999999 99999999 99999999
027058 027022 19500904 19921231 027021 19930101 19951231 027058 19960101 20191231
028004 028004 19100101 20191231 999999 99999999 99999999 999999 99999999 99999999
029063 029041 19100101 20010430 029063 20010501 20191231 999999 99999999 99999999
029077 029004 19100101 20011015 029077 20011016 20191231 999999 99999999 99999999
030161 030045 19100101 20101231 030161 20110101 20191231 999999 99999999 99999999
030124 030018 19100101 20040630 030124 20040701 20191231 999999 99999999 99999999
031011 031010 19100101 19421021 031011 19421022 20191231 999999 99999999 99999999
032040 032040 19401019 20191231 999999 99999999 99999999 999999 99999999 99999999
033119 033046 19100101 19470731 033047 19470801 19590924 033119 19590925 20191231
034084 034002 19100101 19921214 034084 19921215 20191231 999999 99999999 99999999
036007 036007 19620101 20191231 999999 99999999 99999999 999999 99999999 99999999
036031 036030 19100101 19670331 036031 19670401 20191231 999999 99999999 99999999
037010 037010 19390601 20191231 999999 99999999 99999999 999999 99999999 99999999
038003 038003 19100101 20191231 999999 99999999 99999999 999999 99999999 99999999
038026 038002 19540510 20000628 038026 20000629 20191231 999999 99999999 99999999
039066 039039 19100101 20051231 039066 20060101 20191231 999999 99999999 99999999
039083 039083 19390806 20191231 999999 99999999 99999999 999999 99999999 99999999
039128 039015 19100101 19900630 039128 19900701 20191231 999999 99999999 99999999
040004 040004 19410825 20191231 999999 99999999 99999999 999999 99999999 99999999
040043 040043 19100101 20191231 999999 99999999 99999999 999999 99999999 99999999
040842 040223 19490603 19951231 040842 19960101 20191231 999999 99999999 99999999
042112 042023 19100101 19970709 042112 19970710 20191231 999999 99999999 99999999
043109 043034 19130201 19970531 043109 19970601 20191231 999999 99999999 99999999
044021 044022 19100101 19481231 044021 19490101 20191231 999999 99999999 99999999
045025 045017 19570101 19990731 045025 19990801 20191231 999999 99999999 99999999
046012 046043 19570101 20101231 046012 20110101 20191231 999999 99999999 99999999
046126 046037 19100101 20061231 046126 20070101 20191231 999999 99999999 99999999
048027 048030 19100101 19620520 048027 19620521 20191231 999999 99999999 99999999
048245 048013 19100101 19941110 048239 19941111 19981231 048245 19990101 20191231
050017 073054 19650101 20041231 050017 20050101 20191231 999999 99999999 99999999
052088 052026 19100101 19930531 052088 19930601 20191231 999999 99999999 99999999
053115 053027 19100101 19651231 053048 19660101 19950516 053115 19950517 20191231
055024 055024 19480101 20191231 999999 99999999 99999999 999999 99999999 99999999
056242 056017 19100101 19961231 056242 19970101 20191231 999999 99999999 99999999
058012 058012 19100101 20191231 999999 99999999 99999999 999999 99999999 99999999
059151 059040 19430201 20130809 059151 20130810 20191231 999999 99999999 99999999
060139 060026 19100101 19991231 060139 20000101 20191231 999999 99999999 99999999
061078 061078 19420910 20191231 999999 99999999 99999999 999999 99999999 99999999
061363 061089 19650101 19941231 061363 19950101 20191231 999999 99999999 99999999
063005 063005 19100101 20191231 999999 99999999 99999999 999999 99999999 99999999
065070 065012 19210101 19941231 065070 19950101 20191231 999999 99999999 99999999
066062 066062 19100101 20191231 066214 20200101 20221231 999999 99999999 99999999
067105 067033 19391201 19941031 067105 19941101 20191231 999999 99999999 99999999
068072 068076 19551201 20001127 068072 20001128 20191231 999999 99999999 99999999
068151 068034 19460101 20010520 068151 20010521 20191231 999999 99999999 99999999
069018 069018 19100101 20191231 999999 99999999 99999999 999999 99999999 99999999
070351 070099 19210101 19390331 070014 19390401 20101130 070351 20101201 20191231
072150 072151 19100101 19421231 072150 19430101 20191231 999999 99999999 99999999
072161 072091 19620101 19961231 072161 19970101 20191231 999999 99999999 99999999
074258 074128 19100101 19970602 074258 19970603 20191231 999999 99999999 99999999
076031 076077 19100101 19460825 076031 19460826 20191231 999999 99999999 99999999
078015 078031 19100101 20030610 078015 20030611 20191231 999999 99999999 99999999
080023 080023 19100101 20191231 999999 99999999 99999999 999999 99999999 99999999
082039 082039 19121107 20191231 999999 99999999 99999999 999999 99999999 99999999
084016 084016 19100101 20191231 999999 99999999 99999999 999999 99999999 99999999
084145 084030 19380101 20001122 084145 20001123 20191231 999999 99999999 99999999
085072 085133 19100101 19450731 085072 19450801 20191231 999999 99999999 99999999
085096 085096 19100101 20191231 999999 99999999 99999999 999999 99999999 99999999
086338 086071 19100101 20130601 086338 20130602 20191231 999999 99999999 99999999
087031 087031 19431001 20191231 999999 99999999 99999999 999999 99999999 99999999
090015 090015 19100101 20191231 999999 99999999 99999999 999999 99999999 99999999
091293 091057 19100101 19980107 091293 19980108 20191231 999999 99999999 99999999
091311 091049 19100101 19390331 091104 19390401 20040711 091311 20040712 20191231
092045 092045 19100101 20191231 999999 99999999 99999999 999999 99999999 99999999
094198 094010 19230101 20061231 094198 20070101 20191231 999999 99999999 99999999
094029 094029 19180101 20191231 999999 99999999 99999999 999999 99999999 99999999
094220 094069 19520501 20040615 094220 20040616 20191231 999999 99999999 99999999
096003 096003 19440601 19891231 096071 19900101 20080520 096003 20080521 20191231
