01404020010821  -999 -999
01404020010822  -999 -999
01404020010823  -999 -999
01404020010824  -999 -999
01404020010825  -999 -999
01404020010826  -999 -999
01404020010827  -999 -999
01404020010828  -999 -999
01404020010829  -999 -999
01404020010830   252 -999
01404020010831   294  201
01404020010901   316  224
01404020010902   327  196
01404020010903   321  205
01404020010904   308  229
01404020010905   340  236
01404020010906   346  222
01404020010907   314  220
01404020010908   308  230
01404020010909   323  230
01404020010910   312  235
01404020010911   311  216
01404020010912   322  227
01404020010913   313  228
01404020010914   325  242
01404020010915   341  246
01404020010916   324  236
01404020010917   359  231
01404020010918   333  229
01404020010919   313  249
01404020010920   329  233
01404020010921   329  239
01404020010922   331  238
01404020010923   342  243
01404020010924   329  243
01404020010925   347  233
01404020010926   362  233
01404020010927   361  236
01404020010928   355  239
01404020010929   350  248
01404020010930   337  243
01404020011001   333  254
01404020011002   327  253
01404020011003   327  253
01404020011004   333  254
01404020011005   327  253
01404020011006   335  249
01404020011007   331  228
01404020011008   342  251
01404020011009   333  247
01404020011010   331  259
01404020011011   334  258
01404020011012   348  249
01404020011013   332  273
01404020011014   344  262
01404020011015   343  241
01404020011016   337  264
01404020011017   344  264
01404020011018   345  281
01404020011019   324  265
01404020011020   335  245
01404020011021   336  261
01404020011022   338  249
01404020011023   345  259
01404020011024   342  277
01404020011025   341  270
01404020011026   346  260
01404020011027   346  261
01404020011028   361  262
01404020011029  -999  253
01404020011112   307 -999
01404020011113   338  238
01404020011114   352  243
01404020011115   344  241
01404020011116   339  242
01404020011117   337  244
01404020011118   351  239
01404020011119   336  238
01404020011120  -999  259
01404020011121   336 -999
01404020011122   343  266
01404020011123   342  282
01404020011124   341  276
01404020011125   319  260
01404020011126   324  234
01404020011127   328  250
01404020011128   336  241
01404020011129   330  248
01404020011130   333  242
01404020011201   331  262
01404020011202   313  256
01404020011203   308  237
01404020011204   333  244
01404020011205   327  252
01404020011206   319  257
01404020011207   319  261
01404020011208   321  254
01404020011209   297  243
01404020011210   307  243
01404020011211   319  248
01404020011212   306  250
01404020011213   301  247
01404020011214   308  257
01404020011215   316  236
01404020011216   324  267
01404020011217   326  273
01404020011218   326  269
01404020011219   332  280
01404020011220   335  273
01404020011221   342  283
01404020011222   333  229
01404020011223  -999  238
01404020011224  -999 -999
01404020011225   330 -999
01404020011226   330  285
01404020011227   329  255
01404020011228   307  270
01404020011229   329  233
01404020011230   317  250
01404020011231   324  265
01404020020101   318  238
01404020020102   319  270
01404020020103   315  265
01404020020104   319  230
01404020020105   321  248
01404020020106   326  277
01404020020107   323  284
01404020020108   326  275
01404020020109  -999  279
01404020020110   303  260
01404020020111   320  257
01404020020112   321  271
01404020020113   328  270
01404020020114   316  280
01404020020115   334  246
01404020020116   326  269
01404020020117   334  255
01404020020118   321  254
01404020020119   338  250
01404020020120   334  250
01404020020121   336  252
01404020020122  -999  252
01404020020123  -999 -999
01404020020124   331 -999
01404020020125   336  259
01404020020126   333  286
01404020020127   343  288
01404020020128   323  290
01404020020129   332  229
01404020020130   331  282
01404020020131   333  239
01404020020201   332  284
01404020020202   317  284
01404020020203   319  261
01404020020204   326  277
01404020020205   332  281
01404020020206   334  282
01404020020207   279  252
01404020020208   282  244
01404020020209   277  242
01404020020210   295  242
01404020020211   288  242
01404020020212   275  231
01404020020213   302  212
01404020020214   303  230
01404020020215   320  233
01404020020216   312  273
01404020020217   313  270
01404020020218   304  257
01404020020219   300  252
01404020020220   291  238
01404020020221   309  233
01404020020222   313  244
01404020020223   312  246
01404020020224   312  251
01404020020225   321  264
01404020020226   317  252
01404020020227   309  250
01404020020228   318  256
01404020020301   305  258
01404020020302   304  246
01404020020303   331  235
01404020020304   296  243
01404020020305   334  254
01404020020306   330  250
01404020020307   337  258
01404020020308   334  246
01404020020309   333  220
01404020020310   325  242
01404020020311   330  225
01404020020312   332  218
01404020020313   338  229
01404020020314   319  260
01404020020315   320  218
01404020020316   331  247
01404020020317   333  258
01404020020318   325  246
01404020020319   326  248
01404020020320   322  254
01404020020321   331  228
01404020020322   325  255
01404020020323   325  245
01404020020324   337  246
01404020020325   337  244
01404020020326   326  258
01404020020327   333  230
01404020020328   328  262
01404020020329   339  222
01404020020330   329  235
01404020020331   320  240
01404020020401   330  243
01404020020402   323  239
01404020020403   325  243
01404020020404   321  227
01404020020405   328  255
01404020020406   345  250
01404020020407   331  249
01404020020408   336  261
01404020020409   329  243
01404020020410   323  230
01404020020411   279  235
01404020020412   322  239
01404020020413   332  239
01404020020414   334  242
01404020020415   331  232
01404020020416   314  240
01404020020417   326  245
01404020020418   329  244
01404020020419   327  238
01404020020420   332  254
01404020020421   338  250
01404020020422   332  249
01404020020423   342  234
01404020020424   342  242
01404020020425   341  238
01404020020426   341  245
01404020020427   341  228
01404020020428   344  227
01404020020429   344  247
01404020020430   332  253
01404020020501   338  240
01404020020502   337  235
01404020020503   336  245
01404020020504   338  245
01404020020505   341  240
01404020020506   347  252
01404020020507   349  250
01404020020508   347  241
01404020020509   332  245
01404020020510   322  231
01404020020511   312  237
01404020020512   334  226
01404020020513   321  224
01404020020514   332  223
01404020020515   336  232
01404020020516   329  218
01404020020517   337  229
01404020020518   332  217
01404020020519   340  212
01404020020520   318  215
01404020020521   327  224
01404020020522   329  231
01404020020523   318  234
01404020020524   320  239
01404020020525   319  238
01404020020526   329  236
01404020020527   314  225
01404020020528   309  196
01404020020529   302  185
01404020020530   294  176
01404020020531   289  167
01404020020601   293  171
01404020020602   290  171
01404020020603   284  174
01404020020604   281  176
01404020020605   291  171
01404020020606   297  161
01404020020607  -999  171
01404020020608   319 -999
01404020020609   334  196
01404020020610   319  200
01404020020611   318  202
01404020020612   335  205
01404020020613   323  211
01404020020614   314  208
01404020020615   316  208
01404020020616   325  209
01404020020617   335  222
01404020020618   329  210
01404020020619   293  187
01404020020620   287  176
01404020020621   302  164
01404020020622   299  181
01404020020623   302  174
01404020020624   309  182
01404020020625   314  188
01404020020626   320  191
01404020020627   307  189
01404020020628   323  188
01404020020629   300  182
01404020020630   286  155
01404020020701   296  172
01404020020702   294  175
01404020020703   301  179
01404020020704   297  177
01404020020705   294  181
01404020020706   299  168
01404020020707   292  157
01404020020708   299  161
01404020020709   308  176
01404020020710   308  188
01404020020711   312  186
01404020020712   302  171
01404020020713   324  178
01404020020714   303  168
01404020020715   307  199
01404020020716   300  178
01404020020717   289  163
01404020020718   303  177
01404020020719   313  190
01404020020720   327  184
01404020020721   330  196
01404020020722   327  190
01404020020723   306  203
01404020020724   306  200
01404020020725   300  194
01404020020726   310  180
01404020020727   324  196
01404020020728   310  199
01404020020729   329  204
01404020020730   314  201
01404020020731   301  167
01404020020801   297  170
01404020020802   302  170
01404020020803   313  177
01404020020804   325  197
01404020020805   311  202
01404020020806   332  192
01404020020807   337  188
01404020020808   337  177
01404020020809   317  169
01404020020810   325  199
01404020020811   303  203
01404020020812   312  197
01404020020813   329  197
01404020020814   317  193
01404020020815   313  186
01404020020816   308  174
01404020020817   306  156
01404020020818   326  159
01404020020819   315  183
01404020020820   315  188
01404020020821   311  155
01404020020822   308  184
01404020020823   303  206
01404020020824   329  196
01404020020825   336  187
01404020020826   322  172
01404020020827   306  156
01404020020828   301  170
01404020020829   316  180
01404020020830   313  211
01404020020831   318  211
01404020020901   326  215
01404020020902   304  206
01404020020903   301  223
01404020020904   300  215
01404020020905   313  217
01404020020906   301  222
01404020020907   316  225
01404020020908   313  217
01404020020909   320  204
01404020020910   323  227
01404020020911   321  232
01404020020912   329  235
01404020020913   317  242
01404020020914   311  215
01404020020915   318  224
01404020020916   309  234
01404020020917   302  233
01404020020918   318  234
01404020020919   314  238
01404020020920   313  232
01404020020921   320  226
01404020020922   338  229
01404020020923   327  234
01404020020924   326  237
01404020020925   351  244
01404020020926   326  241
01404020020927   316  237
01404020020928   323  236
01404020020929   326  247
01404020020930   325  230
01404020021001   354  208
01404020021002   324  223
01404020021003   330  234
01404020021004   333  243
01404020021005   326  258
01404020021006   336  252
01404020021007   323  249
01404020021008   348  266
01404020021009  -999  242
01404020021010   349 -999
01404020021011   343  260
01404020021012   337  246
01404020021013   354  255
01404020021014   356  248
01404020021015   339  254
01404020021016   353  251
01404020021017   355  247
01404020021018   350  245
01404020021019   342  247
01404020021020   335  247
01404020021021   338  258
01404020021022   332  264
01404020021023   339  271
01404020021024   334  279
01404020021025   304  280
01404020021026   343  244
01404020021027   340  267
01404020021028   355  265
01404020021029   354  276
01404020021030   349  271
01404020021031   362  282
01404020021101   350  256
01404020021102   340  254
01404020021103   340  263
01404020021104   366  261
01404020021105   315  216
01404020021106   340  234
01404020021107   351  250
01404020021108   351  247
01404020021109   354  253
01404020021110   345  255
01404020021111   350  258
01404020021112   343  274
01404020021113   352  279
01404020021114   359  275
01404020021115   334  270
01404020021116   339  214
01404020021117   334  241
01404020021118   352  268
01404020021119   336  263
01404020021120   350  248
01404020021121   331  255
01404020021122   323  258
01404020021123   332  245
01404020021124   334  254
01404020021125   341  266
01404020021126   350  269
01404020021127   348  263
01404020021128   318  231
01404020021129   306  273
01404020021130   328  255
01404020021201   319  247
01404020021202   337  261
01404020021203   346  271
01404020021204   345  287
01404020021205   347  278
01404020021206   343  229
01404020021207   346  258
01404020021208   348  288
01404020021209   346  293
01404020021210   351  259
01404020021211   346  245
01404020021212   338  240
01404020021213   346  270
01404020021214   346  224
01404020021215   341  278
01404020021216   349  257
01404020021217   339  219
01404020021218   337  207
01404020021219   338  232
01404020021220   328  230
01404020021221   345  262
01404020021222   345  228
01404020021223   338  257
01404020021224   340  262
01404020021225   337  232
01404020021226   331  251
01404020021227   345  252
01404020021228   349  273
01404020021229   340  282
01404020021230   338  256
01404020021231   348  258
01404020030101   306  290
01404020030102   327  237
01404020030103   310  255
01404020030104   330  227
01404020030105   333  208
01404020030106   308  242
01404020030107   340  245
01404020030108   329  254
01404020030109   329  249
01404020030110   330  237
01404020030111   335  280
01404020030112   322  232
01404020030113   322  234
01404020030114   305  252
01404020030115   286  229
01404020030116   319  230
01404020030117   322  230
01404020030118   327  227
01404020030119   290  259
01404020030120   308  221
01404020030121   318  247
01404020030122   311  253
01404020030123   312  249
01404020030124  -999  249
01404020030125   325 -999
01404020030126   319  241
01404020030127   320  250
01404020030128   319  242
01404020030129   314  254
01404020030130   322  256
01404020030131   300  281
01404020030201   339  252
01404020030202   324  265
01404020030203   326  232
01404020030204   325  225
01404020030205   334  279
01404020030206   319  224
01404020030207   322  241
01404020030208   322  257
01404020030209   328  262
01404020030210   319  245
01404020030211   326  231
01404020030212   326  234
01404020030213   303  242
01404020030214   319  247
01404020030215   291  251
01404020030216   302  237
01404020030217   289  238
01404020030218   312  229
01404020030219   289  257
01404020030220   301  234
01404020030221   286  236
01404020030222   292  243
01404020030223   282  249
01404020030224   299  237
01404020030225   286  237
01404020030226   276  234
01404020030227   311  238
01404020030228   315  249
01404020030301   312  275
01404020030302   308  248
01404020030303   293  253
01404020030304   298  255
01404020030305   302  244
01404020030306   299  249
01404020030307   300  251
01404020030308   307  247
01404020030309   315  244
01404020030310   279  241
01404020030311   283  226
01404020030312   303  226
01404020030313   339  245
01404020030314   316  236
01404020030315   324  257
01404020030316   316  255
01404020030317   326  261
01404020030318   327  264
01404020030319   312  245
01404020030320   318  237
01404020030321   332  242
01404020030322   325  223
01404020030323   306  249
01404020030324   325  241
01404020030325   324  233
01404020030326   333  231
01404020030327   341  245
01404020030328   337  244
01404020030329   342  254
01404020030330  -999  249
01404020030331   329 -999
01404020030401   339  260
01404020030402   347  254
01404020030403  -999  256
01404020030407   330 -999
01404020030408   331  243
01404020030409  -999  242
01404020030410   330 -999
01404020030411   331  259
01404020030412   330  259
01404020030413   334  258
01404020030414   340  257
01404020030415   358  258
01404020030416   360  254
01404020030417   339  260
01404020030418   340  228
01404020030419   342  213
01404020030420   343  237
01404020030421   347  249
01404020030422   341  251
01404020030423  -999  254
01404020030428   343 -999
01404020030429   321  234
01404020030430   347  235
01404020030501   354  251
01404020030502   352  249
01404020030503   350  257
01404020030504   334  243
01404020030505   339  233
01404020030506   339  246
01404020030507   330  246
01404020030508   332  238
01404020030509   325  228
01404020030510   331  224
01404020030511   316  208
01404020030512   322  218
01404020030513   323  224
01404020030514   319  238
01404020030515   318  246
01404020030516   325  241
01404020030517   327  230
01404020030518   326  248
01404020030519  -999  254
01404020030520   290 -999
01404020030521   324  240
01404020030522   340  252
01404020030523   322  239
01404020030524   343  226
01404020030525   345  206
01404020030526   324  204
01404020030527   308  191
01404020030528  -999  185
01404020030610  -999 -999
01404020030611  -999  249
01404020030612  -999  251
01404020030613  -999  253
01404020030614  -999  236
01404020030615  -999  236
01404020030616  -999  252
01404020030617   319  228
01404020030618   310  217
01404020030619   321  196
01404020030620   315  199
01404020030621   316  184
01404020030622   318  186
01404020030623   308  179
01404020030624   318  183
01404020030625   325  179
01404020030626   326  181
01404020030627  -999  163
01404020030628  -999 -999
01404020030629  -999 -999
01404020030630  -999 -999
01404020030701   307 -999
01404020030702   327  198
01404020030703   307  191
01404020030704   314  202
01404020030705   313  183
01404020030706   327  189
01404020030707   310  203
01404020030708   317  212
01404020030709   319  204
01404020030710   323  203
01404020030711   303  196
01404020030712   320  190
01404020030713   330  202
01404020030714   315  209
01404020030715   297  192
01404020030716   306  190
01404020030717   318  191
01404020030718  -999  209
01404020030721   338 -999
01404020030722   320  219
01404020030723   304  222
01404020030724   333  222
01404020030725   323  219
01404020030726   321  189
01404020030727   312  183
01404020030728   307  195
01404020030729   304  213
01404020030730   316  224
01404020030731   309  185
01404020030801   310  172
01404020030802   315  183
01404020030803   313  191
01404020030804   304  201
01404020030805   317  206
01404020030806   310  208
01404020030807   319  212
01404020030808   300  209
01404020030809   301  200
01404020030810   298  215
01404020030811   324  206
01404020030812   329  227
01404020030813   311  234
01404020030814   320  235
01404020030815   340  226
01404020030816   332  226
01404020030817   337  214
01404020030818   307  219
01404020030819   307  220
01404020030820   307  226
01404020030821   306  222
01404020030822   307  253
01404020030823   305  242
01404020030824   328  217
01404020030825   322  198
01404020030826   312  238
01404020030827   346  235
01404020030828   337  216
01404020030829   323  197
01404020030830   307  217
01404020030831   308  233
01404020030901   313  231
01404020030902   348  230
01404020030903   330  205
01404020030904   322  189
01404020030905   323  163
01404020030906   317  228
01404020030907   322  223
01404020030908   315  228
01404020030909   322  230
01404020030910   320  227
01404020030911   309  240
01404020030912   314  238
01404020030913   314  244
01404020030914   319  242
01404020030915   334  255
01404020030916   336  258
01404020030917   347  234
01404020030918   340  238
01404020030919   335  246
01404020030920   341  236
01404020030921   345  237
01404020030922   327  254
01404020030923   322  264
01404020030924   337  249
01404020030925   327  250
01404020030926   343  253
01404020030927   323  249
01404020030928   337  260
01404020030929   354  254
01404020030930  -999  248
01404020031030   333 -999
01404020031031   334  270
01404020031101   335  273
01404020031102   338  280
01404020031103   352  263
01404020031104   366  241
01404020031105   365  243
01404020031106   344  274
01404020031107   332  251
01404020031108   335  271
01404020031109   325  231
01404020031110   345  244
01404020031111   336  248
01404020031112   323  217
01404020031113   332  249
01404020031114   319  252
01404020031115   343  231
01404020031116   331  257
01404020031117   323  237
01404020031118   326  260
01404020031119   333  243
01404020031120   329  253
01404020031121   331  267
01404020031122   336  271
01404020031123   328  218
01404020031124   340  245
01404020031125   331  258
01404020031126   336  261
01404020031127   343  254
01404020031128   353  257
01404020031129   338  246
01404020031130   337  267
01404020031201   332  250
01404020031202   335  277
01404020031203   334  245
01404020031204   337  258
01404020031205   338  253
01404020031206   339  286
01404020031207   335  237
01404020031208   346  269
01404020031209   343  272
01404020031210   338  250
01404020031211   346  285
01404020031212   327  256
01404020031213   343  248
01404020031214   329  225
01404020031215   341  244
01404020031216   343  261
01404020031217   314  270
01404020031218   338  259
01404020031219   322  251
01404020031220   312  249
01404020031221   312  247
01404020031222   297  246
01404020031223   296  240
01404020031224   300  249
01404020031225   321  250
01404020031226   309  254
01404020031227   304  242
01404020031228   317  250
01404020031229   314  253
01404020031230   312  244
01404020031231   268  250
01404020040101   285  242
01404020040102   315  235
01404020040103   319  262
01404020040104   335  273
01404020040105   331  274
01404020040106   302  223
01404020040107   322  257
01404020040108   297  239
01404020040110   315 -999
01404020040111   295  241
01404020040112  -999  231
01404020040114   315 -999
01404020040115   316  274
01404020040116   314  273
01404020040117   318  268
01404020040118   324  247
01404020040119   335  240
01404020040120   335  246
01404020040121   329  240
01404020040122   329  255
01404020040123   326  261
01404020040124   316  249
01404020040125   313  249
01404020040126   327  245
01404020040127   320  264
01404020040128   328  265
01404020040129   335  261
01404020040130   328  262
01404020040131   327  275
01404020040201   326  261
01404020040202   282  249
01404020040203   278  246
01404020040204   306  222
01404020040205   317  256
01404020040206   294  243
01404020040207   286  249
01404020040208   283  247
01404020040209   287  234
01404020040210   310  233
01404020040211   319  235
01404020040212   315  260
01404020040213   284  245
01404020040214   304  237
01404020040215   308  256
01404020040216   319  256
01404020040217   310  236
01404020040218   323  240
01404020040219   324  255
01404020040220   328  259
01404020040221   320  259
01404020040222   317  256
01404020040223   303  253
01404020040224   310  259
01404020040225   309  253
01404020040226   307  247
01404020040227   307  261
01404020040228   315  275
01404020040229   325  269
01404020040301   321  226
01404020040302   284  225
01404020040303   308  227
01404020040304   330  255
01404020040305   308  260
01404020040306   316  255
01404020040307   313  254
01404020040308   321  251
01404020040309   323  272
01404020040310   324  252
01404020040311   335  257
01404020040312   336  247
01404020040313   329  233
01404020040314   320  250
01404020040315   304  231
01404020040316   293  246
01404020040317   295  247
01404020040318   271  241
01404020040319   284  240
01404020040320   323  233
01404020040321   323  252
01404020040322   321  239
01404020040323   320  239
01404020040324   332  254
01404020040325   323  272
01404020040326   318  259
01404020040327   325  245
01404020040328   331  258
01404020040329   328  257
01404020040330   336  256
01404020040331   321  258
01404020040401   322  233
01404020040402   340  253
01404020040403   347  249
01404020040404   335  227
01404020040405   331  241
01404020040406   351  246
01404020040407   346  253
01404020040408   340  235
01404020040409   334  229
01404020040410   336  241
01404020040411   330  248
01404020040412   329  248
01404020040413   328  246
01404020040414   333  251
01404020040415   336  247
01404020040416   340  244
01404020040417   340  233
01404020040418   343  241
01404020040419   347  236
01404020040420   348  246
01404020040421   334  242
01404020040422   339  252
01404020040423   337  250
01404020040424   347  239
01404020040425   350  242
01404020040426   350  246
01404020040427   342  263
01404020040428   346  255
01404020040429   320  258
01404020040430   333  242
01404020040501   325  216
01404020040502   319  203
01404020040503   330  209
01404020040504   342  230
01404020040505   347  256
01404020040506   323  242
01404020040507   329  251
01404020040508   339  242
01404020040509   345  241
01404020040510   319  240
01404020040511   324  244
01404020040512   305  245
01404020040513   315  225
01404020040514   310  233
01404020040515   327  239
01404020040516   340  241
01404020040517   329  243
01404020040518   335  254
01404020040519   333  248
01404020040520   303  233
01404020040521   287  221
01404020040522   319  222
01404020040523   319  237
01404020040524   327  241
01404020040525   322  236
01404020040526   318  240
01404020040527   319  247
01404020040528   318  237
01404020040529   288  220
01404020040530   266  181
01404020040531   264  176
01404020040601   285  202
01404020040602   273  232
01404020040603   314  238
01404020040604   322  228
01404020040605   304  229
01404020040606   304  218
01404020040607   313  222
01404020040608   322  218
01404020040609   321  222
01404020040610   313  209
01404020040611   309  209
01404020040612   302  203
01404020040613   314  207
01404020040614   308  199
01404020040615   302  192
01404020040616   300  184
01404020040617   289  176
01404020040618   276  160
01404020040619   286  139
01404020040620   289  139
01404020040621   255  150
01404020040622   273  142
01404020040623   288  164
01404020040624   285  179
01404020040625   302  174
01404020040626   288  179
01404020040627   274  151
01404020040628   285  161
01404020040629   280  163
01404020040630   282  164
01404020040701   293  175
01404020040702   291  192
01404020040703   307  198
01404020040704   307  186
01404020040705   316  209
01404020040706   324  201
01404020040707   323  197
01404020040708   315  180
01404020040709   299  172
01404020040710   297  160
01404020040711   310  194
01404020040712   296  194
01404020040713   314  199
01404020040714   307  200
01404020040715   295  194
01404020040716   306  191
01404020040717   313  194
01404020040718   292  177
01404020040719   275  157
01404020040720   272  150
01404020040721   283  146
01404020040722   288  164
01404020040723   286  168
01404020040724   296  177
01404020040725   301  201
01404020040726   298  199
01404020040727   311  194
01404020040728   303  196
01404020040729   314  194
01404020040730   290  184
01404020040731   304  187
01404020040801   292  194
01404020040802   306  190
01404020040803   301  195
01404020040804   298  204
01404020040805   306  208
01404020040806   298  226
01404020040807   293  196
01404020040808   296  186
01404020040809   296  195
01404020040810   307  201
01404020040811   322  188
01404020040812   311  193
01404020040813   302  180
01404020040814   300  174
01404020040815   296  203
01404020040816   296  202
01404020040817   301  206
01404020040818   304  195
01404020040819   321  197
01404020040820   313  170
01404020040821   315  158
01404020040822   311  155
01404020040823   308  190
01404020040824   320  224
01404020040825   317  202
01404020040826   311  207
01404020040827   305  204
01404020040828   304  204
01404020040829   308  215
01404020040830   308  241
01404020040831   306  225
01404020040901   324  221
01404020040902   316  211
01404020040903   329  205
01404020040904   327  195
01404020040905   315  162
01404020040906   304  191
01404020040907   310  206
01404020040908   308  215
01404020040909   355  213
01404020040910   325  231
01404020040911   319  244
01404020040912   351  227
01404020040913   334  200
01404020040914   324  197
01404020040915   337  191
01404020040916   340  215
01404020040917   326  216
01404020040918   318  215
01404020040919   329  217
01404020040920   358  209
01404020040921   347  219
01404020040922   336  227
01404020040923   338  225
01404020040924   312  219
01404020040925   319  218
01404020040926   327  220
01404020040927   329  228
01404020040928   325  225
01404020040929   321  248
01404020040930   325  243
01404020041001   318  258
01404020041002   324  254
01404020041003   341  230
01404020041004   347  246
01404020041005   348  247
01404020041006   325  253
01404020041007   332  255
01404020041008   334  249
01404020041009   342  248
01404020041010   339  259
01404020041011   353  247
01404020041012   342  258
01404020041013   331  246
01404020041014   327  246
01404020041015   320  229
01404020041016   319  246
01404020041017   326  257
01404020041018   341  236
01404020041019   337  264
01404020041020   324  258
01404020041021   334  262
01404020041022   348  263
01404020041023   353  253
01404020041024   344  256
01404020041025   342  248
01404020041026   338  254
01404020041027   348  259
01404020041028   356  273
01404020041029   352  265
01404020041030   329  209
01404020041031   338  257
01404020041101   347  253
01404020041102   337  254
01404020041103   327  259
01404020041104   335  276
01404020041105   328  273
01404020041106   309  277
01404020041107   338  252
01404020041108   338  243
01404020041109   346  251
01404020041110   333  261
01404020041111   342  272
01404020041112   337  286
01404020041113   345  270
01404020041114   337  280
01404020041115   366  252
01404020041116   347  234
01404020041117   342  266
01404020041118   346  278
01404020041119   346  264
01404020041120   338  260
01404020041121   331  254
01404020041122   342  241
01404020041123   346  252
01404020041124   349  249
01404020041125   348  266
01404020041126   345  228
01404020041127   363  253
01404020041128   365  261
01404020041129   336  257
01404020041130   329  250
01404020041201   331  251
01404020041202   328  235
01404020041203   344  259
01404020041204   338  272
01404020041205   335  255
01404020041206   343  255
01404020041207   342  292
01404020041208   337  291
01404020041209   342  294
01404020041210   347  246
01404020041211   348  289
01404020041212   350  289
01404020041213   352  285
01404020041214   347  290
01404020041215   356  255
01404020041216   343  221
01404020041217   350  259
01404020041218   334  223
01404020041219   338  230
01404020041220   338  269
01404020041221   332  270
01404020041222   334  259
01404020041223   327  258
01404020041224   328  256
01404020041225   306  252
01404020041226   303  232
01404020041227   311  243
01404020041228   318  253
01404020041229   304  240
01404020041230   292  241
01404020041231   302  235
01404020050101   312  233
01404020050102   323  246
01404020050103   329  278
01404020050104   288  237
01404020050105   295  232
01404020050106   316  247
01404020050107   346  248
01404020050108   339  251
01404020050109   334  277
01404020050110   325  279
01404020050111   283  225
01404020050112   324  243
01404020050113   314  263
01404020050114   315  265
01404020050115   321  236
01404020050116   330  250
01404020050117   332  261
01404020050118   339  255
01404020050119   325  246
01404020050120   317  252
01404020050121   328  247
01404020050122   317  221
01404020050123   329  268
01404020050124   333  278
01404020050125   318  214
01404020050126   330  240
01404020050127   328  270
01404020050128   334  285
01404020050129   331  287
01404020050130   338  264
01404020050131   308  236
01404020050201   321  246
01404020050202   300  238
01404020050203   300  250
01404020050204   278  244
01404020050205   302  229
01404020050206   329  238
01404020050207   325  277
01404020050208   323  280
01404020050209   325  282
01404020050210   324  280
01404020050211   330  280
01404020050212   335  244
01404020050213   313  257
01404020050214   332  263
01404020050215   335  257
01404020050216   335  246
01404020050217   344  271
01404020050218   332  231
01404020050219   327  216
01404020050220   332  244
01404020050221   330  268
01404020050222   337  244
01404020050223   330  250
01404020050224   328  242
01404020050225   332  250
01404020050226   335  245
01404020050227   333  248
01404020050228   339  225
01404020050301   338  244
01404020050302   330  236
01404020050303   325  237
01404020050304   323  247
01404020050305   336  278
01404020050306   328  262
01404020050307   326  270
01404020050308   331  256
01404020050309   333  236
01404020050310   333  278
01404020050311   343  286
01404020050312   349  288
01404020050313   296  271
01404020050314   276  241
01404020050315   299  243
01404020050316   322  242
01404020050317   316  254
01404020050318   301  249
01404020050319   307  249
01404020050320   320  250
01404020050321   330  254
01404020050322   325  251
01404020050323   326  251
01404020050324   320  263
01404020050325   331  242
01404020050326   331  258
01404020050327   339  243
01404020050328   340  259
01404020050329   345  266
01404020050330   347  261
01404020050331   330  229
01404020050401   330  249
01404020050402   340  259
01404020050403   318  258
01404020050404   347  253
01404020050405   347  240
01404020050406   331  251
01404020050407   331  247
01404020050408   324  252
01404020050409   326  261
01404020050410   330  256
01404020050411   335  241
01404020050412   345  234
01404020050413   338  238
01404020050414   318  214
01404020050415   322  249
01404020050416   333  246
01404020050417   326  247
01404020050418   323  242
01404020050419   339  239
01404020050420   341  245
01404020050421   339  239
01404020050422   336  236
01404020050423   336  242
01404020050424   329  240
01404020050425   333  253
01404020050426   333  249
01404020050427   327  250
01404020050428   336  240
01404020050429   330  246
01404020050430   340  242
01404020050501   334  239
01404020050502   334  251
01404020050503   330  234
01404020050504   334  236
01404020050505   330  236
01404020050506   331  239
01404020050507   334  238
01404020050508   326  239
01404020050509   321  241
01404020050510   328  245
01404020050511   327  248
01404020050512   335  245
01404020050513   339  228
01404020050514   321  211
01404020050515   325  215
01404020050516   327  207
01404020050517   331  207
01404020050518   330  201
01404020050519   319  195
01404020050520   310  198
01404020050521   318  209
01404020050522   319  208
01404020050523   314  214
01404020050524   316  215
01404020050525   323  215
01404020050526   317  204
01404020050527   322  214
01404020050528   319  205
01404020050529   310  191
01404020050530   306  181
01404020050531   314  191
01404020050601   307  186
01404020050602   315  178
01404020050603   322  203
01404020050604   316  199
01404020050605   327  200
01404020050606   338  224
01404020050607   336  227
01404020050608   331  226
01404020050609   319  228
01404020050610   324  209
01404020050611   308  204
01404020050612   315  214
01404020050613   311  218
01404020050614   317  209
01404020050615   304  214
01404020050616   318  231
01404020050617   325  224
01404020050618   318  225
01404020050619   314  218
01404020050620   316  243
01404020050621   325  237
01404020050622   328  236
01404020050623   310  225
01404020050624   303  206
01404020050625   315  169
01404020050626   317  190
01404020050627   299  190
01404020050628   290  176
01404020050629   287  166
01404020050630   295  162
01404020050701   308  156
01404020050702   317  176
01404020050703   323  194
01404020050704   329  208
01404020050705   337  194
01404020050706   328  220
01404020050707   325  228
01404020050708   325  231
01404020050709   325  228
01404020050710   340  218
01404020050711   314  211
01404020050712   311  197
01404020050713   311  208
01404020050714   304  220
01404020050715   307  216
01404020050716   318  212
01404020050717   317  217
01404020050718   323  207
01404020050719   320  197
01404020050720   317  208
01404020050721   325  193
01404020050722   323  205
01404020050723   320  229
01404020050724   324  222
01404020050725   323  199
01404020050726   316  186
01404020050727   317  195
01404020050728   321  191
01404020050729   317  207
01404020050730   310  217
01404020050731   322  223
01404020050801   324  204
01404020050802   318  213
01404020050803   309  190
01404020050804   306  188
01404020050805   323  195
01404020050806   314  229
01404020050807   333  227
01404020050808   328  217
01404020050809   317  177
01404020050810   312  174
01404020050811   304  184
01404020050812   328  185
01404020050813   317  222
01404020050814   315  200
01404020050815   322  185
01404020050816   314  203
01404020050817   328  208
01404020050818   321  215
01404020050819   317  200
01404020050820   317  215
01404020050821   333  214
01404020050822   336  212
01404020050823   332  204
01404020050824   326  205
01404020050825   324  222
01404020050826   311  217
01404020050827   333  225
01404020050828   326  225
01404020050829   335  226
01404020050830   323  228
01404020050831   324  224
01404020050901   337  222
01404020050902   324  213
01404020050903   327  222
01404020050904   309  207
01404020050905   313  236
01404020050906   326  230
01404020050907   337  208
01404020050908   330  212
01404020050909   323  224
01404020050910   316  251
01404020050911   313  249
01404020050912   318  237
01404020050913   328  244
01404020050914   330  245
01404020050915   339  238
01404020050916   336  240
01404020050917   335  234
01404020050918   336  240
01404020050919   328  251
01404020050920   333  245
01404020050921   335  237
01404020050922   351  240
01404020050923   352  245
01404020050924   349  243
01404020050925   330  254
01404020050926   333  255
01404020050927   327  230
01404020050928   333  239
01404020050929   339  248
01404020050930   336  257
01404020051001   333  241
01404020051002   346  248
01404020051003   336  227
01404020051004   363  241
01404020051005   348  250
01404020051006   332  248
01404020051007   334  238
01404020051008   334  252
01404020051009   348  243
01404020051010   346  260
01404020051011   342  253
01404020051012   365  263
01404020051013   363  274
01404020051014   335  246
01404020051015   352  229
01404020051016   346  266
01404020051017   341  257
01404020051018   347  266
01404020051019   333  238
01404020051020   344  260
01404020051021   353  258
01404020051022   344  266
01404020051023   329  286
01404020051024   339  256
01404020051025   338  273
01404020051026   341  283
01404020051027   343  272
01404020051028   354  262
01404020051029   342  262
01404020051030   340  248
01404020051031   338  262
01404020051101   348  268
01404020051102   339  238
01404020051103   347  263
01404020051104   323  272
01404020051105   341  242
01404020051106   338  248
01404020051107   352  270
01404020051108   346  262
01404020051109   345  271
01404020051110   352  228
01404020051111   345  240
01404020051112   349  261
01404020051113   330  238
01404020051114   337  215
01404020051115   353  201
01404020051116   339  265
01404020051117   329  256
01404020051118   328  228
01404020051119   339  284
01404020051120   318  243
01404020051121   333  250
01404020051122   335  254
01404020051123   329  251
01404020051124   320  233
01404020051125   335  240
01404020051126   339  250
01404020051127   341  253
01404020051128   334  264
01404020051129   333  236
01404020051130   335  248
01404020051201   337  248
01404020051202   323  274
01404020051203   308  259
01404020051204   336  260
01404020051205   340  268
01404020051206   333  246
01404020051207   337  268
01404020051208   332  258
01404020051209   338  265
01404020051210   340  263
01404020051211   335  272
01404020051212   339  269
01404020051213   317  232
01404020051214   342  232
01404020051215   352  272
01404020051216   345  274
01404020051217   326  287
01404020051218   333  229
01404020051219   353  239
01404020051220   344  242
01404020051221   341  227
01404020051222   334  269
01404020051223   342  261
01404020051224   344  263
01404020051225   309  217
01404020051226   322  254
01404020051227   274  248
01404020051228   328  233
01404020051229   324  246
01404020051230   302  260
01404020051231   322  239
01404020060101   305  240
01404020060102   308  247
01404020060103   307  250
01404020060104   332  255
01404020060105   345  253
01404020060106   284  232
01404020060107   320  240
01404020060108   321  261
01404020060109   331  268
01404020060110   297  248
01404020060111   321  244
01404020060112   334  265
01404020060113   320  272
01404020060114   316  259
01404020060115   314  251
01404020060116   293  230
01404020060117   294  238
01404020060118   293  238
01404020060119   303  242
01404020060120   278  243
01404020060121   296  233
01404020060122   312  243
01404020060123   310  246
01404020060124  -999  239
01404020060125   307 -999
01404020060126   311  271
01404020060127   307  252
01404020060128   309  246
01404020060129   302  263
01404020060130   310  266
01404020060131   312  256
01404020060201   303  242
01404020060202   316  240
01404020060203   312  256
01404020060204   316  252
01404020060205   312  256
01404020060206   321  258
01404020060207   316  248
01404020060208   322  250
01404020060209   326  254
01404020060210   322  240
01404020060211   328  227
01404020060212   322  236
01404020060213   333  244
01404020060214   328  260
01404020060215   328  256
01404020060216   327  261
01404020060217   333  233
01404020060218   336  252
01404020060219   317  228
01404020060220   329  240
01404020060221   336  256
01404020060222   290  234
01404020060223   320  245
01404020060224   325  247
01404020060225   323  250
01404020060226   338  245
01404020060227   340  236
01404020060228   342  248
01404020060301   331  260
01404020060302   336  260
01404020060303   337  261
01404020060304   337  264
01404020060305   319  266
01404020060306   277  236
01404020060307   319  235
01404020060308   320  272
01404020060309   279  246
01404020060310   299  240
01404020060311   306  252
01404020060312   295  236
01404020060313   285  240
01404020060314   261  239
01404020060315   274  236
01404020060316   297  238
01404020060317   311  245
01404020060318   303  237
01404020060319   293  244
01404020060320   305  239
01404020060321   313  252
01404020060322   310  234
01404020060323   309  263
01404020060324   308  260
01404020060325   317  261
01404020060326   326  267
01404020060327   333  261
01404020060328   296  256
01404020060329   314  249
01404020060330   313  245
01404020060331   317  240
01404020060401   301  252
01404020060402   296  242
01404020060403   304  239
01404020060404   259  248
01404020060405   304  234
01404020060406   309  226
01404020060407   305  215
01404020060408   302  213
01404020060409   311  219
01404020060410   315  220
01404020060411   324  227
01404020060412   327  241
01404020060413   307  236
01404020060414   326  236
01404020060415   327  250
01404020060416   320  215
01404020060417   314  232
01404020060418   318  230
01404020060419   323  244
01404020060420   319  234
01404020060421   326  248
01404020060422   319  236
01404020060423   323  239
01404020060424   291  247
01404020060425   281  240
01404020060426   301  240
01404020060427   290  261
01404020060428   311  243
01404020060429   316  247
01404020060430   324  234
01404020060501   313  230
01404020060502   289  215
01404020060503   287  187
01404020060504   298  190
01404020060505   304  199
01404020060506   307  198
01404020060507   311  201
01404020060508   304  204
01404020060509   300  186
01404020060510   312  207
01404020060511   320  226
01404020060512   326  236
01404020060513   320  227
01404020060514   323  228
01404020060515   319  220
01404020060516   320  218
01404020060517   312  212
01404020060518   314  210
01404020060519   307  211
01404020060520   309  206
01404020060521   320  236
01404020060522   320  233
01404020060523   317  237
01404020060524   311  223
01404020060525   307  212
01404020060526   301  205
01404020060527   300  199
01404020060528   288  187
01404020060529   273  167
01404020060530   283  160
01404020060531   294  164
01404020060601   299  167
01404020060602   300  187
01404020060603   287  184
01404020060604   283  168
01404020060605   283  165
01404020060606  -999  165
01404020060607   292 -999
01404020060608   286  165
01404020060609   295  166
01404020060610   302  186
01404020060611   283  189
01404020060612   266  154
01404020060613   277  144
01404020060614   293  174
01404020060615   302  204
01404020060616   314  228
01404020060617   317  221
01404020060618   306  229
01404020060619   306  201
01404020060620   295  188
01404020060621   290  169
01404020060622   288  160
01404020060623   315  171
01404020060624   313  215
01404020060625   312  182
01404020060626   321  197
01404020060627   312  223
01404020060628   306  200
01404020060629   312  206
01404020060630   314  209
01404020060701   309  202
01404020060702   304  187
01404020060703   299  198
01404020060704   292  178
01404020060705   287  161
01404020060706   293  178
01404020060707   292  176
01404020060708   296  192
01404020060709   297  150
01404020060710   304  155
01404020060711   311  195
01404020060712   297  205
01404020060713   310  217
01404020060714   308  225
01404020060715   313  210
01404020060716   298  202
01404020060717   280  193
01404020060718   266  163
01404020060719   264  144
01404020060720   284  135
01404020060721   298  171
01404020060722   308  191
01404020060723   314  199
01404020060724   311  194
01404020060725   308  196
01404020060726   292  188
01404020060727   286  145
01404020060728   302  160
01404020060729   302  166
01404020060730   294  164
01404020060731   307  198
01404020060801   305  194
01404020060802   307  191
01404020060803   324  204
01404020060804   318  192
01404020060805   299  163
01404020060806   294  168
01404020060807   293  172
01404020060808   291  164
01404020060809   302  184
01404020060810   314  197
01404020060811   306  194
01404020060812   309  183
01404020060813   320  212
01404020060814   308  191
01404020060815   315  204
01404020060816   314  212
01404020060817   315  214
01404020060818   327  206
01404020060819   320  196
01404020060820   320  196
01404020060821   330  185
01404020060822   322  187
01404020060823   317  207
01404020060824   300  190
01404020060825   312  186
01404020060826   302  186
01404020060827   304  202
01404020060828   348  208
01404020060829   348  205
01404020060830   336  193
01404020060831   319  184
01404020060901   320  147
01404020060902   310  178
01404020060903   319  199
01404020060904   314  209
01404020060905   332  211
01404020060906   319  231
01404020060907   324  226
01404020060908   368  230
01404020060909   353  215
01404020060910   326  181
01404020060911   327  196
01404020060912   333  201
01404020060913   329  193
01404020060914   330  213
01404020060915   349  216
01404020060916   348  210
01404020060917   349  209
01404020060918   342  215
01404020060919   339  224
01404020060920  -999  218
01404020060923   321 -999
01404020060924   314  235
01404020060925   330  222
01404020060926   325  233
01404020060927   332  232
01404020060928   333  229
01404020060929   340  235
01404020060930   329  228
01404020061001   333  228
01404020061002   327  237
01404020061003   356  233
01404020061004   352  228
01404020061005   359  221
01404020061006   345  216
01404020061007   329  223
01404020061008   321  242
01404020061009   321  226
01404020061010   356  218
01404020061011   329  227
01404020061012   333  237
01404020061013   341  235
01404020061014   333  233
01404020061015   331  227
01404020061016   331  245
01404020061017   334  229
01404020061018   332  225
01404020061019   329  235
01404020061020   341  238
01404020061021   329  245
01404020061022   330  238
01404020061023   327  245
01404020061024   342  236
01404020061025   354  240
01404020061026   349  250
01404020061027   327  239
01404020061028   337  232
01404020061029   329  233
01404020061030   350  243
01404020061031   350  246
01404020061101   329  273
01404020061102   333  245
01404020061103   343  258
01404020061104   342  239
01404020061105   326  227
01404020061106   342  228
01404020061107   337  243
01404020061108   341  265
01404020061109   333  261
01404020061110   350  275
01404020061111   341  276
01404020061112   340  281
01404020061113   350  268
01404020061114   346  252
01404020061115   369  271
01404020061116   360  284
01404020061117   302  239
01404020061118   330  251
01404020061119   347  235
01404020061120   351  259
01404020061121   340  254
01404020061122   334  262
01404020061123   338  258
01404020061124   340  247
01404020061125   333  248
01404020061126   330  264
01404020061127   340  260
01404020061128   352  246
01404020061129   339  252
01404020061130   338  250
01404020061201   345  261
01404020061202   343  277
01404020061203   356  287
01404020061204   340  240
01404020061205   345  237
01404020061206   345  239
01404020061207   344  253
01404020061208   337  245
01404020061209   340  229
01404020061210   342  263
01404020061211   333  265
01404020061212   349  241
01404020061213   336  268
01404020061214   341  235
01404020061215   336  262
01404020061216   313  252
01404020061217   330  255
01404020061218   346  249
01404020061219   351  257
01404020061220   349  267
01404020061221   324  271
01404020061222   335  249
01404020061223   348  264
01404020061224   354  255
01404020061225   336  265
01404020061226   329  246
01404020061227   322  236
01404020061228   338  241
01404020061229   326  242
01404020061230   337  244
01404020061231   320  235
01404020070101   333  235
01404020070102   335  250
01404020070103   333  257
01404020070104   329  259
01404020070105   315  240
01404020070106   336  248
01404020070107   326  246
01404020070108   335  254
01404020070109   305  260
01404020070110   310  250
01404020070111   315  259
01404020070112   313  251
01404020070113   319  263
01404020070114   320  262
01404020070115   319  267
01404020070116   310  254
01404020070117   318  247
01404020070118   325  256
01404020070119   314  254
01404020070120   324  253
01404020070121   322  279
01404020070122   322  254
01404020070123   332  280
01404020070124   309  254
01404020070125   337  259
01404020070126   335  265
01404020070127   337  272
01404020070128   310  240
01404020070129   309  258
01404020070130   323  250
01404020070131   328  260
01404020070201   316  246
01404020070202   329  235
01404020070203   325  235
01404020070204   295  246
01404020070205   306  242
01404020070206   299  242
01404020070207   310  251
01404020070208   322  246
01404020070209   334  258
01404020070210   304  281
01404020070211   320  229
01404020070212   315  281
01404020070213   322  233
01404020070214   306  240
01404020070215   331  242
01404020070216   333  250
01404020070217   331  267
01404020070218   325  260
01404020070219   321  248
01404020070220   321  244
01404020070221   337  247
01404020070222   317  230
01404020070223   319  232
01404020070224   331  227
01404020070225   326  228
01404020070226   322  242
01404020070227   293  227
01404020070228   296  237
01404020070301   299  264
01404020070302   278  235
01404020070303   292  239
01404020070304   260  238
01404020070305   291  230
01404020070306   312  242
01404020070307   312  241
01404020070308   324  247
01404020070309   330  253
01404020070310   327  239
01404020070311   322  261
01404020070312   317  243
01404020070313   324  256
01404020070314   305  256
01404020070315   303  253
01404020070316   307  244
01404020070317   307  250
01404020070318   296  260
01404020070319   304  245
01404020070320   316  244
01404020070321   306  241
01404020070322   297  246
01404020070323   301  253
01404020070324   306  256
01404020070325   318  243
01404020070326   317  251
01404020070327   327  247
01404020070328   321  252
01404020070329   310  250
01404020070330   331  248
01404020070331   321  236
01404020070401   326  252
01404020070402   327  242
01404020070403   327  235
01404020070404   328  258
01404020070405   299  251
01404020070406   329  249
01404020070407   345  245
01404020070408   335  239
01404020070409   320  245
01404020070410   317  237
01404020070411   331  254
01404020070412   329  250
01404020070413   336  251
01404020070414   337  250
01404020070415   335  250
01404020070416   328  253
01404020070417  -999  257
01404020070419   332 -999
01404020070420   330  233
01404020070421   338  226
01404020070422   331  234
01404020070423   333  228
01404020070424   330  232
01404020070425   327  238
01404020070426   332  237
01404020070427   331  236
01404020070428   327  234
01404020070429   320  231
01404020070430   324  242
01404020070501   323  244
01404020070502   326  243
01404020070503   343  243
01404020070504   342  237
01404020070505   344  224
01404020070506   334  221
01404020070507   347  215
01404020070508   337  226
01404020070509   345  226
01404020070510   331  240
01404020070511   333  227
01404020070512   326  222
01404020070513   318  219
01404020070514   329  242
01404020070515   331  249
01404020070516   323  248
01404020070517   335  241
01404020070518   329  245
01404020070519   335  249
01404020070520   337  241
01404020070521   337  246
01404020070522   331  247
01404020070523   332  211
01404020070524   328  214
01404020070525   333  243
01404020070526   335  254
01404020070527   336  243
01404020070528   339  249
01404020070529   337  240
01404020070530   333  242
01404020070531   335  235
01404020070601   320  246
01404020070602   328  237
01404020070603   334  237
01404020070604   326  217
01404020070605   332  223
01404020070606   338  236
01404020070607   330  236
01404020070608   296  196
01404020070609   279  153
01404020070610   279  156
01404020070611   294  164
01404020070612   304  184
01404020070613  -999  191
