08529819960617   154 -999
08529819960618   194   58
08529819960619   197   61
08529819960620   184   49
08529819960621   153   50
08529819960622   153   70
08529819960623   134   41
08529819960624   152   80
08529819960625   176   33
08529819960626   145   60
08529819960627   131   48
08529819960628   137   28
08529819960629   139   32
08529819960630   145   30
08529819960701   118   10
08529819960702   139   28
08529819960703   159   25
08529819960704   137  -14
08529819960705   138   12
08529819960706   147   42
08529819960707   140   55
08529819960708   121   30
08529819960709   115    1
08529819960710   107   -7
08529819960711   114    7
08529819960712   111   33
08529819960713    97   -2
08529819960714   126   27
08529819960715   119   57
08529819960716   135   20
08529819960717   102    5
08529819960718   180    5
08529819960719   181   44
08529819960720   146   67
08529819960721   125   58
08529819960722   167   51
08529819960723   182   60
08529819960724   130   47
08529819960725   150   30
08529819960726   141   34
08529819960727   108   13
08529819960728   132   45
08529819960729   132   89
08529819960730   168   89
08529819960731   153   73
08529819960801   164   78
08529819960802   167   79
08529819960803   175   78
08529819960804   151   87
08529819960805   143   71
08529819960806   155    7
08529819960807   115   42
08529819960808   118   23
08529819960809   148   46
08529819960810   163   57
08529819960811   171   34
08529819960812   170   61
08529819960813   194   61
08529819960814   162   96
08529819960815   135   30
08529819960816   141   14
08529819960817   160    5
08529819960818   105   61
08529819960819   118   24
08529819960820   136   41
08529819960821   139   46
08529819960822   156   55
08529819960823   155   82
08529819960824   174   30
08529819960825   182   53
08529819960826   158   50
08529819960827   134   65
08529819960828   146   90
08529819960829   144   55
08529819960830   145   54
08529819960831   135   68
08529819960901   140   74
08529819960902   130   82
08529819960903   147   68
08529819960904   171   64
08529819960905   160   89
08529819960906   136   57
08529819960907   176   49
08529819960908   157   83
08529819960909   167   52
08529819960910   147   72
08529819960911   190   22
08529819960912   149   83
08529819960913   131   67
08529819960914   199   74
08529819960915   235   61
08529819960916   281  157
08529819960917   190   80
08529819960918   227   38
08529819960919   207  116
08529819960920   123   90
08529819960921   143   50
08529819960922   192   28
08529819960923   199   80
08529819960924   209  102
08529819960925   163   14
08529819960926   184   26
08529819960927   153   22
08529819960928   154   15
08529819960929   217   86
08529819960930   186  115
08529819961001   160   95
08529819961002   197   77
08529819961003   187   81
08529819961004   248   46
08529819961005   180  121
08529819961006   180   70
08529819961007   174   68
08529819961008   187   86
08529819961009   231   65
08529819961010   288  106
08529819961011   322   76
08529819961012   166  112
08529819961013   184  100
08529819961014   212  117
08529819961015   252   45
08529819961016   283  125
08529819961017   187   75
08529819961018   213   52
08529819961019   207   64
08529819961020   143   38
08529819961021   182   32
08529819961022   177   54
08529819961023   241   91
08529819961024   304   80
08529819961025   211  118
08529819961026   154   97
08529819961027   193   59
08529819961028   189  100
08529819961029   201   53
08529819961030   175   90
08529819961031   175   65
08529819961101   243   58
08529819961102   286   84
08529819961103   222  128
08529819961104   173  115
08529819961105   172   80
08529819961106   200   48
08529819961107   190   84
08529819961108   219   90
08529819961109   196  125
08529819961110   140   67
08529819961111   169   67
08529819961112   196  105
08529819961113   294  110
08529819961114   222  127
08529819961115   195  100
08529819961116   185   42
08529819961117   188  124
08529819961118   156   98
08529819961119   176   50
08529819961120   180   91
08529819961121   160   72
08529819961122   159   64
08529819961123   200   39
08529819961124   260   47
08529819961125   298   87
08529819961126   211  103
08529819961127   228  116
08529819961128   194  104
08529819961129   241   70
08529819961130   196   99
08529819961201   174   93
08529819961202   162  108
08529819961203   164  113
08529819961204   215   57
08529819961205   175  112
08529819961206   184  138
08529819961207   185  129
08529819961208   224   55
08529819961209   203   94
08529819961210   205   83
08529819961211   196   96
08529819961212   205   93
08529819961213   196   77
08529819961214   208   58
08529819961215   239   92
08529819961216   248  148
08529819961217   206  122
08529819961218   202  110
08529819961219   194  113
08529819961220   220   90
08529819961221   304   70
08529819961222   349  134
08529819961223   208  137
08529819961224   247  149
08529819961225   236  166
08529819961226   205  129
08529819961227   228   75
08529819961228   262  110
08529819961229   204  104
08529819961230   202  130
08529819961231   204  147
08529819970101   243   80
08529819970102   230  111
08529819970103   250  105
08529819970104   270  140
08529819970105   374  132
08529819970106   365  176
08529819970107   216  130
08529819970108   219   90
08529819970109   225  109
08529819970110   227  120
08529819970111   210  151
08529819970112   216   86
08529819970113   241  108
08529819970114   329  113
08529819970115   288  161
08529819970116   228  120
08529819970117   232   96
08529819970118   221  117
08529819970119   304  125
08529819970120   406  149
08529819970121   386  204
08529819970122   297  163
08529819970123   245  147
08529819970124   215  145
08529819970125   230  144
08529819970126   304  133
08529819970127   350  153
08529819970128   253  182
08529819970129   200  162
08529819970130   252  164
08529819970131   256  171
08529819970201   240  166
08529819970202   237  167
08529819970203   229  123
08529819970204   232  109
08529819970205   262  124
08529819970206   300  153
08529819970207   363  181
08529819970208   348  219
08529819970209   329  236
08529819970210   238  128
08529819970211   208  154
08529819970212   258  148
08529819970213   305  140
08529819970214   285  174
08529819970215   356  124
08529819970216   260  143
08529819970217   259  143
08529819970218   379  171
08529819970219   380  130
08529819970220   387  130
08529819970221   245  175
08529819970222   312  159
08529819970223   204  159
08529819970224   216  164
08529819970225   241  144
08529819970226   241  101
08529819970227   237  131
08529819970228   244   70
08529819970301   232  128
08529819970302   171  163
08529819970303   200  140
08529819970304   207  161
08529819970305   209   96
08529819970306   215  125
08529819970307   293  156
08529819970308   246  166
08529819970309   184  116
08529819970310   196  135
08529819970311   253  141
08529819970312   306  124
08529819970313   196   84
08529819970314   213   74
08529819970315   220  105
08529819970316   221  106
08529819970317   213  119
08529819970318   260   92
08529819970319   263  122
08529819970320   229  111
08529819970321   201  134
08529819970322   215  122
08529819970323   196   86
08529819970324   196   90
08529819970325   216   90
08529819970326   234  107
08529819970327   309   87
08529819970328   196  118
08529819970329   196   60
08529819970330   206   90
08529819970331   178   99
08529819970401   169   74
08529819970402   225   70
08529819970403   206   84
08529819970404   238   97
08529819970405   211  141
08529819970406   216  135
08529819970407   155   70
08529819970408   162   75
08529819970409   182   76
08529819970410   184  111
08529819970411   197  105
08529819970412   230   86
08529819970413   286   71
08529819970414   204  103
08529819970415   200  124
08529819970416   200   82
08529819970417   190   56
08529819970418   179   87
08529819970419   182   30
08529819970420   221   56
08529819970421   252   46
08529819970422   196   76
08529819970423   255   76
08529819970424   180  116
08529819970425   178   23
08529819970426   215   59
08529819970427   258   37
08529819970428   261   30
08529819970429   261   78
08529819970430   278   84
08529819970501   292   67
08529819970502   204  126
08529819970503   209  142
08529819970504   207  151
08529819970505   172   99
08529819970506   217   42
08529819970507   159   70
08529819970508   165   46
08529819970509   145   61
08529819970510   155   54
08529819970511   160   74
08529819970512   147   65
08529819970513   157   77
08529819970514   148   40
08529819970515   144   74
08529819970516   158   21
08529819970517   130   51
08529819970518   149   82
08529819970519   173   55
08529819970520   165   89
08529819970521   140   38
08529819970522   155   64
08529819970523   177   97
08529819970524   164   76
08529819970525   160   56
08529819970526   179   50
08529819970527   194   21
08529819970528   194   18
08529819970529   150   66
08529819970530   125   56
08529819970531   135   35
08529819970601   146   46
08529819970602   132   -9
08529819970603   130   -5
08529819970604   181  -14
08529819970605   214   13
08529819970606   208   55
08529819970607   159   54
08529819970608   159   35
08529819970609   155    7
08529819970610   142   14
08529819970611   169   14
08529819970612   162   42
08529819970613   181   71
08529819970614   146   54
08529819970615   138   49
08529819970616   136   52
08529819970617   145   82
08529819970618   138   43
08529819970619   143   20
08529819970620   147  -15
08529819970621   155  -24
08529819970622   130   17
08529819970623   173   22
08529819970624   143   33
08529819970625   122   52
08529819970626   139   19
08529819970627   142  110
08529819970628   140  108
08529819970629   159  106
08529819970630   149   64
08529819970701   144   20
08529819970702   132   34
08529819970703   138   40
08529819970704   130   60
08529819970705   141   41
08529819970706   142   34
08529819970707   174   30
08529819970708   177   37
08529819970709   108   68
08529819970710   106   32
08529819970711   117   15
08529819970712   106   12
08529819970713   140   39
08529819970714   128   -8
08529819970715   167   12
08529819970716   135   34
08529819970717   122   43
08529819970718   129   44
08529819970719   129   64
08529819970720   129   39
08529819970721   147   55
08529819970722   138   77
08529819970723   120   67
08529819970724   134   17
08529819970725   171   -2
08529819970726   202   10
08529819970727   146   78
08529819970728   132   60
08529819970729   123   30
08529819970730   131   13
08529819970731   120   51
08529819970801   128   46
08529819970802   113   19
08529819970803   114   58
08529819970804   140  -27
08529819970805   143  -20
08529819970806   182  -21
08529819970807   193   31
08529819970808   116    6
08529819970809   130   20
08529819970810   162   20
08529819970811   144   57
08529819970812   135   74
08529819970813   156   84
08529819970814   165   24
08529819970815   182   21
08529819970816   197   50
08529819970817   164   99
08529819970818   125   57
08529819970819   133   31
08529819970820   146   68
08529819970821   156   23
08529819970822   175   -6
08529819970823   155   30
08529819970824   124   28
08529819970825   120   52
08529819970826   140   69
08529819970827   148   85
08529819970828   170   24
08529819970829   185   25
08529819970830   180   16
08529819970831   189   80
08529819970901   180   52
08529819970902   159  107
08529819970903   189   90
08529819970904   170   80
08529819970905   152   40
08529819970906   162   57
08529819970907   181   82
08529819970908   165   74
08529819970909   173   82
08529819970910   173   56
08529819970911   128   69
08529819970912   160   90
08529819970913   205   18
08529819970914   132   52
08529819970915   169   90
08529819970916   160   81
08529819970917   157   22
08529819970918   160   17
08529819970919   137   27
08529819970920   181   70
08529819970921   162   59
08529819970922   143   54
08529819970923   153   41
08529819970924   162   60
08529819970925   165   21
08529819970926   192   15
08529819970927   197   93
08529819970928   147   59
08529819970929   164   11
08529819970930   184   30
08529819971001   226   10
08529819971002   237   78
08529819971003   132   71
08529819971004   163   45
08529819971005   164   32
08529819971006   179   42
08529819971007   188   22
08529819971008   162  110
08529819971009   210   91
08529819971010   277   60
08529819971011   255  146
08529819971012   180  127
08529819971013   196   54
08529819971014   233   41
08529819971015   172   68
08529819971016   205   92
08529819971017   164   49
08529819971018   157   46
08529819971019   152   28
08529819971020   156   70
08529819971021   177   56
08529819971022   212   50
08529819971023   210   98
08529819971024   291   68
08529819971025   267   88
08529819971026   330   88
08529819971027   237  134
08529819971028   200  116
08529819971029   200   86
08529819971030   283  108
08529819971031   177  140
08529819971101   170  122
08529819971102   190   60
08529819971103   156   62
08529819971104   189  105
08529819971105   219   67
08529819971106   309   79
08529819971107   249  138
08529819971108   212   82
08529819971109   245   59
08529819971110   300  119
08529819971111   209  138
08529819971112   176  112
08529819971113   236   58
08529819971114   139  126
08529819971115   171   91
08529819971116   184   85
08529819971117   167   80
08529819971118   193  101
08529819971119   230  116
08529819971120   222   97
08529819971121   247   77
08529819971122   337   97
08529819971123   359  116
08529819971124   236   72
08529819971125   325   84
08529819971126   404  131
08529819971127   262  167
08529819971128   210  126
08529819971129   229   81
08529819971130   210  126
08529819971201   290   79
08529819971202   240  118
08529819971203   225  100
08529819971204   232   60
08529819971205   208  128
08529819971206   214  143
08529819971207   223  151
08529819971208   250  144
08529819971209   240  160
08529819971210   218  133
08529819971211   324   90
08529819971212   360  120
08529819971213   361  135
08529819971214   230  116
08529819971215   228  124
08529819971216   248  108
08529819971217   267  100
08529819971218   215  130
08529819971219   182  126
08529819971220   319   85
08529819971221   368  115
08529819971222   233  114
08529819971223   236  110
08529819971224   246  144
08529819971225   240   53
08529819971226   238  117
08529819971227   219   96
08529819971228   220  121
08529819971229   290   95
08529819971230   244   97
08529819971231   280  147
08529819980101   349  160
08529819980102   278  156
08529819980103   221  145
08529819980104   223  121
08529819980105   243  140
08529819980106   246   88
08529819980107   282  152
08529819980108   234  152
08529819980109   291  173
08529819980110   306  188
08529819980111   302  146
08529819980112   312  181
08529819980113   358  208
08529819980114   352  172
08529819980115   265  172
08529819980116   258  114
08529819980117   379  140
08529819980118   255  171
08529819980119   262  145
08529819980120   250  162
08529819980121   245  140
08529819980122   362  139
08529819980123   225  158
08529819980124   250  121
08529819980125   200  144
08529819980126   180  127
08529819980127   264  143
08529819980128   230  153
08529819980129   240  114
08529819980130   263  111
08529819980131   253  152
08529819980201   269  142
08529819980202   372  157
08529819980203   223  166
08529819980204   256   95
08529819980205   308  124
08529819980206   245  181
08529819980207   371  148
08529819980208   212 -999
08529819980209   226   94
08529819980210   265  127
08529819980211   326  131
08529819980212   311  175
08529819980213   249  151
08529819980214   271   85
08529819980215   224  117
08529819980216   158  116
08529819980217   212   74
08529819980218   300   90
08529819980219   274   94
08529819980220   220  150
08529819980221   241  109
08529819980222   230  116
08529819980223   220  124
08529819980224   285   80
08529819980225   371  104
08529819980226   410  147
08529819980227   221  162
08529819980228   225   54
08529819980301   222  120
08529819980302   270  120
08529819980303   301  121
08529819980304   293  138
08529819980305   202  129
08529819980306   210  130
08529819980307   210  121
08529819980308   211   80
08529819980309   241   59
08529819980310   277   58
08529819980311   310   99
08529819980312   394   93
08529819980313   289  166
08529819980314   212  152
08529819980315   179  113
08529819980316   206  112
08529819980317   247   76
08529819980318   240  107
08529819980319   246   77
08529819980320   331   95
08529819980321   254  110
08529819980322   381  116
08529819980323   307  121
08529819980324   197  117
08529819980325   217   70
08529819980326   210  100
08529819980327   240  115
08529819980328   228  109
08529819980329   200   77
08529819980330   210  124
08529819980331   210   91
08529819980401   181   54
08529819980402   210   65
08529819980403   200   50
08529819980404   225  120
08529819980405   244   99
08529819980406   228   88
08529819980407   290  100
08529819980408   287   56
08529819980409   182   53
08529819980410   200  103
08529819980411   198   38
08529819980412   195   94
08529819980413   161  110
08529819980414   162   80
08529819980415   203   84
08529819980416   197   62
08529819980417   193   93
08529819980418   194   76
08529819980419   215   61
08529819980420   229  111
08529819980421   204   93
08529819980422   174  101
08529819980423   184   51
08529819980424   229   72
08529819980425   188   99
08529819980426   188   75
08529819980427   158   73
08529819980428   162   90
08529819980429   171   43
08529819980430   204   70
08529819980501   168   25
08529819980502   171   26
08529819980503   179   63
08529819980504   193   86
08529819980505   172   95
08529819980506   188   99
08529819980507   134   77
08529819980508   145   66
08529819980509   136   55
08529819980510   164   26
08529819980511   175   50
08529819980512   176   96
08529819980513   203   97
08529819980514   200   44
08529819980515   213   73
08529819980516   200   97
08529819980517   190  127
08529819980518   183   80
08529819980519   200   75
08529819980520   154  104
08529819980521   156  115
08529819980522   169   40
08529819980523   178   64
08529819980524   145  103
08529819980525   164   94
08529819980526   165   35
08529819980527   182   20
08529819980528   182   59
08529819980529   226   89
08529819980530   186   92
08529819980531   152   54
08529819980601   175   85
08529819980602   139   91
08529819980603   169   41
08529819980604   188   36
08529819980605   207   20
08529819980606   145   47
08529819980607   111   93
08529819980608   132   91
08529819980609   144   79
08529819980610   147   24
08529819980611   141    7
08529819980612   164   27
08529819980613   164   89
08529819980614   178   25
08529819980615   159   65
08529819980616   128   67
08529819980617   120   34
08529819980618   130    4
08529819980619   128   12
08529819980620   173   17
08529819980621   195   35
08529819980622   115   76
08529819980623   108   73
08529819980624   116   76
08529819980625   119   72
08529819980626   128   65
08529819980627   114  -23
08529819980628   137  -16
08529819980629   140    8
08529819980630   128   29
08529819980701   120   32
08529819980702   132   55
08529819980703   134   24
08529819980704   127   20
08529819980705   170   19
08529819980706   156   51
08529819980707   165   20
08529819980708   170   26
08529819980709    81   42
08529819980710   124   34
08529819980711   122   36
08529819980712   135   37
08529819980713   120   15
08529819980714   132   32
08529819980715   132   24
08529819980716   129   11
08529819980717   118   -9
08529819980718   150    4
08529819980719   144    2
08529819980720    76   -7
08529819980721   124   14
08529819980722   140   48
08529819980723   141   50
08529819980724   133    2
08529819980725   118   10
08529819980726   149   26
08529819980727   158   38
08529819980728   132   57
08529819980729   128 -999
08529819980730   127   56
08529819980731   131   26
08529819980801   151   58
08529819980802   163   25
08529819980803   180   57
08529819980804   147   33
08529819980805   156   52
08529819980806   142   16
08529819980807   138   38
08529819980808   136  104
08529819980809   150   59
08529819980810   170   33
08529819980811   143   69
08529819980812   103   71
08529819980813   134   77
08529819980814   133   91
08529819980815   126   37
08529819980816   130   64
08529819980817   130   85
08529819980818   150   65
08529819980819   155   54
08529819980820   147   75
08529819980821   200   76
08529819980822   197   96
08529819980823   147   51
08529819980824   162   38
08529819980825   144    7
08529819980826   165   38
08529819980827   152   18
08529819980828   186   -7
08529819980829   186   35
08529819980830   150   79
08529819980831   165   37
08529819980901   209   31
08529819980902   178   81
08529819980903   227   45
08529819980904   190   97
08529819980905   148   95
08529819980906   150   54
08529819980907   153   89
08529819980908   153   53
08529819980909   153   10
08529819980910   154   69
08529819980911   171  106
08529819980912   184   81
08529819980913   179   86
08529819980914   167   76
08529819980915   116   55
08529819980916   150   52
08529819980917   190   76
08529819980918   219   58
08529819980919   211   93
08529819980920   162   72
08529819980921   159   26
08529819980922   231   99
08529819980923   233  137
08529819980924   142   70
08529819980925   149   11
08529819980926   200   21
08529819980927   218   76
08529819980928   277   99
08529819980929   264  165
08529819980930   215  112
08529819981001   325   84
08529819981002   193  121
08529819981003   184  111
08529819981004   173   89
08529819981005   180   34
08529819981006   155   96
08529819981007   131   52
08529819981008   149   59
08529819981009   152   64
08529819981010   148   75
08529819981011   162   57
08529819981012   200   42
08529819981013   157   92
08529819981014   183   95
08529819981015   191   90
08529819981016   178   39
08529819981017   295   72
08529819981018   219 -999
08529819981019   177  107
08529819981020   146   54
08529819981021   152   90
08529819981022   167   76
08529819981023   207   72
08529819981024   273   68
08529819981025   290   95
08529819981026   180  126
08529819981027   124   60
08529819981028   162   44
08529819981029   179   26
08529819981030   243   60
08529819981031   164   96
08529819981101   151   67
08529819981102   169   40
08529819981103   200   28
08529819981104   294   75
08529819981105   208  126
08529819981106   185  108
08529819981107   276  111
08529819981108   198  103
08529819981109   187  108
08529819981110   202  116
08529819981111   234  115
08529819981112   155  116
08529819981113   210  135
08529819981114   209  117
08529819981115   236  140
08529819981116   187  106
08529819981117   184  113
08529819981118   150   61
08529819981119   174   59
08529819981120   187   79
08529819981121   190   80
08529819981122   170  100
08529819981123   185   94
08529819981124   190  119
08529819981125   192 -999
08529819981126   231   93
08529819981127   225  115
08529819981128   176   83
08529819981129   165   84
08529819981130   189  104
08529819981201   200  106
08529819981202   261   95
08529819981203   237  150
08529819981204   189  107
08529819981205   175   70
08529819981206   220   94
08529819981207   197  125
08529819981208   206  110
08529819981209   215   90
08529819981210   244  145
08529819981211   398  154
08529819981212   396  178
08529819981213   186  170
08529819981214   168  145
08529819981215   177  130
08529819981216   188  130
08529819981217   205   94
08529819981218   218   98
08529819981219   211  120
08529819981220   225  113
08529819981221   200   86
08529819981222   235  102
08529819981223   296  126
08529819981224   336  132
08529819981225   345  176
08529819981226   260  190
08529819981227   150   99
08529819981228   195 -999
08529819981229   230  106
08529819981230   234 -999
08529819981231   225  141
08529819990101   217  119
08529819990102   350  153
08529819990103   321  160
08529819990104   239  149
08529819990105   323  163
08529819990106   284  189
08529819990107   199  180
08529819990108   180  160
08529819990109   196  154
08529819990110   244  160
08529819990111   260  140
08529819990112   210  144
08529819990113   222  151
08529819990114   224   92
08529819990115   303  133
08529819990116   310  176
08529819990117   261  152
08529819990118   262  155
08529819990119   200  154
08529819990120   207   86
08529819990121   198  110
08529819990122   242 -999
08529819990123   242  147
08529819990124   248  149
08529819990125   256  175
08529819990126   238  158
08529819990127   217  160
08529819990128   255  170
08529819990129   260  166
08529819990130   228  154
08529819990131   234  140
08529819990201   262  150
08529819990202   280  130
08529819990203   324  158
08529819990204   307  159
08529819990205   305  127
08529819990206   277  167
08529819990207   195  114
08529819990208   203   72
08529819990209   223  112
08529819990210   314 -999
08529819990211   330  192
08529819990212   341  190
08529819990213   248  200
08529819990214   271  191
08529819990215   264  168
08529819990216   249  141
08529819990217   278  106
08529819990218   197  110
08529819990219   209  104
08529819990220   245   88
08529819990221   303   91
08529819990222   270  155
08529819990223   317  138
08529819990224   228  142
08529819990225   215  162
08529819990226   239  132
08529819990227   235  156
08529819990228   299  138
08529819990301   282  160
08529819990302   294  150
08529819990303   267  154
08529819990304   215  157
08529819990305   254  144
08529819990306   318  100
08529819990307   227  162
08529819990308   231   90
08529819990309   292  107
08529819990310   250  128
08529819990311   239  109
08529819990312   310 -999
08529819990313   216  147
08529819990314   221  113
08529819990315   227  134
08529819990316   219  129
08529819990317   222  100
08529819990318   209 -999
08529819990319   217  154
08529819990320   282  173
08529819990321   264  156
08529819990322   186  143
08529819990323   197   92
08529819990324   245   82
08529819990325   318   97
08529819990326   242  163
08529819990327   242  110
08529819990328   158   97
08529819990329   158   83
08529819990330   200   81
08529819990331   170  113
08529819990401   193   48
08529819990402   195   60
08529819990403   200  106
08529819990404   236  106
08529819990405   225  146
08529819990406   181  126
08529819990407   182  111
08529819990408   193   96
08529819990409   202   90
08529819990410   220   93
08529819990411   244   95
08529819990412   237   80
08529819990413   221   97
08529819990414   183   83
08529819990415   174   71
08529819990416   196  122
08529819990417   176   91
08529819990418   216   69
08529819990419   227   80
08529819990420   225   74
08529819990421   160   74
08529819990422   162   42
08529819990423   180   78
08529819990424   193   20
08529819990425   208   28
08529819990426   200   15
08529819990427   150   56
08529819990428   170   66
08529819990429   162   76
08529819990430   188   51
08529819990501   160   87
08529819990502   180   38
08529819990503   227   12
08529819990504   220   44
08529819990505   198   90
08529819990506   234   47
08529819990507   238   34
08529819990508   175   99
08529819990509   173   40
08529819990510   188   20
08529819990511   200   24
08529819990512   176   22
08529819990513   175   57
08529819990514   181   55
08529819990515   106   57
08529819990516   130   40
08529819990517   145    4
08529819990518   181  -16
08529819990519   199   35
08529819990520   249   39
08529819990521   172   96
08529819990522   212   80
08529819990523   220  102
08529819990524   185  130
08529819990525   186  131
08529819990526   187   96
08529819990527   151   68
08529819990528   159   18
08529819990529   172   41
08529819990530   201  105
08529819990531   175  122
08529819990601   165   85
08529819990602   154  102
08529819990603   150   50
08529819990604   181   -2
08529819990605   209   24
08529819990606   197 -999
08529819990607   160   62
08529819990608   166   32
08529819990609   157   -6
08529819990610   144   23
08529819990611   131   88
08529819990612   126    1
08529819990613   104    8
08529819990614   116   20
08529819990615   120   74
08529819990616   121   81
08529819990617   168    5
08529819990618   151   45
08529819990619   149   90
08529819990620   157    4
08529819990621   166   48
08529819990622   146   62
08529819990623   151   84
08529819990624   157    5
08529819990625   147   12
08529819990626   150   53
08529819990627   159    5
08529819990628   162  -15
08529819990629   186  -19
08529819990630   138   19
08529819990701   147   61
08529819990702   181   85
08529819990703   181 -999
08529819990704   151 -999
08529819990705   165    5
08529819990706   139   48
08529819990707   167   52
08529819990708   152   29
08529819990709   149   49
08529819990710   181   10
08529819990711   152   29
08529819990712   148   84
08529819990713   151  108
08529819990714   151   86
08529819990715   155   86
08529819990716   150   56
08529819990717   176   53
08529819990718   164   79
08529819990719   160   61
08529819990720   145   66
08529819990721   148   71
08529819990722   134   71
08529819990723   153   56
08529819990724   145    5
08529819990725   137   41
08529819990726   137  -35
08529819990727   164  -51
08529819990728   174    4
08529819990729   138   -1
08529819990730   171    3
08529819990731   137   45
08529819990801   145   61
08529819990802   148   31
08529819990803   154   38
08529819990804   154   35
08529819990805   151   78
08529819990806   147   55
08529819990807   174  -20
08529819990808   157    9
08529819990809   130   59
08529819990810   163   69
08529819990811   166    3
08529819990812   190   26
08529819990813   127   45
08529819990814   137   62
08529819990815   142   40
08529819990816   147   78
08529819990817   150   15
08529819990818   191   -1
08529819990819   198   27
08529819990820   150   85
08529819990821   138   46
08529819990822   161   58
08529819990823   160   10
08529819990824   196   15
08529819990825   247   40
08529819990826   181 -999
08529819990827   149  124
08529819990828   159  113
08529819990829   184  116
08529819990830   230   70
08529819990831   243   75
08529819990901   178  116
08529819990902   182  103
08529819990903   264   55
08529819990904   247  124
08529819990905   169   79
08529819990906   141   80
08529819990907   169   20
08529819990908   177   19
08529819990909   163   80
08529819990910   145   60
08529819990911   132   17
08529819990912   157   -5
08529819990913   178  -11
08529819990914   183    5
08529819990915   264   27
08529819990916   275  140
08529819990917   166   56
08529819990918   142   63
08529819990919   160   81
08529819990920   169   33
08529819990921   222   15
08529819990922   229   88
08529819990923   196   55
08529819990924   235   64
08529819990925   178   70
08529819990926   173   61
08529819990927   222  115
08529819990928   275   90
08529819990929   284  121
08529819990930   162  124
08529819991001   170  115
08529819991002   201  101
08529819991003   194  117
08529819991004   208  113
08529819991005   190   95
08529819991006   197   98
08529819991007   260   76
08529819991008   270   78
08529819991009   301   94
08529819991010   179  156
08529819991011   196  110
08529819991012   213   94
08529819991013   191  112
08529819991014   250  130
08529819991015   267  121
08529819991016   192  104
08529819991017   225   50
08529819991018   164  123
08529819991019   172   70
08529819991020   188   61
08529819991021   230   37
08529819991022   173  106
08529819991023   171   37
08529819991024   171   39
08529819991025   177  116
08529819991026   202   93
08529819991027   221   81
08529819991028   219   74
08529819991029   232   91
08529819991030   206  118
08529819991031   177  119
08529819991101   191   91
08529819991102   186   44
08529819991103   204   44
08529819991104   212   48
08529819991105   260   75
08529819991106   255  144
08529819991107   202   95
08529819991108   155   86
08529819991109   188   35
08529819991110   174   96
08529819991111   205   75
08529819991112   215   82
08529819991113   283   82
08529819991114   213   96
08529819991115   195   92
08529819991116   172   32
08529819991117   167   56
08529819991118   191   48
08529819991119   202   55
08529819991120   210   71
08529819991121   236   38
08529819991122   202  121
08529819991123   203   92
08529819991124   215  116
08529819991125   265   99
08529819991126   224  129
08529819991127   195 -999
08529819991128   240   72
08529819991129   260   79
08529819991130   308  115
08529819991201   355  118
08529819991202   375   86
08529819991203   329  218
08529819991204   238  100
08529819991205   211  141
08529819991206   230   97
08529819991207   260  124
08529819991208   342  157
08529819991209   242  174
08529819991210   211   95
08529819991211   225   76
08529819991212   197   94
08529819991213   217  114
08529819991214   237   91
08529819991215   340  116
08529819991216   239  198
08529819991217   196  120
08529819991218   212   81
08529819991219   176   95
08529819991220   216   52
08529819991221   231   64
08529819991222   253  100
08529819991223   267  142
08529819991224   232  130
08529819991225   238 -999
08529819991226   245  107
08529819991227   233  165
08529819991228   202  171
08529819991229   171  144
08529819991230   213  135
08529819991231   183  116
08529820000101   190   98
08529820000102   215   75
08529820000103   313  100
08529820000104   188  132
08529820000105   195 -999
08529820000106   207  116
08529820000107   209   83
08529820000108   222  108
08529820000109   265  130
08529820000110   297  132
08529820000111   242  132
08529820000112   250  110
08529820000113   252  112
08529820000114   312  105
08529820000115   307  146
08529820000116   227  190
08529820000117   228   87
08529820000118   300  117
08529820000119   266  168
08529820000120   275  149
08529820000121   199  128
08529820000122   199  107
08529820000123   195   95
08529820000124   203   44
08529820000125   187 -999
08529820000126   252  141
08529820000127   204  159
08529820000128   221  135
08529820000129   216  129
08529820000130   225  129
08529820000131   229  117
08529820000201   250  100
08529820000202   371  116
08529820000203   407  172
08529820000204   360  185
08529820000205   322  205
08529820000206   224  102
08529820000207   277  131
08529820000208   345  162
08529820000209   290  165
08529820000210   389  180
08529820000211   195  175
08529820000212   218  124
08529820000213   207   74
08529820000214   218  122
08529820000215   246 -999
08529820000216   322  116
08529820000217   349  128
08529820000218   348  130
08529820000219  -999  126
08529820000221   246 -999
08529820000222   238 -999
08529820000223   312   95
08529820000224   272  160
08529820000225   295  197
08529820000226   254  200
08529820000227   225  121
08529820000228   262   95
08529820000229   274  150
08529820000301   317  154
08529820000302   372  160
08529820000303   274  205
08529820000304   222  162
08529820000305   229  106
08529820000306   224  129
08529820000307   216  145
08529820000308   223  111
08529820000309   199  157
08529820000310   277  132
08529820000311   295  152
08529820000312   203  170
08529820000313   292  173
08529820000314   231  172
08529820000315   218  105
08529820000316   221  154
08529820000317   307  121
08529820000318   302  122
08529820000319   233  158
08529820000320   216  132
08529820000321   210   58
08529820000322   267 -999
08529820000323   188  125
08529820000324   202   49
08529820000325   227   68
08529820000326   276   70
08529820000327   293  104
08529820000328   191  124
08529820000329   223  122
08529820000330   233   72
08529820000331   270   92
08529820000401   163  134
08529820000402   220   60
08529820000403   295   83
08529820000404   215   81
08529820000405   192  132
08529820000406   205   78
08529820000407   202   78
08529820000408   210   66
08529820000409   268   86
08529820000410   249   81
08529820000411   219   83
08529820000412   213  106
08529820000413   232  120
08529820000414   188  136
08529820000415   220  124
08529820000416   223   94
08529820000417   203  105
08529820000418   205   61
08529820000419   182  112
08529820000420   208   77
08529820000421   177   71
08529820000422   162   72
08529820000423   188   86
08529820000424   185   68
08529820000425   182   29
08529820000426   228   14
08529820000427   224   34
08529820000428   247   42
08529820000429   275   43
08529820000430   246   97
08529820000501   196   50
08529820000502   202   47
08529820000503   176   82
08529820000504   151  120
08529820000505   184  122
08529820000506   158  123
08529820000507   184  101
08529820000508   194   64
08529820000509   190   87
08529820000510   190   60
08529820000511   178   41
08529820000512   200   35
08529820000513   210   88
08529820000514   171  107
08529820000515   164  102
08529820000516   187   26
08529820000517   161   63
08529820000518   155    5
08529820000519   169   11
08529820000520   186   69
08529820000521   147   90
08529820000522   168   41
08529820000523   167   41
08529820000524   188   37
08529820000525   195   20
08529820000526   185   48
08529820000527   104   48
08529820000528   102   17
08529820000529   112   48
08529820000530   127   44
08529820000531   147   57
08529820000601   130   92
08529820000602   145   40
08529820000603   143   46
08529820000604   142   56
08529820000605   111   26
08529820000606   150   55
08529820000607   143   77
08529820000608   158   63
08529820000609   146   68
08529820000610   146   89
08529820000611   160   83
08529820000612   141   21
08529820000613   147   15
08529820000614   152    1
08529820000615   146  -35
08529820000616   187   16
08529820000617   167   51
08529820000618   153   59
08529820000619   102   12
08529820000620   132    2
08529820000621   177   38
08529820000622   153   61
08529820000623   139   76
08529820000624   170   32
08529820000625   180   21
08529820000626   152   -5
08529820000627   141   30
08529820000628   165   82
08529820000629   101   77
08529820000630   142   70
08529820000701   127   42
08529820000702   144   46
08529820000703   132   -1
08529820000704   134   18
08529820000705   149   10
08529820000706   113   11
08529820000707   155   41
08529820000708   148   75
08529820000709   145   33
08529820000710   133   41
08529820000711   137   57
08529820000712   120   -9
08529820000713   128   24
08529820000714   142   20
08529820000715   174   35
08529820000716   158   30
08529820000717   155   57
08529820000718   141    4
08529820000719   129   17
08529820000720   154   62
08529820000721   127   43
08529820000722   159   46
08529820000723   197   48
08529820000724   177   84
08529820000725   160   20
08529820000726   104   54
08529820000727   126   37
08529820000728   146   60
08529820000729   132   20
08529820000730   138   30
08529820000731   147   48
08529820000801   138   17
08529820000802   173   11
08529820000803   193   15
08529820000804   190   26
08529820000805   152   41
08529820000806   167   16
08529820000807   192   12
08529820000808   197   38
08529820000809   141   89
08529820000810   134   76
08529820000811   138   26
08529820000812   140   77
08529820000813   146   87
08529820000814   138   79
08529820000815   116   79
08529820000816   137   40
08529820000817   141    0
08529820000818   147  -26
08529820000819   145   10
08529820000820   155   32
08529820000821   166   36
08529820000822   144   52
08529820000823   136   26
08529820000824   149   35
08529820000825   131   67
08529820000826   150   56
08529820000827   170   41
08529820000828   161    8
08529820000829   149   30
08529820000830   160   56
08529820000831   156   22
08529820000901   193    6
08529820000902   174   50
08529820000903   159   82
08529820000904   177   22
08529820000905   130 -999
08529820000906   147   70
08529820000907   123   13
08529820000908   141   54
08529820000909   151   73
08529820000910   173   55
08529820000911   141   80
08529820000912   157   66
08529820000913   205   60
08529820000914   203   65
08529820000915   189   65
08529820000916   220   40
08529820000917   187   70
08529820000918   201  116
08529820000919   218   74
08529820000920   177   46
08529820000921   180   60
08529820000922   184   43
08529820000923   185   65
08529820000924   159  116
08529820000925   132   86
08529820000926   122   88
08529820000927   198   54
08529820000928   210  112
08529820000929   233  100
08529820000930   192   70
08529820001001   119 -999
08529820001002   165   43
08529820001003   187   88
08529820001004   211   66
08529820001005   271   65
08529820001006   219  119
08529820001007   183   95
08529820001008   172   97
08529820001009   176   23
08529820001010   178   30
08529820001011   163   14
08529820001012   220   26
08529820001013   187   84
08529820001014   160   72
08529820001015   142   74
08529820001016   142   60
08529820001017   186   40
08529820001018   167   87
08529820001019   200  103
08529820001020   160  120
08529820001021   188   74
08529820001022   209   78
08529820001023   215  117
08529820001024   240  143
08529820001025   156  135
08529820001026   185  122
08529820001027   165   88
08529820001028   160   51
08529820001029   170   70
08529820001030   168   49
08529820001031   216   60
08529820001101   255  130
08529820001102   247  139
08529820001103   189  135
08529820001104   166  120
08529820001105   159  108
08529820001106   175  108
08529820001107   182  108
08529820001108   226   54
08529820001109   228   54
08529820001110   185  110
08529820001111   181  144
08529820001112   193  146
08529820001113   195  151
08529820001114   213  151
08529820001115   222  135
08529820001116   256  141
08529820001117   225  151
08529820001118   229  168
08529820001119   216  170
08529820001120   217  163
08529820001121   232  121
08529820001122   233   95
08529820001123   219  113
08529820001124   221   90
08529820001125   230   88
08529820001126   297  118
08529820001127   227  125
08529820001128   276  157
08529820001129   220  155
08529820001130   242  132
08529820001201   206  138
08529820001202   227   81
08529820001203   277   90
08529820001204   285  130
08529820001205   345  134
08529820001206   217  117
08529820001207   210  130
08529820001208   228   90
08529820001209   229   92
08529820001210   306   86
08529820001211   322  161
08529820001212   264  141
08529820001213   250  163
08529820001214   214  124
08529820001215   237  138
08529820001216   247  137
08529820001217   358  136
08529820001218   271  125
08529820001219   336  136
08529820001220   259  136
08529820001221   292  117
08529820001222   294  216
08529820001223   264  126
08529820001224   252  153
08529820001225   230   89
08529820001226   258  145
08529820001227   164  106
08529820001228   190   80
08529820001229   221   86
08529820001230   216   97
08529820001231   222   86
08529820010101   331   64
08529820010102   377  133
08529820010103   346  215
08529820010104   293  138
08529820010105   283  179
08529820010106   232  171
08529820010107   260  186
08529820010108   224  162
08529820010109   228  128
08529820010110   277  106
08529820010111   380  130
08529820010112   255  166
08529820010113   236  169
08529820010114   267  125
08529820010115   293  177
08529820010116   225   95
08529820010117   240  125
08529820010118   256  142
08529820010119   269  121
08529820010120   363  162
08529820010121   256  147
08529820010122   336  152
08529820010123   262  177
08529820010124   320  176
08529820010125   274  199
08529820010126   247  157
08529820010127   267  138
08529820010128   236  138
08529820010129   245  111
08529820010130   226  137
08529820010131   235  138
08529820010201   259  116
08529820010202   337  128
08529820010203   382  156
08529820010204   245  211
08529820010205   235  155
08529820010206   247  169
08529820010207   332  147
08529820010208   376  175
08529820010209   258  211
08529820010210   247  171
08529820010211   230  145
08529820010212   299  163
08529820010213   264  171
08529820010214   238  155
08529820010215   216  114
08529820010216   228  138
08529820010217   240  110
08529820010218   324   92
08529820010219   353  135
08529820010220   323  185
08529820010221   362  111
08529820010222   262  147
08529820010223   278  176
08529820010224   248  166
08529820010225   240  161
08529820010226   329  138
08529820010227   241  168
08529820010228   268  166
08529820010301   232   86
08529820010302   255   94
08529820010303   267   87
08529820010304   284  116
08529820010305   252  145
08529820010306   257  118
08529820010307   294  120
08529820010308   264  147
08529820010309   285  119
08529820010310   337  131
08529820010311   215  146
08529820010312   200  102
08529820010313   210   91
08529820010314   233   78
08529820010315   295  131
08529820010316   312  116
08529820010317   180  106
08529820010318   195   90
08529820010319   197  153
08529820010320   270  144
08529820010321   184  156
08529820010322   188   62
08529820010323   212   85
08529820010324   250   79
08529820010325   234  107
08529820010326   224  104
08529820010327   193  126
08529820010328   177   79
08529820010329   202  123
08529820010330   221   56
08529820010331   280   57
08529820010401   242   81
08529820010402   172  110
08529820010403   200   76
08529820010404   255   74
08529820010405   240   83
08529820010406   232   97
08529820010407   255  108
08529820010408   260  119
08529820010409   201   72
08529820010410   205  105
08529820010411   164   81
08529820010412   176   57
08529820010413   208   57
08529820010414   246   21
08529820010415   282   66
08529820010416   270  105
08529820010417   207  126
08529820010418   270  110
08529820010419   167  120
08529820010420   170  104
08529820010421   163   93
08529820010422   201   97
08529820010423   174  128
08529820010424   203   82
08529820010425   191   81
08529820010426   247   86
08529820010427   174   87
08529820010428   165   99
08529820010429   178   66
08529820010430   187   70
08529820010501   176   80
08529820010502   185  114
08529820010503   180   77
08529820010504   186  100
08529820010505   181   88
08529820010506   179   78
08529820010507   177   85
08529820010508   181  100
08529820010509   166   62
08529820010510   136   84
08529820010511   155   47
08529820010512   160   65
08529820010513   172   89
08529820010514   172   32
08529820010515   172   66
08529820010516   197   88
08529820010517   159  109
08529820010518   144   65
08529820010519   153   70
08529820010520   165  102
08529820010521   147  102
08529820010522   149  100
08529820010523   149   60
08529820010524   158   79
08529820010525   157   64
08529820010526   174   46
08529820010527   159   81
08529820010528   146   65
08529820010529   158   72
08529820010530   148   66
08529820010531   153   74
08529820010601   145   53
08529820010602   171   55
08529820010603   181   56
08529820010604   188   44
08529820010605   187   32
08529820010606   203   72
08529820010607   178   89
08529820010608   204   85
08529820010609   160   92
08529820010610   161  107
08529820010611   111   49
08529820010612   126   50
08529820010613   162   85
08529820010614    90   61
08529820010615   138   51
08529820010616   138   66
08529820010617   130   82
08529820010618   137   83
08529820010619   137    5
08529820010620   166    7
08529820010621   140   90
08529820010622   147   93
08529820010623   171   94
08529820010624   171   31
08529820010625   183   56
08529820010626   140   82
08529820010627   136   39
08529820010628   140  -12
08529820010629   153   24
08529820010630   146   16
08529820010701   152   40
08529820010702   149   47
08529820010703   144   40
08529820010704   138   -4
08529820010705   134    1
08529820010706   125   10
08529820010707   153   87
08529820010708   153  104
08529820010709   148   72
08529820010710   163  103
08529820010711   148   38
08529820010712   138   70
08529820010713   143   57
08529820010714   167   56
08529820010715   149   75
08529820010716   133   47
08529820010717   137   69
08529820010718   141   88
08529820010719   141   87
08529820010720   151   93
08529820010721   151   78
08529820010722   140   34
08529820010723   140   40
08529820010724   143   34
08529820010725   145   35
08529820010726   158   60
08529820010727   145   86
08529820010728   141   89
08529820010729   151   73
08529820010730   146   21
08529820010731   180    3
08529820010801   117   38
08529820010802   134   58
08529820010803   149   24
08529820010804   137    4
08529820010805   167   29
08529820010806   131   77
08529820010807   152   36
08529820010808   132   70
08529820010809   171   47
08529820010810   185   86
08529820010811   150   46
08529820010812   206   54
08529820010813   161   60
08529820010814   200   62
08529820010815   208   60
08529820010816   227  116
08529820010817   139   58
08529820010818   116   40
08529820010819   158   17
08529820010820   136   55
08529820010821   139   67
08529820010822   121   54
08529820010823   131   40
08529820010824   144    1
08529820010825   185    4
08529820010826   148   44
08529820010827   160   88
08529820010828   126  100
08529820010829   162   81
08529820010830   160   68
08529820010831   157   24
08529820010901   152   19
08529820010902   136   72
08529820010903   175   86
08529820010904   157   84
08529820010905   155   41
08529820010906   166   13
08529820010907   184   36
08529820010908   160   73
08529820010909   170   64
08529820010910   172   46
08529820010911   157   61
08529820010912   178   72
08529820010913   184  104
08529820010914   179  101
08529820010915   208   61
08529820010916   255  114
08529820010917   171   57
08529820010918   181   48
08529820010919   216   37
08529820010920   190   77
08529820010921   165   81
08529820010922   169   65
08529820010923   263  103
08529820010924   241  142
08529820010925   161  105
08529820010926   152   67
08529820010927   162   61
08529820010928   209   42
08529820010929   260   37
08529820010930   285   95
08529820011001   205  151
08529820011002   183  103
08529820011003   183   97
08529820011004   167   82
08529820011005   170   75
08529820011006   183   72
08529820011007   140   54
08529820011008   160   66
08529820011009   169   91
08529820011010   212   47
08529820011011   160  107
08529820011012   175   60
08529820011013   182   80
08529820011014   167  112
08529820011015   193   63
08529820011016   184   81
08529820011017   189   87
08529820011018   156  110
08529820011019   142   60
08529820011020   151   55
08529820011021   201   66
08529820011022   247   46
08529820011023   258  104
08529820011024   249  137
08529820011025   226   72
08529820011026   200   74
08529820011027   190  111
08529820011028   224  101
08529820011029   179   99
08529820011030   180  101
08529820011031   184  115
08529820011101   178  102
08529820011102   173  104
08529820011103   188  108
08529820011104   254   77
08529820011105   310  113
08529820011106   192  165
08529820011107   156  108
08529820011108   169   57
08529820011109   209   70
08529820011110   181   96
08529820011111   155   68
08529820011112   162   69
08529820011113   190   86
08529820011114   202   99
08529820011115   219  124
08529820011116   187   87
08529820011117   248   91
08529820011118   132  112
08529820011119   161   51
08529820011120   184  108
08529820011121   182  100
08529820011122   189   67
08529820011123   196  102
08529820011124   265  142
08529820011125   262  135
08529820011126   213  131
08529820011127   198  123
08529820011128   188  123
08529820011129   216  127
08529820011130   181  135
08529820011201   213   84
08529820011202   193   92
08529820011203   183  127
08529820011204   149  127
08529820011205   169  120
08529820011206   173  104
08529820011207   180  116
08529820011208   180   80
08529820011209   220  100
08529820011210   186  109
08529820011211   172  105
08529820011212   192  102
08529820011213   210  110
08529820011214   209  100
08529820011215   194   86
08529820011216   210   88
08529820011217   212   98
08529820011218   195  131
08529820011219   225  132
08529820011220   256  147
08529820011221   219  122
08529820011222   222  116
08529820011223   270   94
08529820011224   232   92
08529820011225   198  124
08529820011226   158   76
08529820011227   181   78
08529820011228   231  126
08529820011229   335  118
08529820011230   200  131
08529820011231   232  102
08529820020101   231  109
08529820020102   193  106
08529820020103   197   92
08529820020104   228   98
08529820020105   217  115
08529820020106   282   96
08529820020107   250  150
08529820020108   196  131
08529820020109   222  118
08529820020110   218   92
08529820020111   235  104
08529820020112   200   77
08529820020113   205 -999
08529820020114   223  122
08529820020115   215  138
08529820020116   222  111
08529820020117   220   90
08529820020118   231   96
08529820020119   278  160
08529820020120   371  146
08529820020121   217  177
08529820020122   187  174
08529820020123   192  158
08529820020124   208  129
08529820020125   262  113
08529820020126   338  157
08529820020127   344  165
08529820020128   251  193
08529820020129   247  146
08529820020130   278  151
08529820020131   222  158
08529820020201   279  164
08529820020202   279  174
08529820020203   207   90
08529820020204   188  116
08529820020205   218  133
08529820020206   237   56
08529820020207   258  125
08529820020208   186  144
08529820020209   218  147
08529820020210   181  105
08529820020211   189  106
08529820020212   210  118
08529820020213   250  112
08529820020214   298  152
08529820020215   321  135
08529820020216   202  165
08529820020217   227  141
08529820020218   198  114
08529820020219   250  145
08529820020220   347  132
08529820020221   213  135
08529820020222   210  125
08529820020223   217  140
08529820020224   230  139
08529820020225   263  147
08529820020226   270  157
08529820020227   210  141
08529820020228   195   85
08529820020301   200  117
08529820020302   209  131
08529820020303   227  142
08529820020304   225  102
08529820020305   252  118
08529820020306   341  130
08529820020307   226  146
08529820020308   205   86
08529820020309   222  111
08529820020310   231   88
08529820020311   298   87
08529820020312   235  143
08529820020313   217   87
08529820020314   211  127
08529820020315   240  112
08529820020316   253  110
08529820020317   250  132
08529820020318   359   90
08529820020319   250  143
08529820020320   221  116
08529820020321   206  116
08529820020322   212   37
08529820020323   278   64
08529820020324   317   88
08529820020325   302  129
08529820020326   172  162
08529820020327   222  137
08529820020328   213  121
08529820020329   199  140
08529820020330   182  118
08529820020331   206   95
08529820020401   221   54
08529820020402   271   76
08529820020403   298   94
08529820020404   182  114
08529820020405   189   74
08529820020406   204   82
08529820020407   197  105
08529820020408   211   63
08529820020409   312   81
08529820020410   248  118
08529820020411   265  120
08529820020412   284   93
08529820020413   165  154
08529820020414   183  115
08529820020415   191  138
08529820020416   189  137
08529820020417   194  156
08529820020418   179  154
08529820020419   208  141
08529820020420   193  154
08529820020421   199  152
08529820020422   215  151
08529820020423   222  113
08529820020424   250  116
08529820020425   218  155
08529820020426   168  100
08529820020427   179   85
08529820020428   179   66
08529820020429   183   51
08529820020430   207   54
08529820020501   193   67
08529820020502   199   81
08529820020503   218   72
08529820020504   231   65
08529820020505   240   70
08529820020506   219  104
08529820020507   230   93
08529820020508   241  100
08529820020509   238   82
08529820020510   184  123
08529820020511   186  111
08529820020512   203   79
08529820020513   192   98
08529820020514   164   62
08529820020515   195   82
08529820020516   197   93
08529820020517   142   97
08529820020518   146   81
08529820020519   122   83
08529820020520   159   86
08529820020521   158   88
08529820020522   154  105
08529820020523   160   85
08529820020524   154   68
08529820020525   172   47
08529820020526   162   61
08529820020527   145   44
08529820020528   160   30
08529820020529   146   27
08529820020530   146   17
08529820020531   142   27
08529820020601   155   47
08529820020602   162   47
08529820020603   165   26
08529820020604   155   27
08529820020605   173   10
08529820020606   144   20
08529820020607   200   52
08529820020608   151   94
08529820020609   163   95
08529820020610   186  108
08529820020611   186  128
08529820020612   182   92
08529820020613   130   83
08529820020614   141   46
08529820020615   163   71
08529820020616   152   70
08529820020617   141   81
08529820020618   138   60
08529820020619   135   -5
08529820020620   168    1
08529820020621   148   47
08529820020622   157   74
08529820020623   154   61
08529820020624   168   43
08529820020625   176   96
08529820020626   140   64
08529820020627   156   12
08529820020628   106   54
08529820020629   137   42
08529820020630   123   55
08529820020701   136   35
08529820020702   153   -2
08529820020703   117   40
08529820020704   136   68
08529820020705   161   77
08529820020706   123   69
08529820020707   156   57
08529820020708   175   57
08529820020709   152   90
08529820020710   136   61
08529820020711   128  -14
08529820020712   162   -8
08529820020713   204    0
08529820020714   135   23
08529820020715   164   11
08529820020716   171   11
08529820020717   117   40
08529820020718   156   30
08529820020719   178    8
08529820020720   149   16
08529820020721   130   47
08529820020722   115   -1
08529820020723   161   18
08529820020724   137   77
08529820020725   116   -7
08529820020726   173   23
08529820020727   188   19
08529820020728   153   32
08529820020729   137   77
08529820020730   146    4
08529820020731   162   -3
08529820020801   163   10
08529820020802   153   51
08529820020803   153   40
08529820020804   146   80
08529820020805   135    4
08529820020806   160   32
08529820020807   165   83
08529820020808   149   97
08529820020809   161   56
08529820020810   212   20
08529820020811   206   48
08529820020812   126   52
08529820020813   139   67
08529820020814   139   54
08529820020815   146   30
08529820020816   140   54
08529820020817   148   18
08529820020818   145    9
08529820020819   141    7
08529820020820   165   29
08529820020821   173    4
08529820020822   180   18
08529820020823   132   33
08529820020824   132   -9
08529820020825   140  -20
08529820020826   162   15
08529820020827   175  -10
08529820020828   182   -6
08529820020829   202   50
08529820020830   175   36
08529820020831   195   48
08529820020901   180   41
08529820020902   230   -4
08529820020903   191   40
08529820020904   183   59
08529820020905   208   13
08529820020906   177   50
08529820020907   178   68
08529820020908   170   34
08529820020909   142   50
08529820020910   132   47
08529820020911   154   51
08529820020912   182   24
08529820020913   225   16
08529820020914   265   14
08529820020915   278   58
08529820020916   226  126
08529820020917   163   55
08529820020918   175   90
08529820020919   138   71
08529820020920   163   55
08529820020921   203   16
08529820020922   157  106
08529820020923   142  105
08529820020924   194  113
08529820020925   207   89
08529820020926   189   75
08529820020927   214   37
08529820020928   155   54
08529820020929   150   61
08529820020930   164   67
08529820021001   219   24
08529820021002   250   62
08529820021003   207   71
08529820021004   208  110
08529820021005   188  110
08529820021006   248  106
08529820021007   251  133
08529820021008   186  110
08529820021009   156   35
08529820021010   162   72
08529820021011   178   48
08529820021012   210   57
08529820021013   189  113
08529820021014   177   90
08529820021015   195   96
08529820021016   257  112
08529820021017   192   95
08529820021018   286   67
08529820021019   212  110
08529820021020   185  117
08529820021021   189   87
08529820021022   212   49
08529820021023   148  111
08529820021024   174   80
08529820021025   167   83
08529820021026   178   51
08529820021027   168   60
08529820021028   202   76
08529820021029   210   90
08529820021030   319   64
08529820021031   193  120
08529820021101   208   97
08529820021102   226   50
08529820021103   227  128
08529820021104   153   54
08529820021105   188   54
08529820021106   225   57
08529820021107   327   68
08529820021108   288  120
08529820021109   268  143
08529820021110   210  127
08529820021111   195   45
08529820021112   365   78
08529820021113   208  100
08529820021114   226   60
08529820021115   202  101
08529820021116   207   65
08529820021117   323   75
08529820021118   328  111
08529820021119   223  103
08529820021120   143  117
08529820021121   201  103
08529820021122   260   90
08529820021123   223   84
08529820021124   316   99
08529820021125   228  157
08529820021126   299  150
08529820021127   213  125
08529820021128   214  122
08529820021129   279  127
08529820021130   179  126
08529820021201   216  119
08529820021202   243  108
08529820021203   239  145
08529820021204   232  125
08529820021205   209   96
08529820021206   170   68
08529820021207   204   83
08529820021208   278   73
08529820021209   192  122
08529820021210   208   76
08529820021211   200  110
08529820021212   195  113
08529820021213   211  116
08529820021214   214   86
08529820021215   346   87
08529820021216   245  133
08529820021217   232  166
08529820021218   236  141
08529820021219   261  148
08529820021220   300  129
08529820021221   275  140
08529820021222   248  148
08529820021223   215  104
08529820021224   228  102
08529820021225   217  112
08529820021226   217   62
08529820021227   249  108
08529820021228   282  116
08529820021229   363  150
08529820021230   323  204
08529820021231   302  198
08529820030101   247  154
08529820030102   239  128
08529820030103   242  128
08529820030104   249  104
08529820030105   232   90
08529820030106   273   99
08529820030107   387  132
08529820030108   225  145
08529820030109   230  101
08529820030110   230  126
08529820030111   248   84
08529820030112   247  127
08529820030113   284  124
08529820030114   261  162
08529820030115   218  145
08529820030116   256  139
08529820030117   329  160
08529820030118   296  155
08529820030119   254  105
08529820030120   339  107
08529820030121   268  159
08529820030122   261  118
08529820030123   247  115
08529820030124   259  129
08529820030125   425  112
08529820030126   355  200
08529820030127   255  130
08529820030128   255  100
08529820030129   368  136
08529820030130   357  172
08529820030131   212  130
08529820030201   250   94
08529820030202   237  133
08529820030203   235  131
08529820030204   274  132
08529820030205   333  125
08529820030206   267  171
08529820030207   312  175
08529820030208   249  127
08529820030209   263  153
08529820030210   240  175
08529820030211   213  135
08529820030212   312  130
08529820030213   267  118
08529820030214   242  117
08529820030215   263  122
08529820030216   233  118
08529820030217   228  126
08529820030218   248   80
08529820030219   253  117
08529820030220   248  164
08529820030221   261  163
08529820030222   231  168
08529820030223   275  184
08529820030224   336  157
08529820030225   303  198
08529820030226   277  160
08529820030227   218  173
08529820030228   224  150
08529820030301   152   96
08529820030302   208   92
08529820030303   220  100
08529820030304   237  123
08529820030305   219  120
08529820030306   241   85
08529820030307   314  124
08529820030308   202  146
08529820030309   212  114
08529820030310   225  134
08529820030311   240  146
08529820030312   286   99
08529820030313   307  134
08529820030314   234  137
08529820030315   210  101
08529820030316   247  132
08529820030317   331  136
08529820030318   346  130
08529820030319   301  132
08529820030320   185  117
08529820030321   186  115
08529820030322   207  114
08529820030323   187  122
08529820030324   212  100
08529820030325   234  104
08529820030326   236  106
08529820030327   242  140
08529820030328   227  149
08529820030329   229  117
08529820030330   229  160
08529820030331   240   88
08529820030401   240  100
08529820030402   198  136
08529820030403   182  115
08529820030404   187   89
08529820030405   190   52
08529820030406   207   48
08529820030407   262   50
08529820030408   187  120
08529820030409   193   92
08529820030410   210   79
08529820030411   189   59
08529820030412   249  131
08529820030413   263  136
08529820030414   213  110
08529820030415   202  138
08529820030416   171   69
08529820030417   181   54
08529820030418   181  110
08529820030419   203   85
08529820030420   207   76
08529820030421   211   68
08529820030422   199   82
08529820030423   214   66
08529820030424   196  118
08529820030425   197   99
08529820030426   205   65
08529820030427   171   76
08529820030428   227  113
08529820030429   199  109
08529820030430   199   69
08529820030501   160   69
08529820030502   179   92
08529820030503   195   88
08529820030504   163   68
08529820030505   207   24
08529820030506   235   30
08529820030507   230   37
08529820030508   244   50
08529820030509   177   84
08529820030510   159   75
08529820030511   168   47
08529820030512   174   46
08529820030513   197   73
08529820030514   200   83
08529820030515   194   89
08529820030516   205  113
08529820030517   194  112
08529820030518   204   77
08529820030519   223   81
08529820030520   179   80
08529820030521   153  105
08529820030522   159  111
08529820030523   171   71
08529820030524   179   70
08529820030525   177   41
08529820030526   173   42
08529820030527   177   18
08529820030528   184   20
08529820030529   171   24
08529820030530   172    6
08529820030531   196  -36
08529820030601   183   16
08529820030602   220   93
08529820030603   198   55
08529820030604   213   39
08529820030605   212   82
08529820030606   171 -999
08529820030607   146   71
08529820030608   156   87
08529820030609   166   44
08529820030610   160   24
08529820030611   163    0
08529820030612   211    1
08529820030613   152   64
08529820030614   128   82
08529820030615   150   57
08529820030616   140   78
08529820030617   157  105
08529820030618   151   67
08529820030619   141   64
08529820030620   134   83
08529820030621   147   30
08529820030622   120   48
08529820030623   135   37
08529820030624   132   35
08529820030625   123  -15
08529820030626   152  -30
08529820030627    96   -5
08529820030628   162   35
08529820030629   137   18
08529820030630   117   75
08529820030701   136   85
08529820030702   122   -5
08529820030703   142   16
08529820030704   131   -9
08529820030705   175    3
08529820030706   182   38
08529820030707   192   30
08529820030708   158   70
08529820030709   163   38
08529820030710   141   -4
08529820030711   172    7
08529820030712   151   49
08529820030713   159   45
08529820030714   171    6
08529820030715   189   29
08529820030716   148   87
08529820030717   151   41
08529820030718   143   42
08529820030719   125   65
08529820030720   127   20
08529820030721   147  -26
08529820030722   197   -3
08529820030723   141   24
08529820030724   124   50
08529820030725   125   72
08529820030726   122   24
08529820030727   140   17
08529820030728   177    7
08529820030729   108   52
08529820030730   124   46
08529820030731   149   50
08529820030801   140    8
08529820030802   177   -9
08529820030803   204    3
08529820030804   190   53
08529820030805   218   85
08529820030806   158   84
08529820030807   169   50
08529820030808   171   19
08529820030809   126   42
08529820030810   129   10
08529820030811   144   26
08529820030812   169   12
08529820030813   148   34
08529820030814   117   81
08529820030815   122   38
08529820030816   139   16
08529820030817   136    4
08529820030818   122   56
08529820030819   133   21
08529820030820   132  -25
08529820030821   137  -19
08529820030822   176   34
08529820030823   155   32
08529820030824   143   70
08529820030825   152   96
08529820030826   134   54
08529820030827   138   58
08529820030828   174   17
08529820030829   185   25
08529820030830   150   78
08529820030831   138    9
08529820030901   131   32
08529820030902   153   17
08529820030903   157   90
08529820030904   216   10
08529820030905   178   52
08529820030906   152   33
08529820030907   157   47
08529820030908   148   28
08529820030909   137   13
08529820030910   197   75
08529820030911   165   91
08529820030912   159   74
08529820030913   182   29
08529820030914   131   58
08529820030915   141   49
08529820030916   160   67
08529820030917   206   81
08529820030918   183   91
08529820030919   213   56
08529820030920   170   60
08529820030921   267   15
08529820030922   182   42
08529820030923   177   83
08529820030924   191  106
08529820030925   209   75
08529820030926   163   95
08529820030927   128   44
08529820030928   162   16
08529820030929   127   59
08529820030930   160   38
08529820031001   149   47
08529820031002   128   89
08529820031003   144   71
08529820031004   170   36
08529820031005   182   75
08529820031006   162   74
08529820031007   185   26
08529820031008   150  101
08529820031009   155   29
08529820031010   132   42
08529820031011   133   32
08529820031012   171   49
08529820031013   194    9
08529820031014   240   56
08529820031015   257   60
08529820031016   191  102
08529820031017   193   66
08529820031018   255   72
08529820031019   249  114
08529820031020   202   40
08529820031021   202  102
08529820031022   148   84
08529820031023   151   70
08529820031024   174   84
08529820031025   181   88
08529820031026   152   93
08529820031027   163   72
08529820031028   132   61
08529820031029   156   71
08529820031030   165   66
08529820031031   154   74
08529820031101   150   86
08529820031102   172   83
08529820031103   172   88
08529820031104   221  106
08529820031105   260   80
08529820031106   266  115
08529820031107   192   90
08529820031108   173  127
08529820031109   167  125
08529820031110   209  127
08529820031111   223   89
08529820031112   190  101
08529820031113   200   80
08529820031114   313   70
08529820031115   364  109
08529820031116   179  131
08529820031117   188   70
08529820031118   220   68
08529820031119   337  111
08529820031120   325  180
08529820031121   196  132
08529820031122   155  140
08529820031123   178  118
08529820031124   182  119
08529820031125   191  104
08529820031126   196  112
08529820031127   205   90
08529820031128   237   66
08529820031129   312   76
08529820031130   269  132
08529820031201   196  155
08529820031202   218  141
08529820031203   272  138
08529820031204   245  159
08529820031205   198  117
08529820031206   205   94
08529820031207   233   94
08529820031208   240  103
08529820031209   259  118
08529820031210   369  139
08529820031211   270  123
08529820031212   291  122
08529820031213   212  129
08529820031214   240   87
08529820031215   237   97
08529820031216   325  152
08529820031217   378  131
08529820031218   261  157
08529820031219   271  154
08529820031220   196  176
08529820031221   232  155
08529820031222   217   72
08529820031223   234   99
08529820031224   295   96
08529820031225   298  140
08529820031226   237  127
08529820031227   239  112
08529820031228   230   87
08529820031229   335   95
08529820031230   388  136
08529820031231   287  173
08529820040101   262  136
08529820040102   294  125
08529820040103   266  158
08529820040104   252  178
08529820040105   226  128
08529820040106   225  123
08529820040107   258  142
08529820040108   185  112
08529820040109   260   66
08529820040110   271  101
08529820040111   239  126
08529820040112   223  141
08529820040113   300  152
08529820040114   234  134
08529820040115   237   70
08529820040116   261  109
08529820040117   230  153
08529820040118   202   88
08529820040119   260   66
08529820040120   363  108
08529820040121   258  119
08529820040122   259  126
08529820040123   220  150
08529820040124   232  148
08529820040125   217  122
08529820040126   212  144
08529820040127   240  168
08529820040128   243  146
08529820040129   235  128
08529820040130   204  125
08529820040131   237  144
08529820040201   242  146
08529820040202   232  148
08529820040203   216  132
08529820040204   234   76
08529820040205   330  104
08529820040206   288  144
08529820040207   253  153
08529820040208   380  144
08529820040209   254  169
08529820040210   243  138
08529820040211   193  151
08529820040212   298  151
08529820040213   240  177
08529820040214   276  143
08529820040215   370  174
08529820040216   249  132
08529820040217   280  111
08529820040218   250  120
08529820040219   264  119
08529820040220   375  115
08529820040221   203  147
08529820040222   221  131
08529820040223   220  111
08529820040224   235  102
08529820040225   244  136
08529820040226   247  116
08529820040227   273  106
08529820040228   274  144
08529820040229   205  129
08529820040301   202  114
08529820040302   240   67
08529820040303   331  105
08529820040304   349  122
08529820040305   220  154
08529820040306   323  149
08529820040307   212  163
08529820040308   252  140
08529820040309   236  147
08529820040310   202  113
08529820040311   228   77
08529820040312   237  108
08529820040313   232  106
08529820040314   225  132
08529820040315   236  144
08529820040316   232  107
08529820040317   210  131
08529820040318   235   67
08529820040319   256   81
08529820040320   235  114
08529820040321   217  104
08529820040322   230   68
08529820040323   249  114
08529820040324   228  107
08529820040325   320   86
08529820040326   247  107
08529820040327   223   66
08529820040328   287   78
08529820040329   286  134
08529820040330   205  139
08529820040331   209  123
08529820040401   225   97
08529820040402   221  106
08529820040403   218  112
08529820040404   219  118
08529820040405   219  107
08529820040406   283  114
08529820040407   202   90
08529820040408   204   53
08529820040409   212   78
08529820040410   213   55
08529820040411   254  117
08529820040412   210  122
08529820040413   233   75
08529820040414   352  116
08529820040415   286  160
08529820040416   227  161
08529820040417   177   97
08529820040418   175  111
08529820040419   192   57
08529820040420   199   55
08529820040421   235   52
08529820040422   278   51
08529820040423   163  107
08529820040424   129   62
08529820040425   162  107
08529820040426   169  108
08529820040427   171   92
08529820040428   182   75
08529820040429   208   79
08529820040430   156   98
08529820040501   112   82
08529820040502   163   51
08529820040503   169   48
08529820040504   196   66
08529820040505   146   72
08529820040506   152   40
08529820040507   167   82
08529820040508   167   81
08529820040509   178   93
08529820040510   158   54
08529820040511   147   60
08529820040512   159   84
08529820040513   166   72
08529820040514   182   41
08529820040515   159   21
08529820040516   175   49
08529820040517   181   81
08529820040518   178   92
08529820040519   168   77
08529820040520   191   97
08529820040521   182  106
08529820040522   158   28
08529820040523   182   30
08529820040524   194   51
08529820040525   152  101
08529820040526   132   76
08529820040527   134   59
08529820040528   142   81
08529820040529   138   68
08529820040530   170   69
08529820040531   192   65
08529820040601   187   87
08529820040602   139   98
08529820040603   172   73
08529820040604   134   73
08529820040605   135   59
08529820040606   122   -5
08529820040607   160  -25
08529820040608   208   11
08529820040609   162   31
08529820040610   158   80
08529820040611   147   22
08529820040612   117    9
08529820040613   180   16
08529820040614   172   45
08529820040615   131   80
08529820040616   136   70
08529820040617   132   55
08529820040618   152   64
08529820040619   121   50
08529820040620   133 -999
08529820040621   140   74
08529820040622   150   60
08529820040623   136   21
08529820040624   157   43
08529820040625   146   60
08529820040626   131   45
08529820040627   168   92
08529820040628   178   96
08529820040629   167 -999
08529820040630   193   55
08529820040701   132   30
08529820040702   142   74
08529820040703   175   19
08529820040704   148   67
08529820040705   146   92
08529820040706   113   59
08529820040707    97   46
08529820040708   130   38
08529820040709    96    0
08529820040710   168   16
08529820040711   185   38
08529820040712   153   78
08529820040713   128   73
08529820040714   138   58
08529820040715   153   43
08529820040716   160   -3
08529820040717    97   35
08529820040718   110   13
08529820040719   117    4
08529820040720   128   30
08529820040721   136   41
08529820040722   117  -16
08529820040723   106   -1
08529820040724   152   26
08529820040725   173   47
08529820040726   143   42
08529820040727   126    4
08529820040728   108   74
08529820040729   147   44
08529820040730   138   67
08529820040731   156   26
08529820040801   133   -2
08529820040802   170   30
08529820040803   119   67
08529820040804   143   31
08529820040805   136   54
08529820040806   142   59
08529820040807   153   50
08529820040808   163   53
08529820040809   130   61
08529820040810   138   72
08529820040811   160   75
08529820040812   168   48
08529820040813   158   62
08529820040814   123   82
08529820040815   122   30
08529820040816   123  -22
08529820040817   140   16
08529820040818   143   37
08529820040819   157   35
08529820040820   175    9
08529820040821   213   60
08529820040822   167   74
08529820040823   174   62
08529820040824   192   22
08529820040825   250   19
08529820040826   252   69
08529820040827   171   92
08529820040828   190   73
08529820040829   183   28
08529820040830   157   75
08529820040831   140   52
08529820040901   139   48
08529820040902   141   52
08529820040903   152   83
08529820040904   130   50
08529820040905   155   24
08529820040906   153   80
08529820040907   168   51
08529820040908   192   90
08529820040909   156  108
08529820040910   187   90
08529820040911   105   76
08529820040912   139   42
08529820040913   161   66
08529820040914   163   75
08529820040915   148   66
08529820040916   153   39
08529820040917   168   67
08529820040918   167   49
08529820040919   160   55
08529820040920   194    4
08529820040921   235   51
08529820040922   254   96
08529820040923   150  109
08529820040924   167  112
08529820040925   187   91
08529820040926   242   66
08529820040927   187   98
08529820040928   174   92
08529820040929   178   98
08529820040930   165   66
08529820041001   145  108
08529820041002   201   45
08529820041003   168   52
08529820041004   184   62
08529820041005   183   93
08529820041006   181   53
08529820041007   204   41
08529820041008   167   90
08529820041009   178  109
08529820041010   234   37
08529820041011   290   77
08529820041012   331   76
08529820041013   265  158
08529820041014   173   51
08529820041015   151   76
08529820041016   139   62
08529820041017   168   57
08529820041018   175   87
08529820041019   184   45
08529820041020   224   53
08529820041021   216   64
08529820041022   202  148
08529820041023   227  149
08529820041024   179  107
08529820041025   202   59
08529820041026   211   82
08529820041027   167  121
08529820041028   180  120
08529820041029   190   60
08529820041030   192  104
08529820041031   270   68
08529820041101   255  107
08529820041102   230   75
08529820041103   160   57
08529820041104   159   38
08529820041105   201  101
08529820041106   141  108
08529820041107   185  106
08529820041108   180  114
08529820041109   188  102
08529820041110   223   71
08529820041111   197  141
08529820041112   238  130
08529820041113   168   93
08529820041114   206   95
08529820041115   197  127
08529820041116   209   87
08529820041117   263   60
08529820041118   321   94
08529820041119   182  120
08529820041120   189   75
08529820041121   201  103
08529820041122   184   84
08529820041123   228   70
08529820041124   202   60
08529820041125   232   65
08529820041126   278  107
08529820041127   345  146
08529820041128   281  193
08529820041129   249  106
08529820041130   301  143
08529820041201   177  140
08529820041202   195   95
08529820041203   202   70
08529820041204   260   90
08529820041205   252  100
08529820041206   238  132
08529820041207   249  172
08529820041208   216  171
08529820041209   237  178
08529820041210   252  167
08529820041211   240  177
08529820041212   270  163
08529820041213   203  171
08529820041214   217  136
08529820041215   205   94
08529820041216   239   77
08529820041217   235  102
08529820041218   280   95
08529820041219   226  139
08529820041220   213  106
08529820041221   243   85
08529820041222   235  115
08529820041223   263  114
08529820041224   223  160
08529820041225   238   79
08529820041226   220  100
08529820041227   192  119
08529820041228   185   82
08529820041229   201  112
08529820041230   219   75
08529820041231   251   75
08529820050101   238  135
08529820050102   209  118
08529820050103   224   71
08529820050104   275  131
08529820050105   227  154
08529820050106   184  127
08529820050107   202  101
08529820050108   213  109
08529820050109   220   98
08529820050110   230  134
08529820050111   356  100
08529820050112   280  171
08529820050113   271  109
08529820050114   327  146
08529820050115   198  166
08529820050116   216  148
08529820050117   217  112
08529820050118   230  120
08529820050119   349  122
08529820050120   282  177
08529820050121   262  148
08529820050122   235  100
08529820050123   251  113
08529820050124   250  138
08529820050125   322  173
08529820050126   345  170
08529820050127   331  189
08529820050128   348  163
08529820050129   220  187
08529820050130   254  140
08529820050131   290  127
08529820050201   375  122
08529820050202   167  130
08529820050203   189   96
08529820050204   210  117
08529820050205   222  124
08529820050206   232  136
08529820050207   339   85
08529820050208   181  139
08529820050209   220  130
08529820050210   204  119
08529820050211   216  113
08529820050212   212  145
08529820050213   217   90
08529820050214   308   91
08529820050215   186  132
08529820050216   202  100
08529820050217   207   92
08529820050218   288   90
08529820050219   238  125
08529820050220   212  154
08529820050221   236  158
08529820050222   248  134
08529820050223   248  160
08529820050224   312  163
08529820050225   225  170
08529820050226   235  131
08529820050227   229   80
08529820050228   310   92
08529820050301   371  114
08529820050302   225  137
08529820050303   216  136
08529820050304   237  143
08529820050305   179  145
08529820050306   199   84
08529820050307   212   98
08529820050308   212  129
08529820050309   225   98
08529820050310   227   90
08529820050311   287   92
08529820050312   307   85
08529820050313   344  142
08529820050314   256  149
08529820050315   266  157
08529820050316   168  137
08529820050317   193  100
08529820050318   205   97
08529820050319   221   70
08529820050320   242   82
08529820050321   220   93
08529820050322   211  122
08529820050323   210  125
08529820050324   210   94
08529820050325   174  120
08529820050326   200   60
08529820050327   242   67
08529820050328   222  118
08529820050329   203   91
08529820050330   223   65
08529820050331   256   70
08529820050401   318   92
08529820050402   325  112
08529820050403   286  157
08529820050404   184  105
08529820050405   223   48
08529820050406   270   62
08529820050407   220  121
08529820050408   250  110
08529820050409   340  110
08529820050410   342  130
08529820050411   231  147
08529820050412   203   66
08529820050413   282  107
08529820050414   180  116
08529820050415   186  105
08529820050416   215  116
08529820050417   246  114
08529820050418   217  118
08529820050419   184  132
08529820050420   198   58
08529820050421   210   70
08529820050422   258   62
08529820050423   217   80
08529820050424   267  103
08529820050425   233  122
08529820050426   204  140
08529820050427   217  147
08529820050428   282   64
08529820050429   178  123
08529820050430   202   50
08529820050501   180  116
08529820050502   190   29
08529820050503   196   28
08529820050504   232   61
08529820050505   247   65
08529820050506   172  123
08529820050507   182   57
08529820050508   181   26
08529820050509   187   15
08529820050510   188   20
08529820050511   188   70
08529820050512   171   57
08529820050513   170   73
08529820050514   192   54
08529820050515   177   26
08529820050516   163   79
08529820050517   179   65
08529820050518   171   57
08529820050519   172   71
08529820050520   174   50
08529820050521   180   46
08529820050522   203   70
08529820050523   218   51
08529820050524   230   91
08529820050525   151  117
08529820050526   146   66
08529820050527   141   85
08529820050528   143   91
08529820050529   152   76
08529820050530   161   48
08529820050531   161   97
08529820050601   150   63
08529820050602   153   41
08529820050603   156    3
08529820050604   168   -2
08529820050605   167   17
08529820050606   172   32
08529820050607   201   44
08529820050608   239   41
08529820050609   163   67
08529820050610   225   41
08529820050611   189   86
08529820050612   192   21
08529820050613   172    8
08529820050614   189   26
08529820050615   153    9
08529820050616   147   44
08529820050617   145   83
08529820050618   170    5
08529820050619   135   14
08529820050620   180   46
08529820050621   159   69
08529820050622   132   61
08529820050623   155   70
08529820050624   157   74
08529820050625   138    0
08529820050626   161  -10
08529820050627   155   -1
08529820050628   142   35
08529820050629   131  -12
08529820050630   140   54
08529820050701   141   82
08529820050702   148   80
08529820050703   157   90
08529820050704   172   88
08529820050705   173    2
08529820050706   184    6
08529820050707   150   32
08529820050708   121   67
08529820050709   105   53
08529820050710   133   50
08529820050711   121   65
08529820050712   100   68
08529820050713   112   50
08529820050714   127   62
08529820050715   130   68
08529820050716   159   21
08529820050717   112   40
08529820050718   143   45
08529820050719   150   38
08529820050720   166   23
08529820050721   166    8
08529820050722   183  -14
08529820050723   163   32
08529820050724   194  109
08529820050725   179   95
08529820050726   165   98
08529820050727   161   79
08529820050728   179   46
08529820050729   178   67
08529820050730   167   80
08529820050731   166   41
08529820050801   174   44
08529820050802   198   10
08529820050803   175   39
08529820050804   125   59
08529820050805   133   32
08529820050806   174   28
08529820050807   151   56
08529820050808   147   58
08529820050809   170   38
08529820050810    98   38
08529820050811   102   22
08529820050812   117   35
08529820050813   163   53
08529820050814   186   28
08529820050815   140   82
08529820050816   161   27
08529820050817   162    7
08529820050818   177   21
08529820050819   211   75
08529820050820   158  109
08529820050821   174   88
08529820050822   145   52
08529820050823   136   65
08529820050824   161   51
08529820050825   173   51
08529820050826   160   45
08529820050827   173    9
08529820050828   229   -3
08529820050829   208   16
08529820050830   223   76
08529820050831   152   86
