03217819941209   305  230
03217819941210   307  236
03217819941211   312  243
03217819941212   308  255
03217819941213   310  246
03217819941214   321  245
03217819941215   313  240
03217819941216   311  234
03217819941217   308  222
03217819941218   309  222
03217819941219   306  222
03217819941220   304  237
03217819941221   296  227
03217819941222   312  230
03217819941223   317  246
03217819941224   322  264
03217819941225   330  266
03217819941226   305  240
03217819941227   324  223
03217819941228   314  263
03217819941229   325  259
03217819941230   313  245
03217819941231   315  243
03217819950101   313  253
03217819950102   314  258
03217819950103   312  253
03217819950104   318  266
03217819950105   301  233
03217819950106   305  239
03217819950107   314  241
03217819950108  -999  249
03217819950109   320 -999
03217819950110   316  238
03217819950111   319  239
03217819950112   325  247
03217819950113   318  237
03217819950114   316  238
03217819950115   305  242
03217819950116   315  228
03217819950117   329  244
03217819950118   315  257
03217819950119   309  250
03217819950120   317  262
03217819950121   331  250
03217819950122   346  267
03217819950123   319  265
03217819950124   312  247
03217819950125   319  250
03217819950126   316  231
03217819950127   326  257
03217819950128   318  252
03217819950129   331  250
03217819950130   345  257
03217819950131   348  277
03217819950201   339  274
03217819950202   329  266
03217819950203  -999  227
03217819950204   331 -999
03217819950205   329  269
03217819950206   327  261
03217819950207   335  272
03217819950208   328  266
03217819950209   294  236
03217819950210   297  233
03217819950211   256  217
03217819950212   299  222
03217819950213   285  237
03217819950214   317  235
03217819950215   314  253
03217819950216   335  258
03217819950217   331  265
03217819950218   331  267
03217819950219   336  271
03217819950220   327  270
03217819950221   325  270
03217819950222   318  234
03217819950223   307  222
03217819950224   302  252
03217819950225   285  243
03217819950226   293  237
03217819950227   285  228
03217819950228   297  229
03217819950301   317  251
03217819950302   305  244
03217819950303   303  252
03217819950304   317  229
03217819950305   306  227
03217819950306   318  255
03217819950307   330  261
03217819950308   356  270
03217819950309   355  267
03217819950310   322  268
03217819950311   290  247
03217819950312   308  247
03217819950313   317  254
03217819950314   316  248
03217819950315   310  242
03217819950316   300  255
03217819950317   316  225
03217819950318   308  240
03217819950319   308  222
03217819950320   310  217
03217819950321   315  212
03217819950322   309  228
03217819950323   311  211
03217819950324   323  226
03217819950325   319  256
03217819950326   320  249
03217819950327   327  247
03217819950328   323  247
03217819950329   320  253
03217819950330   320  255
03217819950331   313  249
03217819950401   321  252
03217819950402   321  264
03217819950403   320  250
03217819950404   320  266
03217819950405   324  261
03217819950406   357  234
03217819950407   336  205
03217819950408   332  180
03217819950409   313  149
03217819950410   306  180
03217819950411   307  206
03217819950412   313  223
03217819950413   314  236
03217819950414   300  233
03217819950415   308  209
03217819950416   305  208
03217819950417   300  204
03217819950418   319  196
03217819950419   311  180
03217819950420   314  206
03217819950421   301  173
03217819950422   323  205
03217819950423   306  210
03217819950424   310  197
03217819950425   304  179
03217819950426   310  209
03217819950427   311  214
03217819950428   307  230
03217819950429   296  210
03217819950430   284  205
03217819950501   291  214
03217819950502   298  185
03217819950503   294  204
03217819950504   302  203
03217819950505   295  232
03217819950506   273  236
03217819950507   232  177
03217819950508   277  171
03217819950509   283  214
03217819950510   258  219
03217819950511   273  210
03217819950512   286  191
03217819950513   293  215
03217819950514   287  204
03217819950515   292  209
03217819950516   287  183
03217819950517   282  172
03217819950518   288  192
03217819950519   296  210
03217819950520   290  234
03217819950521   284  223
03217819950522   292  211
03217819950523   291  221
03217819950524   277  199
03217819950525   275  178
03217819950526   298  158
03217819950527   286  150
03217819950528   260  155
03217819950529   263  123
03217819950530   278  165
03217819950531   269  189
03217819950601   281  180
03217819950602   283  172
03217819950603   284  186
03217819950604   287  206
03217819950605   279  191
03217819950606   280  201
03217819950607   280  165
03217819950608   276  202
03217819950609   278  203
03217819950610   272  170
03217819950611   274  151
03217819950612   288  148
03217819950613   272 -999
03217819950614   271  194
03217819950615   286  205
03217819950616   262  186
03217819950617   228  147
03217819950618   226  121
03217819950619   207  158
03217819950620   243   50
03217819950621   259  104
03217819950622   243   72
03217819950623   234   80
03217819950624   268  154
03217819950625   272  161
03217819950626   261  184
03217819950627   253  154
03217819950628   257  130
03217819950629   288  171
03217819950630   249  112
03217819950701   242  107
03217819950702   255   91
03217819950703   237  100
03217819950704   257  154
03217819950705   244  166
03217819950706   254  163
03217819950707   252  157
03217819950708   246  162
03217819950709   252  152
03217819950710   250  126
03217819950711   266  132
03217819950712   272  129
03217819950713   263  128
03217819950714   307  141
03217819950715   312  149
03217819950716   285  130
03217819950717   252  144
03217819950718   260  143
03217819950719   273  139
03217819950720   256  171
03217819950721   234  106
03217819950722   242  103
03217819950723   267  123
03217819950724   261  139
03217819950725   237   98
03217819950726   251  130
03217819950727   256  117
03217819950728   275  107
03217819950729   255   81
03217819950730   256  121
03217819950731   270  196
03217819950801   263  220
03217819950802   251  200
03217819950803   255  198
03217819950804   258  191
03217819950805   258  170
03217819950806   160  158
03217819950807   183  127
03217819950808   208   91
03217819950809   221   70
03217819950810   225   97
03217819950811   248  148
03217819950812   258  170
03217819950813   253  128
03217819950814   258  136
03217819950815   214  180
03217819950816   234  155
03217819950817   254  172
03217819950818   261  208
03217819950819   261  204
03217819950820   255  207
03217819950821   262  197
03217819950822   266  171
03217819950823   277  164
03217819950824   275  198
03217819950825   272  206
03217819950826   265  171
03217819950827   276  185
03217819950828   270  198
03217819950829   265  195
03217819950830   256  172
03217819950831   258  192
03217819950901   254  175
03217819950902   257  155
03217819950903   263  211
03217819950904   277  198
03217819950905   276  213
03217819950906   309  183
03217819950907   232  165
03217819950908   240  153
03217819950909   252  177
03217819950910   263  189
03217819950911   260  159
03217819950912   265  185
03217819950913   269  184
03217819950914   269  182
03217819950915   251  169
03217819950916   270  175
03217819950917   261  162
03217819950918   271  190
03217819950919   276  209
03217819950920   270  211
03217819950921   284  209
03217819950922   275  167
03217819950923   278  219
03217819950924   289  219
03217819950925   295  226
03217819950926   316  211
03217819950927   284  148
03217819950928   274  154
03217819950929   272  162
03217819950930   270  202
03217819951001   268  200
03217819951002   277  205
03217819951003   309  221
03217819951004   291  204
03217819951005   277  208
03217819951006   274  209
03217819951007   294  196
03217819951008   305  219
03217819951009   307  228
03217819951010   283  215
03217819951011   284  200
03217819951012   277  200
03217819951013   282  219
03217819951014   298  210
03217819951015   299  213
03217819951016   245  190
03217819951017   281  198
03217819951018   284  202
03217819951019   287  200
03217819951020   279  201
03217819951021   288  199
03217819951022   315  226
03217819951023   304  234
03217819951024   306  216
03217819951025   299  239
03217819951026   274  205
03217819951027   292  233
03217819951028   294  223
03217819951029   285  219
03217819951030   291  187
03217819951031   301  205
03217819951101   298  202
03217819951102   298  243
03217819951103   304  236
03217819951104   301  232
03217819951105   297  239
03217819951106   308  255
03217819951107   317  257
03217819951108   316  245
03217819951109   311  233
03217819951110   306  217
03217819951111   306  245
03217819951112   315  243
03217819951113   315  239
03217819951114   303  227
03217819951115   301  231
03217819951116   305  241
03217819951117   306  245
03217819951118   307  255
03217819951119   303  262
03217819951120   316  261
03217819951121   290  233
03217819951122   320  229
03217819951123   360  237
03217819951124   327  200
03217819951125   309  259
03217819951126   308  264
03217819951127   304  246
03217819951128   305  248
03217819951129   307  235
03217819951130   310  256
03217819951201   328  254
03217819951202   315  258
03217819951203   326  245
03217819951204   291  246
03217819951205   315  228
03217819951206   324  230
03217819951207   318  262
03217819951208   312  260
03217819951209   307  249
03217819951210   315  256
03217819951211   317  246
03217819951212   311  267
03217819951213   305  212
03217819951214   310  228
03217819951215   309  241
03217819951216   309  244
03217819951217   340  242
03217819951218   347  254
03217819951219   361  263
03217819951220   416  280
03217819951221   405  262
03217819951222   338  249
03217819951223   319  241
03217819951224   359  240
03217819951225   302  265
03217819951226   307  248
03217819951227   300  238
03217819951228   302  220
03217819951229   306  245
03217819951230   311  255
03217819951231   310  256
03217819960101   302  248
03217819960102   312  254
03217819960103   302  254
03217819960104   319  246
03217819960105   302  248
03217819960106   274  235
03217819960107   295  235
03217819960108   306  245
03217819960109   344  242
03217819960110   341  250
03217819960111   374  249
03217819960112   332  246
03217819960113   315  267
03217819960114   332  247
03217819960115   315  246
03217819960116   319  259
03217819960117   318  228
03217819960118   326  230
03217819960119   309  242
03217819960120   307  248
03217819960121   306  253
03217819960122   312  247
03217819960123   319  256
03217819960124   316  259
03217819960125   325  256
03217819960126   304  238
03217819960127   316  243
03217819960128   317  244
03217819960129   320  262
03217819960130   336  260
03217819960131   322  258
03217819960201   322  250
03217819960202   313  246
03217819960203   314  241
03217819960204   322  266
03217819960205   295  257
03217819960206   318  247
03217819960207   313  249
03217819960208   315  257
03217819960209   313  250
03217819960210   336  238
03217819960211   340  225
03217819960212   318  222
03217819960213   316  234
03217819960214   320  219
03217819960215   305  249
03217819960216   316  254
03217819960217   320  250
03217819960218   313  246
03217819960219   324  251
03217819960220   327  248
03217819960221   330  255
03217819960222   322  240
03217819960223   324  241
03217819960224   305  240
03217819960225   316  236
03217819960226   316  225
03217819960227   309  243
03217819960228   315  241
03217819960229   319  237
03217819960301   316  260
03217819960302   321  262
03217819960303   332  256
03217819960304   308  235
03217819960305   310  254
03217819960306   327  245
03217819960307   318  248
03217819960308   320  226
03217819960309   322  204
03217819960310   314  232
03217819960311   290  238
03217819960312   293  219
03217819960313   314  237
03217819960314   318  242
03217819960315   310  251
03217819960316   302  235
03217819960317   307  235
03217819960318   325  223
03217819960319   310  239
03217819960320   315  225
03217819960321   310  236
03217819960322   320  218
03217819960323   325  238
03217819960324   318  227
03217819960325   323  229
03217819960326   328  214
03217819960327   312  216
03217819960328   313  247
03217819960329   312  230
03217819960330   320  224
03217819960331   311  242
03217819960401   315  200
03217819960402   303  215
03217819960403   309  233
03217819960404   314  242
03217819960405   323  240
03217819960406   315  252
03217819960407   317  230
03217819960408   304  207
03217819960409   311  211
03217819960410   303  229
03217819960411   307  230
03217819960412   317  228
03217819960413   322  240
03217819960414   320  256
03217819960415   317  262
03217819960416   330  226
03217819960417   316  250
03217819960418   312  229
03217819960419   298  236
03217819960420   255  200
03217819960421   310  178
03217819960422   322  172
03217819960423   307  192
03217819960424   303  232
03217819960425   310  229
03217819960426   321  230
03217819960427   315  225
03217819960428   312  237
03217819960429   288  236
03217819960430   292  219
03217819960501   321  214
03217819960502   314  210
03217819960503   303  180
03217819960504   296  199
03217819960505   280  242
03217819960506   292  216
03217819960507   298  210
03217819960508   291  228
03217819960509   305  228
03217819960510   286  210
03217819960511   295  203
03217819960512   290  174
03217819960513   289  188
03217819960514   294  177
03217819960515   289  169
03217819960516   295  191
03217819960517   283  180
03217819960518   278  131
03217819960519   285  120
03217819960520   296  145
03217819960521   281  150
03217819960522   266  152
03217819960523   272  139
03217819960524   274  178
03217819960525   289  218
03217819960526   276  216
03217819960527   287  184
03217819960528   275  179
03217819960529   279  152
03217819960530   280  207
03217819960531   285  173
03217819960601   288  216
03217819960602   292  174
03217819960603   285  207
03217819960604   291  190
03217819960605   280  200
03217819960606   252  160
03217819960607   267  157
03217819960608   272  178
03217819960609   274  200
03217819960610   252  210
03217819960611   251  175
03217819960612   267  129
03217819960613   235  141
03217819960614   213  174
03217819960615   258  143
03217819960616   251  127
03217819960617   261  134
03217819960618   273  134
03217819960619   260  139
03217819960620   260  138
03217819960621   270  117
03217819960622   264  129
03217819960623   269  170
03217819960624   283  155
03217819960625   279  150
03217819960626   277  150
03217819960627   318  167
03217819960628   276  153
03217819960629   246  118
03217819960630   265  113
03217819960701   260  110
03217819960702   247   90
03217819960703   267  142
03217819960704   247  177
03217819960705   271  192
03217819960706   270  208
03217819960707   247  196
03217819960708   255  181
03217819960709   252  118
03217819960710   248   95
03217819960711   253  100
03217819960712   270  110
03217819960713   241  153
03217819960714   234   82
03217819960715   238   72
03217819960716   225   69
03217819960717   231   66
03217819960718   255   95
03217819960719   261  122
03217819960720   275  140
03217819960721   276  167
03217819960722   250   66
03217819960723   241   82
03217819960724   254  118
03217819960725   255  127
03217819960726   267  178
03217819960727   266  180
03217819960728   268  108
03217819960729   262  103
03217819960730   257   82
03217819960731   259   97
03217819960801   251   70
03217819960802   277  131
03217819960803   269  183
03217819960804   269  191
03217819960805   271  160
03217819960806   272  181
03217819960807   277  205
03217819960808   276  186
03217819960809   242  200
03217819960810   234  140
03217819960811   235  107
03217819960812   259  138
03217819960813   261  136
03217819960814   259  166
03217819960815   259  162
03217819960816   266  151
03217819960817   276  144
03217819960818   282  177
03217819960819   270  193
03217819960820   224  138
03217819960821   238   73
03217819960822   254  117
03217819960823   261  139
03217819960824   272  122
03217819960825   279  133
03217819960826   273  207
03217819960827   273  208
03217819960828   269  190
03217819960829   273  190
03217819960830   289  211
03217819960831   292  185
03217819960901   270  149
03217819960902   281  106
03217819960903   291  122
03217819960904   266  108
03217819960905   256  134
03217819960906   269  112
03217819960907   262  138
03217819960908   262  131
03217819960909   272  119
03217819960910   284  114
03217819960911   290  137
03217819960912   277  150
03217819960913   337  166
03217819960914   305  140
03217819960915   277  186
03217819960916   269  196
03217819960917   276  205
03217819960918   277  166
03217819960919   277  230
03217819960920   293  227
03217819960921   279  181
03217819960922   276  129
03217819960923   259  102
03217819960924   277  159
03217819960925   272  171
03217819960926   273  150
03217819960927   278  212
03217819960928   288  213
03217819960929   294  240
03217819960930   310  252
03217819961001   323  251
03217819961002   282  223
03217819961003   298  232
03217819961004   296  232
03217819961005   294  229
03217819961006   288  227
03217819961007   294  229
03217819961008   295  215
03217819961009   257  202
03217819961010   274  210
03217819961011   275  217
03217819961012   300  226
03217819961013   294  243
03217819961014   297  233
03217819961015   286  213
03217819961016   287  213
03217819961017   290  222
03217819961018   284  226
03217819961019   295  228
03217819961020   296  241
03217819961021   308  242
03217819961022   297  231
03217819961023   292  204
03217819961024   285  215
03217819961025   282  211
03217819961026   280  187
03217819961027   275  194
03217819961028   280  205
03217819961029   284  203
03217819961030   288  215
03217819961031   286  210
03217819961101   297  227
03217819961102   289  225
03217819961103   292  215
03217819961104   284  216
03217819961105   286  219
03217819961106   297  225
03217819961107   313  198
03217819961108   310  233
03217819961109   317  231
03217819961110   310  240
03217819961111   351  237
03217819961112   301  235
03217819961113   309  254
03217819961114   313  253
03217819961115   310  261
03217819961116   311  258
03217819961117   314  254
03217819961118   314  234
03217819961119   338  250
03217819961120   310  255
03217819961121   322  247
03217819961122   316  256
03217819961123   304  202
03217819961124   300  244
03217819961125   297  237
03217819961126   306  234
03217819961127   311  218
03217819961128   303  209
03217819961129   305  222
03217819961130   306  215
03217819961201   315  243
03217819961202   321  245
03217819961203   331  254
03217819961204   326  267
03217819961205   335  262
03217819961206   330  276
03217819961207   329  262
03217819961208   335  245
03217819961209   328  260
03217819961210   319  232
03217819961211   325  262
03217819961212   324  261
03217819961213   331  261
03217819961214   320  249
03217819961215   315  254
03217819961216   316  245
03217819961217   310  240
03217819961218   315  252
03217819961219   330  243
03217819961220   333  241
03217819961221   333  251
03217819961222   332  239
03217819961223   301  240
03217819961224   325  241
03217819961225   313  242
03217819961226   313  246
03217819961227   311  242
03217819961228   306  226
03217819961229   315  240
03217819961230   346  252
03217819961231   332  269
03217819970101   310  225
03217819970102   306  256
03217819970103   308  248
03217819970104   308  223
03217819970105   312  226
03217819970106   302  231
03217819970107   317  238
03217819970108   332  238
03217819970109   335  249
03217819970110   315  268
03217819970111   307  239
03217819970112   315  245
03217819970113   313  210
03217819970114   315  243
03217819970115   314  228
03217819970116   319  235
03217819970117   322  260
03217819970118   298  242
03217819970119   303  231
03217819970120   306  234
03217819970121   313  232
03217819970122   292  250
03217819970123   318  225
03217819970124   320  255
03217819970125   317  238
03217819970126   317  249
03217819970127   320  241
03217819970128   322  263
03217819970129   320  268
03217819970130   312  245
03217819970131   307  241
03217819970201   311  244
03217819970202   287  246
03217819970203   278  246
03217819970204   272  241
03217819970205   303  227
03217819970206   305  235
03217819970207   310  232
03217819970208   308  245
03217819970209   307  247
03217819970210   310  252
03217819970211   306  249
03217819970212   279  235
03217819970213   304  244
03217819970214   289  242
03217819970215   302  244
03217819970216   315  245
03217819970217   317  248
03217819970218   320  251
03217819970219   318  255
03217819970220   318  244
03217819970221   301  240
03217819970222   302  234
03217819970223   306  237
03217819970224   306  242
03217819970225   320  250
03217819970226   310  254
03217819970227   318  257
03217819970228   317  266
03217819970301   305  241
03217819970302   289  249
03217819970303   308  241
03217819970304   312  252
03217819970305   307  247
03217819970306   328  254
03217819970307   346  259
03217819970308   317  261
03217819970309   318  268
03217819970310   285  251
03217819970311   313  249
03217819970312   292  246
03217819970313   315  236
03217819970314   313  222
03217819970315   299  222
03217819970316   306  209
03217819970317   305  220
03217819970318   311  208
03217819970319   318  214
03217819970320   306  216
03217819970321   318  236
03217819970322   273  239
03217819970323   257  227
03217819970324   280  210
03217819970325   298  226
03217819970326   290  230
03217819970327   291  224
03217819970328   301  228
03217819970329   299  219
03217819970330   294  226
03217819970331   286  208
03217819970401   282  207
03217819970402   286  222
03217819970403   292  209
03217819970404   300  213
03217819970405   300  212
03217819970406   302  199
03217819970407   312  192
03217819970408   297  179
03217819970409   298  212
03217819970410   291  230
03217819970411   287  192
03217819970412   282  200
03217819970413   286  196
03217819970414   292  206
03217819970415   296  174
03217819970416   293  174
03217819970417   291  206
03217819970418   283  206
03217819970419   287  177
03217819970420   287  171
03217819970421   297  179
03217819970422   294  194
03217819970423   295  200
03217819970424   293  195
03217819970425   286  195
03217819970426   290  195
03217819970427   286  187
03217819970428   295  189
03217819970429   287  204
03217819970430   285  188
03217819970501   287  198
03217819970502   285  189
03217819970503   284  173
03217819970504   288  177
03217819970505   289  179
03217819970506   286  191
03217819970507   281  220
03217819970508   292  185
03217819970509   294  199
03217819970510   262  149
03217819970511   254  103
03217819970512   254   99
03217819970513   266  110
03217819970514   257  189
03217819970515   248  200
03217819970516   209  174
03217819970517   223  181
03217819970518   258  163
03217819970519   270  131
03217819970520   258  132
03217819970521   268  147
03217819970522   259  160
03217819970523   274  165
03217819970524   280  169
03217819970525   268  146
03217819970526   255  140
03217819970527   257  144
03217819970528   264  155
03217819970529   266  153
03217819970530   281  155
03217819970531   268  175
03217819970601   237  136
03217819970602   240   77
03217819970603   247  159
03217819970604   261  179
03217819970605   264  162
03217819970606   261  172
03217819970607   276  168
03217819970608   271  155
03217819970609   266  157
03217819970610   265  169
03217819970611   261  160
03217819970612   255  130
03217819970613   248  190
03217819970614   255  203
03217819970615   254  184
03217819970616   218  144
03217819970617   230  123
03217819970618   247  112
03217819970619   262  149
03217819970620   240  165
03217819970621   255  162
03217819970622   254  145
03217819970623   250  199
03217819970624   261  185
03217819970625   252  182
03217819970626   247  158
03217819970627   244  166
03217819970628   235  145
03217819970629   224  110
03217819970630   215   85
03217819970701   243  102
03217819970702   248  161
03217819970703   260  172
03217819970704   245  183
03217819970705   242  146
03217819970706   240  137
03217819970707   240  100
03217819970708   256  125
03217819970709   255  178
03217819970710   267  170
03217819970711   267  127
03217819970712   263  184
03217819970713   262  176
03217819970714   252  149
03217819970715   255  145
03217819970716   244  136
03217819970717   268  127
03217819970718   234  142
03217819970719   253  129
03217819970720   248  134
03217819970721   252  142
03217819970722   247  124
03217819970723   246  140
03217819970724   239  125
03217819970725   250  178
03217819970726   252  135
03217819970727   245  135
03217819970728   246  131
03217819970729   252  126
03217819970730   246  148
03217819970731   257  122
03217819970801   256  126
03217819970802   254  142
03217819970803   244  127
03217819970804   243  110
03217819970805   247  167
03217819970806   235  115
03217819970807   246  144
03217819970808   260  134
03217819970809   266  184
03217819970810   268  102
03217819970811   252  155
03217819970812   260  118
03217819970813   288  123
03217819970814   251  175
03217819970815   255  165
03217819970816   248  133
03217819970817   257  138
03217819970818   252  145
03217819970819   291  148
03217819970820   271  180
03217819970821   262  171
03217819970822   253  130
03217819970823   246  131
03217819970824   265  137
03217819970825   269  135
03217819970826   241   98
03217819970827   241   97
03217819970828   242   99
03217819970829   257  105
03217819970830   246  192
03217819970831   227  192
03217819970901   240  195
03217819970902   265  205
03217819970903   270  200
03217819970904   280  209
03217819970905   275  190
03217819970906   286  171
03217819970907   279  143
03217819970908   281  157
03217819970909   331  207
03217819970910   266  181
03217819970911   259  154
03217819970912   264  159
03217819970913   263  166
03217819970914   263  147
03217819970915   262  152
03217819970916   265  146
03217819970917   272  136
03217819970918   267  144
03217819970919   265  185
03217819970920   270  203
03217819970921   277  180
03217819970922   278  175
03217819970923   290  186
03217819970924   280  209
03217819970925   284  197
03217819970926   294  216
03217819970927   306  220
03217819970928   305  215
03217819970929   298  218
03217819970930   290  223
03217819971001   270  225
03217819971002   274  210
03217819971003   276  202
03217819971004   289  203
03217819971005   281  218
03217819971006   286  201
03217819971007   288  211
03217819971008   295  210
03217819971009   313  189
03217819971010   298  218
03217819971011   288  211
03217819971012   287  174
03217819971013   305  173
03217819971014   294  193
03217819971015   288  234
03217819971016   289  211
03217819971017   286  203
03217819971018   294  176
03217819971019   287  194
03217819971020   296  207
03217819971021   296  210
03217819971022   290  198
03217819971023   288  191
03217819971024   286  196
03217819971025   284  200
03217819971026   290  203
03217819971027   300  208
03217819971028   286  186
03217819971029   282  169
03217819971030   283  180
03217819971031   285  212
03217819971101   289  212
03217819971102   290  195
03217819971103   288  200
03217819971104   300  226
03217819971105   294  231
03217819971106   307  242
03217819971107   305  234
03217819971108   303  237
03217819971109   300  235
03217819971110   300  236
03217819971111   301  230
03217819971112   306  242
03217819971113   309  248
03217819971114   307  256
03217819971115   313  250
03217819971116   314  246
03217819971117   305  242
03217819971118   305  235
03217819971119   309  236
03217819971120   315  246
03217819971121   313  229
03217819971122   310  234
03217819971123   308  238
03217819971124   309  224
03217819971125   320  232
03217819971126   311  232
03217819971127   314  243
03217819971128   317  235
03217819971129   321  240
03217819971130   329  254
03217819971201   325  252
03217819971202   332  259
03217819971203   330  265
03217819971204   323  255
03217819971205   320  262
03217819971206   325  246
03217819971207   330  256
03217819971208   325  260
03217819971209   323  256
03217819971210   327  248
03217819971211   322  250
03217819971212   319  241
03217819971213   307  239
03217819971214   300  254
03217819971215   327  250
03217819971216   312  235
03217819971217   315  266
03217819971218   329  262
03217819971219   325  267
03217819971220   322  267
03217819971221   322  245
03217819971222   278  226
03217819971223   285  221
03217819971224   305  238
03217819971225   308  250
03217819971226   305  257
03217819971227   292  242
03217819971228   285  225
03217819971229   270  234
03217819971230   305  235
03217819971231   300  242
03217819980101   315  235
03217819980102   315  246
03217819980103   311  241
03217819980104   313  251
03217819980105   311  256
03217819980106   307  257
03217819980107   310  246
03217819980108   305  248
03217819980109   260  230
03217819980110   272  211
03217819980111   269  224
03217819980112   284  239
03217819980113   304  236
03217819980114   300  247
03217819980115   318  248
03217819980116   314  259
03217819980117   290  238
03217819980118   319  235
03217819980119   327  239
03217819980120   321  243
03217819980121   319  252
03217819980122   315  259
03217819980123   320  263
03217819980124   330  265
03217819980125   325  265
03217819980126   327  266
03217819980127   342  240
03217819980128   328  235
03217819980129   327  269
03217819980130   325  277
03217819980131   325  272
03217819980201   320  270
03217819980202   323  263
03217819980203   322  260
03217819980204   326  262
03217819980205   321  264
03217819980206   322  264
03217819980207   322  258
03217819980208   318  246
03217819980209   316  257
03217819980210   318  254
03217819980211   325  260
03217819980212   329  263
03217819980213   306  251
03217819980214   316  232
03217819980215   313  252
03217819980216   314  243
03217819980217   312  228
03217819980218   322  256
03217819980219   326  253
03217819980220   326  247
03217819980221   330  266
03217819980222   331  270
03217819980223   326  269
03217819980224   340  267
03217819980225   292  242
03217819980226   289  236
03217819980227   309  230
03217819980228   310  257
03217819980301   300  231
03217819980302   275  227
03217819980303   282  224
03217819980304   263  224
03217819980305   290  230
03217819980306   307  235
03217819980307   305  228
03217819980308   304  230
03217819980309   307  238
03217819980310   317  271
03217819980311   322  250
03217819980312   312  231
03217819980313   318  240
03217819980314   302  232
03217819980315   303  215
03217819980316   309  221
03217819980317   315  224
03217819980318   323  245
03217819980319   331  245
03217819980320   326  249
03217819980321   318  222
03217819980322   313  232
03217819980323   312  234
03217819980324   312  228
03217819980325   315  222
03217819980326   316  236
03217819980327   315  214
03217819980328   325  235
03217819980329   320  220
03217819980330   318  226
03217819980331   322  242
03217819980401   316  247
03217819980402   305  221
03217819980403   315  232
03217819980404   324  235
03217819980405   303  214
03217819980406   291  213
03217819980407   305  225
03217819980408   308  223
03217819980409   308  215
03217819980410   296  203
03217819980411   299  203
03217819980412   305  214
03217819980413   286  240
03217819980414   308  252
03217819980415   311  249
03217819980416   309  246
03217819980417   308  218
03217819980418   296  237
03217819980419   313  225
03217819980420   307  226
03217819980421   300  231
03217819980422   311  245
03217819980423   306  201
03217819980424   304  230
03217819980425   305  226
03217819980426   278  219
03217819980427   302  231
03217819980428   298  246
03217819980429   292  220
03217819980430   308  202
03217819980501   313  227
03217819980502   298  236
03217819980503   300  231
03217819980504   289  239
03217819980505   279  195
03217819980506   292  194
03217819980507   285  190
03217819980508   283  226
03217819980509   280  206
03217819980510   271  176
03217819980511   291  171
03217819980512   286  205
03217819980513   286  194
03217819980514   260  220
03217819980515   261  211
03217819980516   287  204
03217819980517   284  217
03217819980518   274  216
03217819980519   295  202
03217819980520   280  153
03217819980521   281  135
03217819980522   265  143
03217819980523   256  154
03217819980524   272  155
03217819980525   274  146
03217819980526   259  150
03217819980527   274  156
03217819980528   281  175
03217819980529   278  182
03217819980530   270  209
03217819980531   287  206
03217819980601   260  212
03217819980602   273  198
03217819980603   275  193
03217819980604   272  174
03217819980605   272  175
03217819980606   280  173
03217819980607   279  162
03217819980608   277  163
03217819980609   262  160
03217819980610   260  141
03217819980611   247  106
03217819980612   250  105
03217819980613   253  113
03217819980614   252  110
03217819980615   272  145
03217819980616   265  196
03217819980617   275  186
03217819980618   254  178
03217819980619   267  156
03217819980620   267  179
03217819980621   258  212
03217819980622   266  179
03217819980623   236  164
03217819980624   205  167
03217819980625   255  139
03217819980626   224  154
03217819980627   239  110
03217819980628   257  181
03217819980629   278  170
03217819980630   248  185
03217819980701   217  134
03217819980702   221   92
03217819980703   253  106
03217819980704   244  186
03217819980705   270  190
03217819980706   266  197
03217819980707   259  163
03217819980708   269  149
03217819980709   267  146
03217819980710   257  155
03217819980711   187  173
03217819980712   223  133
03217819980713   240  138
03217819980714   247  138
03217819980715   250  135
03217819980716   253  166
03217819980717   260  188
03217819980718   265  204
03217819980719   262  209
03217819980720   275  209
03217819980721   276  213
03217819980722   287  190
03217819980723   276  215
03217819980724   265  185
03217819980725   255  192
03217819980726   264  170
03217819980727   270  176
03217819980728   275  183
03217819980729   283  198
03217819980730   235  166
03217819980731   243  131
03217819980801   205  118
03217819980802   245   80
03217819980803   268  158
03217819980804   265  170
03217819980805   267  192
03217819980806   264  181
03217819980807   289  187
03217819980808   291  186
03217819980809   255  151
03217819980810   261   97
03217819980811   260  125
03217819980812   270  141
03217819980813   252  175
03217819980814   261  200
03217819980815   270  155
03217819980816   267  159
03217819980817   274  176
03217819980818   285  178
03217819980819   275  178
03217819980820   272  175
03217819980821   275  202
03217819980822   274  202
03217819980823   281  194
03217819980824   302  216
03217819980825   275  195
03217819980826   272  206
03217819980827   272  170
03217819980828   270  171
03217819980829   277  174
03217819980830   236  188
03217819980831   235  191
03217819980901   282  204
03217819980902   270  219
03217819980903   271  223
03217819980904   267  220
03217819980905   264  190
03217819980906   282  212
03217819980907   280  227
03217819980908   275  225
03217819980909   258  195
03217819980910   277  195
03217819980911   270  200
03217819980912   278  214
03217819980913   285  232
03217819980914   286  207
03217819980915   300  208
03217819980916   276  194
03217819980917   260  168
03217819980918   275  170
03217819980919   287  216
03217819980920   295  216
03217819980921   282  226
03217819980922   275  211
03217819980923   272  199
03217819980924   282  195
03217819980925   286  206
03217819980926   274  216
03217819980927   276  203
03217819980928   279  207
03217819980929   288  215
03217819980930   281  217
03217819981001   296  203
03217819981002   282  214
03217819981003   280  194
03217819981004   280  210
03217819981005   280  191
03217819981006   285  213
03217819981007   301  225
03217819981008   300  247
03217819981009   305  234
03217819981010   316  256
03217819981011   302  248
03217819981012   307  254
03217819981013   297  257
03217819981014   320  224
03217819981015   313  245
03217819981016   304  249
03217819981017   300  210
03217819981018   290  215
03217819981019   296  221
03217819981020   309  237
03217819981021   309  232
03217819981022   290  235
03217819981023   296  231
03217819981024   302  240
03217819981025   303  248
03217819981026   317  248
03217819981027   303  241
03217819981028   315  238
03217819981029   300  225
03217819981030   296  244
03217819981031   284  234
03217819981101   262  240
03217819981102   295  220
03217819981103   292  220
03217819981104   287  208
03217819981105   273  200
03217819981106   293  217
03217819981107   286  229
03217819981108   288  233
03217819981109   296  234
03217819981110   299  235
03217819981111   290  234
03217819981112   286  239
03217819981113   283  224
03217819981114   306  235
03217819981115   309  244
03217819981116   320  240
03217819981117   310  254
03217819981118   307  241
03217819981119   312  250
03217819981120   305  246
03217819981121   287  211
03217819981122   291  222
03217819981123   304  234
03217819981124   315  265
03217819981125   315  244
03217819981126   313  221
03217819981127   306  225
03217819981128   300  255
03217819981129   314  257
03217819981130   310  258
03217819981201   307  252
03217819981202   320  249
03217819981203   305  215
03217819981204   291  217
03217819981205   305  187
03217819981206   305  205
03217819981207   302  232
03217819981208   303  250
03217819981209   301  234
03217819981210   290  230
03217819981211   272  227
03217819981212   293  224
03217819981213   312  225
03217819981214   309  239
03217819981215   304  250
03217819981216   315  248
03217819981217   314  245
03217819981218   313  249
03217819981219   321  246
03217819981220   329  274
03217819981221   325  242
03217819981222   322  245
03217819981223   310  242
03217819981224   331  234
03217819981225   314  242
03217819981226   307  251
03217819981227   327  254
03217819981228   350  255
03217819981229   325  264
03217819981230   303  236
03217819981231   309  249
03217819990101   306  239
03217819990102   288  240
03217819990103   310  254
03217819990104   310  260
03217819990105   306  255
03217819990106   316  242
03217819990107   314  237
03217819990108   311  230
03217819990109   306  232
03217819990110   320  252
03217819990111   325  266
03217819990112   331  254
03217819990113   335  243
03217819990114   313  234
03217819990115   304  236
03217819990116   295  236
03217819990117   317  253
03217819990118   339  252
03217819990119   330  251
03217819990120   316  260
03217819990121   321  244
03217819990122   335  244
03217819990123   317  244
03217819990124   320  250
03217819990125   312  250
03217819990126   316  235
03217819990127   295  269
03217819990128   310  250
03217819990129   330  256
03217819990130   336  261
03217819990131   329  275
03217819990201   326  268
03217819990202   327  264
03217819990203   323  252
03217819990204   315  243
03217819990205   258  230
03217819990206   293  228
03217819990207   317  227
03217819990208   327  248
03217819990209   319  261
03217819990210   276  256
03217819990211   307  246
03217819990212   296  248
03217819990213   287  235
03217819990214   272  240
03217819990215   302  248
03217819990216   327  260
03217819990217   343  257
03217819990218   365  264
03217819990219   354  262
03217819990220   321  272
03217819990221   305  254
03217819990222   315  252
03217819990223   311  258
03217819990224   314  256
03217819990225   311  231
03217819990226   307  244
03217819990227   302  233
03217819990228   280  240
03217819990301   305  241
03217819990302   307  249
03217819990303   310  253
03217819990304   319  261
03217819990305   307  242
03217819990306   323  257
03217819990307   321  256
03217819990308   317  255
03217819990309   291  232
03217819990310   298  233
03217819990311   305  232
03217819990312   306  233
03217819990313   305  235
03217819990314   324  235
03217819990315   313  233
03217819990316   307  241
03217819990317   293  248
03217819990318   314  234
03217819990319   315  241
03217819990320   307  234
03217819990321   303  235
03217819990322   305  240
03217819990323   312  245
03217819990324   310  239
03217819990325   305  236
03217819990326   308  224
03217819990327   303  222
03217819990328   306  228
03217819990329   297  217
03217819990330   308  237
03217819990331   310  229
03217819990401   317  234
03217819990402   305  242
03217819990403   306  245
03217819990404   310  231
03217819990405   305  237
03217819990406   307  230
03217819990407   305  245
03217819990408   309  220
03217819990409   294  222
03217819990410   303  224
03217819990411   297  209
03217819990412   291  200
03217819990413   303  227
03217819990414   295  226
03217819990415   297  202
03217819990416   297  204
03217819990417   291  233
03217819990418   266  215
03217819990419   287  226
03217819990420   298  236
03217819990421   289  231
03217819990422   277  216
03217819990423   240  204
03217819990424   249  179
03217819990425   265  201
03217819990426   246  214
03217819990427   290  183
03217819990428   284  156
03217819990429   268  155
03217819990430   270  188
03217819990501   227  180
03217819990502   270  134
03217819990503   274  146
03217819990504   279  165
03217819990505   279  184
03217819990506   282  207
03217819990507   285  192
03217819990508   284  160
03217819990509   264  210
03217819990510   250  194
03217819990511   263  175
03217819990512   267  175
03217819990513   282  183
03217819990514   277  177
03217819990515   285  173
03217819990516   280  168
03217819990517   284  173
03217819990518   260  200
03217819990519   295  181
03217819990520   277  158
03217819990521   271  185
03217819990522   277  156
03217819990523   282  164
03217819990524   275  163
03217819990525   268  174
03217819990526   277  204
03217819990527   262  159
03217819990528   274  155
03217819990529   291  185
03217819990530   290  220
03217819990531   277  187
03217819990601   286  167
03217819990602   277  195
03217819990603   268  172
03217819990604   274  172
03217819990605   275  185
03217819990606   272  171
03217819990607   265  159
03217819990608   270  180
03217819990609   280  180
03217819990610   283  184
03217819990611   271  188
03217819990612   258  183
03217819990613   268  209
03217819990614   279  192
03217819990615   253  161
03217819990616   253  112
03217819990617   249  118
03217819990618   243  129
03217819990619   236  110
03217819990620   242  105
03217819990621   256  131
03217819990622   257  143
03217819990623   229  171
03217819990624   248  125
03217819990625   242  101
03217819990626   256  164
03217819990627   256  138
03217819990628   248  154
03217819990629   246  147
03217819990630   256  134
03217819990701   282  122
03217819990702   209  156
03217819990703   206  147
03217819990704   214  160
03217819990705   241  157
03217819990706   259  155
03217819990707   257  168
03217819990708   275  178
03217819990709   256  162
03217819990710   278  144
03217819990711   257  124
03217819990712   256  114
03217819990713   259  115
03217819990714   264  107
03217819990715   265  109
03217819990716   260  107
03217819990717   257   78
03217819990718   244   90
03217819990719   245  104
03217819990720   265  107
03217819990721   275   93
03217819990722   243  105
03217819990723   220  119
03217819990724   203  136
03217819990725   232  116
03217819990726   255  133
03217819990727   251  140
03217819990728   247  153
03217819990729   245  142
03217819990730   257  134
03217819990731   256  184
03217819990801   247  135
03217819990802   245  110
03217819990803   252  132
03217819990804   255  124
03217819990805   234  172
03217819990806   252  167
03217819990807   252  183
03217819990808   247  181
03217819990809   245  135
03217819990810   259  149
03217819990811   267  192
03217819990812   257  145
03217819990813   250  158
03217819990814   295  135
03217819990815   252  150
03217819990816   236  100
03217819990817   261  108
03217819990818   260  139
03217819990819   254  129
03217819990820   247  138
03217819990821   267  189
03217819990822   265  127
03217819990823   259  145
03217819990824   262  147
03217819990825   254  184
03217819990826   268  179
03217819990827   256  147
03217819990828   255  153
03217819990829   260  138
03217819990830   251  156
03217819990831   276  139
03217819990901   280  188
03217819990902   270  202
03217819990903   268  195
03217819990904   258  156
03217819990905   266  150
03217819990906   274  155
03217819990907   269  170
03217819990908   270  172
03217819990909   274  212
03217819990910   266  202
03217819990911   287  178
03217819990912   276  128
03217819990913   266  201
03217819990914   274  182
03217819990915   269  194
03217819990916   274  182
03217819990917   278  153
03217819990918   315  179
03217819990919   286  153
03217819990920   274  173
03217819990921   273  166
03217819990922   270  169
03217819990923   270  170
03217819990924   282  152
03217819990925   285  200
03217819990926   281  149
03217819990927   296  188
03217819990928   272  219
03217819990929   287  211
03217819990930   287  188
03217819991001   289  216
03217819991002   283  218
03217819991003   277  220
03217819991004   291  221
03217819991005   297  220
03217819991006   287  222
03217819991007   294  218
03217819991008   287  185
03217819991009   280  215
03217819991010   276  186
03217819991011   275  220
03217819991012   282  194
03217819991013   290  171
03217819991014   285  169
03217819991015   292  199
03217819991016   287  220
03217819991017   302  232
03217819991018   291  210
03217819991019   283  215
03217819991020   289  162
03217819991021   292  219
03217819991022   298  227
03217819991023   292  231
03217819991024   317  207
03217819991025   319  210
03217819991026   306  247
03217819991027   303  232
03217819991028   311  250
03217819991029   306  247
03217819991030   304  245
03217819991031   310  249
03217819991101   311  246
03217819991102   310  239
03217819991103   306  231
03217819991104   297  225
03217819991105   294  222
03217819991106   290  225
03217819991107   306  240
03217819991108   316  256
03217819991109   334  240
03217819991110   312  233
03217819991111   294  230
03217819991112   294  232
03217819991113   287  228
03217819991114   285  220
03217819991115   289  176
03217819991116   300  205
03217819991117   310  223
03217819991118   300  234
03217819991119   286  218
03217819991120   280  228
03217819991121   285  226
03217819991122   282  239
03217819991123   285  213
03217819991124   295  229
03217819991125   303  241
03217819991126   275  227
03217819991127   247  205
03217819991128   270  204
03217819991129   286  215
03217819991130   284  213
03217819991201   292  215
03217819991202   294  231
03217819991203   292  223
03217819991204   289  211
03217819991205   298  210
03217819991206   290  208
03217819991207   295  199
03217819991208   292  208
03217819991209   289  234
03217819991210   295  236
03217819991211   310  225
03217819991212   299  241
03217819991213   302  249
03217819991214   293  241
03217819991215   297  230
03217819991216   294  212
03217819991217   311  235
03217819991218   324  252
03217819991219   325  245
03217819991220   316  250
03217819991221   310  245
03217819991222   301  206
03217819991223   285  230
03217819991224   276  231
03217819991225   263  224
03217819991226   293  232
03217819991227   310  238
03217819991228   337  250
03217819991229   340  227
03217819991230   317  219
03217819991231   340  245
03217820000101   326  223
03217820000102   314  268
03217820000103   305  251
03217820000104   305  251
03217820000105   301  249
03217820000106   305  240
03217820000107   304  260
03217820000108   310  255
03217820000109   312  253
03217820000110   304  256
03217820000111   307  246
03217820000112   266  208
03217820000113   280  221
03217820000114   292  217
03217820000115   296  207
03217820000116   312  229
03217820000117   305  237
03217820000118   303  241
03217820000119   299  242
03217820000120   319  237
03217820000121   331  231
03217820000122   335  283
03217820000123   327  270
03217820000124   305  232
03217820000125   308  265
03217820000126   302  250
03217820000127   301  251
03217820000128   314  258
03217820000129   305  254
03217820000130   315  250
03217820000131   323  238
03217820000201   325  221
03217820000202   319  255
03217820000203   319  234
03217820000204   305  256
03217820000205   300  241
03217820000206   255  233
03217820000207   265  232
03217820000208   306  231
03217820000209   310  246
03217820000210   300  245
03217820000211   312  247
03217820000212   299  251
03217820000213   303  249
03217820000214   302  256
03217820000215   282  255
03217820000216   284  240
03217820000217   272  241
03217820000218   276  226
03217820000219   300  231
03217820000220   298  233
03217820000221   303  244
03217820000222   296  240
03217820000223   286  246
03217820000224   279  234
03217820000225   291  234
03217820000226   310  240
03217820000227   297  242
03217820000228   275  236
03217820000229   301  232
03217820000301   300  239
03217820000302   302  213
03217820000303   300  219
03217820000304   292  213
03217820000305   295  223
03217820000306   302  224
03217820000307   301  218
03217820000308   303  229
03217820000309   313  250
03217820000310   307  244
03217820000311   308  242
03217820000312   306  237
03217820000313   309  226
03217820000314   300  229
03217820000315   308  206
03217820000316   301  235
03217820000317   274  231
03217820000318   302  230
03217820000319   304  215
03217820000320   294  237
03217820000321   295  214
03217820000322   292  220
03217820000323   293  214
03217820000324   309  216
03217820000325   296  220
03217820000326   300  225
03217820000327   295  224
03217820000328   335  217
03217820000329   319  230
03217820000330   320  244
03217820000331   306  235
03217820000401   319  224
03217820000402   300  247
03217820000403   271  230
03217820000404   296  228
03217820000405   297  215
03217820000406   303  220
03217820000407   266  234
03217820000408   290  225
03217820000409   300  234
03217820000410   305  233
03217820000411   300  240
03217820000412   299  221
03217820000413   280  218
03217820000414   292  213
03217820000415   295  219
03217820000416   285  214
03217820000417   290  218
03217820000418   293  218
03217820000419   290  210
03217820000420   267  222
03217820000421   283  208
03217820000422   285  230
03217820000423   288  218
03217820000424   279  225
03217820000425   246  208
03217820000426   248  203
03217820000427   235  188
03217820000428   272  200
03217820000429   284  202
03217820000430   288  199
03217820000501   290  216
03217820000502   313  217
03217820000503   308  233
03217820000504   302  227
03217820000505   294  235
03217820000506   294  227
03217820000507   270  213
03217820000508   287  213
03217820000509   268  216
03217820000510   277  194
03217820000511   276  176
03217820000512   270  168
03217820000513   274  205
03217820000514   270  188
03217820000515   265  160
03217820000516   280  188
03217820000517   269  182
03217820000518   266  216
03217820000519   251  219
03217820000520   260  213
03217820000521   264  196
03217820000522   267  211
03217820000523   270  194
03217820000524   255  163
03217820000525   267  166
03217820000526   267  182
03217820000527   277  202
03217820000528   249  191
03217820000529   222  121
03217820000530   236   96
03217820000531   218  140
03217820000601   213  104
03217820000602   218   70
03217820000603   220   75
03217820000604   250   88
03217820000605   267  124
03217820000606   255  124
03217820000607   225  155
03217820000608   183  144
03217820000609   200  151
03217820000610   194  157
03217820000611   203  144
03217820000612   225  129
03217820000613   227  160
03217820000614   237  173
03217820000615   229  181
03217820000616   248  179
03217820000617   250  183
03217820000618   253  158
03217820000619   254  191
03217820000620   249  176
03217820000621   263  175
03217820000622   248  171
03217820000623   269  203
03217820000624   255  162
03217820000625   244  138
03217820000626   242  117
03217820000627   250  147
03217820000628   242  138
03217820000629   254  129
03217820000630   255  140
03217820000701   231   80
03217820000702   225  134
03217820000703   241  112
03217820000704   241  142
03217820000705   237  155
03217820000706   232  138
03217820000707   240  139
03217820000708   245  140
03217820000709   244  137
03217820000710   247  133
03217820000711   257  138
03217820000712   233   81
03217820000713   257   79
03217820000714   248   91
03217820000715   252   83
03217820000716   240   87
03217820000717   264   86
03217820000718   227   79
03217820000719   230   76
03217820000720   239   83
03217820000721   260  100
03217820000722   251  111
03217820000723   245  119
03217820000724   251  127
03217820000725   254  142
03217820000726   262  139
03217820000727   236  182
03217820000728   224  143
03217820000729   234   83
03217820000730   250  137
03217820000731   248  135
03217820000801   247  159
03217820000802   250  134
03217820000803   229  187
03217820000804   251  196
03217820000805   242  161
03217820000806   251  146
03217820000807   255  186
03217820000808   251  180
03217820000809   252  165
03217820000810   244  149
03217820000811   249  142
03217820000812   255  152
03217820000813   260  141
03217820000814   249  143
03217820000815   252  142
03217820000816   245  131
03217820000817   254  120
03217820000818   253  160
03217820000819   244  141
03217820000820   265  204
03217820000821   269  119
03217820000822   256  116
03217820000823   282  193
03217820000824   286  160
03217820000825   273   93
03217820000826   271  114
03217820000827   268  152
03217820000828   280  152
03217820000829   310  150
03217820000830   301  128
03217820000831   288  151
03217820000901   295  155
03217820000902   309  182
03217820000903   307  167
03217820000904   261  159
03217820000905   260  171
03217820000906   275  189
03217820000907   275  199
03217820000908   300  228
03217820000909   310  184
03217820000910   319  140
03217820000911   292  120
03217820000912   276  135
03217820000913   272  144
03217820000914   282  173
03217820000915   270  178
03217820000916   279  142
03217820000917   275  166
03217820000918   269  138
03217820000919   269  150
03217820000920   275  178
03217820000921   280  202
03217820000922   284  200
03217820000923   274  150
03217820000924   273  171
03217820000925   279  165
03217820000926   281  201
03217820000927   275  216
03217820000928   278  167
03217820000929   276  194
03217820000930   285  190
03217820001001   304  220
03217820001002   306  226
03217820001003   287  241
03217820001004   293  216
03217820001005   292  187
03217820001006   292  222
03217820001007   288  207
03217820001008   292  232
03217820001009   287  225
03217820001010   287  221
03217820001011   292  193
03217820001012   289  226
03217820001013   281  236
03217820001014   301  224
03217820001015   315  226
03217820001016   287  211
03217820001017   286  230
03217820001018   288  228
03217820001019   296  224
03217820001020   284  212
03217820001021   285  210
03217820001022   282  223
03217820001023   293  224
03217820001024   268  220
03217820001025   289  218
03217820001026   301  227
03217820001027   313  230
03217820001028   309  215
03217820001029   288  245
03217820001030   276  184
03217820001031   297  195
03217820001101   315  238
03217820001102   320  258
03217820001103   344  206
03217820001104   298  235
03217820001105   300  249
03217820001106   295  227
03217820001107   295  212
03217820001108   303  238
03217820001109   292  247
03217820001110   254  222
03217820001111   271  217
03217820001112   280  229
03217820001113   285  231
03217820001114   259  236
03217820001115   271  220
03217820001116   275  224
03217820001117   287  228
03217820001118   296  240
03217820001119   295  247
03217820001120   319  249
03217820001121   320  268
03217820001122   324  255
03217820001123   301  252
03217820001124   289  248
03217820001125   277  220
03217820001126   274  225
03217820001127   292  212
03217820001128   284  201
03217820001129   290  199
03217820001130   290  207
03217820001201   284  208
03217820001202   291  222
03217820001203   301  222
03217820001204   305  246
03217820001205   284  248
03217820001206   297  240
03217820001207   293  206
03217820001208   279  224
03217820001209   298  231
03217820001210   291  241
03217820001211   295  242
03217820001212   289  247
03217820001213   270  230
03217820001214   292  224
03217820001215   302  240
03217820001216   287  240
03217820001217   284  229
03217820001218   291  214
03217820001219   295  228
03217820001220   294  232
03217820001221   279  230
03217820001222   293  223
03217820001223   292  217
03217820001224   295  233
03217820001225   310  233
03217820001226   299  235
03217820001227   302  238
03217820001228   303  251
03217820001229   305  248
03217820001230   293  245
03217820001231   287  237
