05915120130810   227   56
05915120130811   227   59
05915120130812   289  107
05915120130813   217   67
05915120130814   215   92
05915120130815   207   65
05915120130816   199   50
05915120130817   183  127
05915120130818   211   64
05915120130819   225   52
05915120130820   189   79
05915120130821   174   56
05915120130822   180   14
05915120130823   207   63
05915120130824   219   46
05915120130825   224   73
05915120130826   236   83
05915120130827   228   77
05915120130828   250   69
05915120130829   223   93
05915120130830   248  158
05915120130831   251  155
05915120130901   235  137
05915120130902   220  144
05915120130903   218  125
05915120130904   216  123
05915120130905   236  105
05915120130906   235  104
05915120130907   247  118
05915120130908   238   96
05915120130909   246  140
05915120130910   295  153
05915120130911   237  151
05915120130912   223  104
05915120130913   212  126
05915120130914   254  164
05915120130915   236  160
05915120130916   226  157
05915120130917   238  169
05915120130918   244  113
05915120130919   314  111
05915120130920   249  102
05915120130921   205   62
05915120130922   227   75
05915120130923   280  109
05915120130924   277  156
05915120130925   297  109
05915120130926   350  183
05915120130927   233  166
05915120130928   279  143
05915120130929   236   91
05915120130930   279  116
05915120131001   328  159
05915120131002   244  149
05915120131003   281  145
05915120131004   219  112
05915120131005   224   83
05915120131006   274   98
05915120131007   252  105
05915120131008   229  153
05915120131009   231   97
05915120131010   333   97
05915120131011   246  148
05915120131012   253  183
05915120131013   329  207
05915120131014   237  175
05915120131015   212  114
05915120131016   264  147
05915120131017   311  173
05915120131018   192  177
05915120131019   219  151
05915120131020   250  141
05915120131021   285  178
05915120131022   282  188
05915120131023   307  191
05915120131024   250  219
05915120131025   230  164
05915120131026   235  152
05915120131027   246  122
05915120131028   260  167
05915120131029   320  168
05915120131030   232  158
05915120131031   232   98
05915120131101   252  104
05915120131102   264  155
05915120131103   318  171
05915120131104   232  170
05915120131105   228  135
05915120131106   235  163
05915120131107   256  124
05915120131108   259  153
05915120131109   308  168
05915120131110   244  183
05915120131111   264  167
05915120131112   263  178
05915120131113   264  184
05915120131114   244  185
05915120131115   245  150
05915120131116   237  177
05915120131117   227  116
05915120131118   233  152
05915120131119   251  134
05915120131120   248  177
05915120131121   252  152
05915120131122   259  178
05915120131123   260  196
05915120131124   252  162
05915120131125   247  149
05915120131126   236  155
05915120131127   238  151
05915120131128   269  125
05915120131129   313  194
05915120131130   228  157
05915120131201   225  148
05915120131202   235  161
05915120131203   239  147
05915120131204   286  155
05915120131205   338  211
05915120131206   236  105
05915120131207   256  126
05915120131208   254  154
05915120131209   290  194
05915120131210   284  210
05915120131211   260  189
05915120131212   255  189
05915120131213   263  169
05915120131214   275  212
05915120131215   262  175
05915120131216   249  203
05915120131217   252  180
05915120131218   259  158
05915120131219   261  155
05915120131220   293  177
05915120131221   272  171
05915120131222   280  200
05915120131223   303  212
05915120131224   241  205
05915120131225   238  197
05915120131226   261  205
05915120131227   252  187
05915120131228   286  188
05915120131229   342  221
05915120131230   248  183
05915120131231   271  177
05915120140101   274  183
05915120140102   343  222
05915120140103   339  234
05915120140104   283  236
05915120140105   291  223
05915120140106   308  218
05915120140107   214  198
05915120140108   225  172
05915120140109   243  170
05915120140110   257  181
05915120140111   270  182
05915120140112   275  178
05915120140113   273  171
05915120140114   271  187
05915120140115   285  175
05915120140116   285  189
05915120140117   291  178
05915120140118   287  169
05915120140119   281  192
05915120140120   284  180
05915120140121   291  211
05915120140122   277  242
05915120140123   240  202
05915120140124   265  199
05915120140125   263  227
05915120140126   252  179
05915120140127   255  175
05915120140128   273  184
05915120140129   275  188
05915120140130   279  164
05915120140131   279  159
05915120140201   276  164
05915120140202   274  169
05915120140203   268  170
05915120140204   280  192
05915120140205   204  176
05915120140206   231  166
05915120140207   256  174
05915120140208   275  159
05915120140209   278  196
05915120140210   276  215
05915120140211   277  175
05915120140212   282  190
05915120140213   266  219
05915120140214   240  207
05915120140215   255  202
05915120140216   284  224
05915120140217   259  196
05915120140218   279  213
05915120140219   308  237
05915120140220   310  243
05915120140221   243  223
05915120140222   265  190
05915120140223   265  191
05915120140224   255  179
05915120140225   263  193
05915120140226   290  196
05915120140227   274  217
05915120140228   272  191
05915120140301   246  198
05915120140302   252  194
05915120140303   261  190
05915120140304   256  164
05915120140305   265  179
05915120140306   279  186
05915120140307   273  157
05915120140308   274  171
05915120140309   249  180
05915120140310   258  171
05915120140311   255  186
05915120140312   264  169
05915120140313   263  158
05915120140314   260  176
05915120140315   280  168
05915120140316   324  186
05915120140317   257  169
05915120140318   276  166
05915120140319   273  194
05915120140320   261  212
05915120140321   256  179
05915120140322   260  165
05915120140323   280  187
05915120140324   270  204
05915120140325   245  175
05915120140326   258  201
05915120140327   249  210
05915120140328   237  180
05915120140329   267  173
05915120140330   264  190
05915120140331   260  202
05915120140401   263  187
05915120140402   269  189
05915120140403  -999  185
05915120140404   290  180
05915120140405   291  211
05915120140406   247  204
05915120140407   251  182
05915120140408   248  175
05915120140409   251  169
05915120140410   255  181
05915120140411   281  185
05915120140412   257  181
05915120140413   253  167
05915120140414   216  176
05915120140415   238  167
05915120140416   245  156
05915120140417   245  149
05915120140418   240  116
05915120140419   254  103
05915120140420   252  125
05915120140421   248  122
05915120140422   287  136
05915120140423   279  168
05915120140424   278  140
05915120140425   250  138
05915120140426   267  125
05915120140427   254  182
05915120140428   209  166
05915120140429   234  151
05915120140430   230  172
05915120140501   230  136
05915120140502   215  158
05915120140503   209   95
05915120140504   212   95
05915120140505   186   55
05915120140506   207   55
05915120140513   224  143
05915120140514   224  134
05915120140515   224   97
05915120140516   232  110
05915120140517   229  108
05915120140518   234  109
05915120140519   249  139
05915120140520   236  116
05915120140521   241  108
05915120140522   237  104
05915120140523   244  146
05915120140524   265  114
05915120140525   263  105
05915120140526   242  116
05915120140527   259  156
05915120140528   265  167
05915120140529   225  113
05915120140530   217   93
05915120140531   181  160
05915120140601   221  104
05915120140602   239  152
05915120140603   210  126
05915120140604   206   98
05915120140605   201  134
05915120140606   220  104
05915120140607   215  144
05915120140608   205  124
05915120140609   203  121
05915120140610   181  126
05915120140611   206  129
05915120140612   208  113
05915120140613   201   81
05915120140614   192  148
05915120140615   204   56
05915120140616   205   88
05915120140617   200   44
05915120140618   213   79
05915120140619   208  132
05915120140620   228  126
05915120140621   228   85
05915120140622   207   86
05915120140623   210   71
05915120140624   216  106
05915120140625   199   36
05915120140626   201   24
05915120140627   211   10
05915120140628   234   97
05915120140629   192   46
05915120140630   177   21
05915120140701   188   24
05915120140702   189   25
05915120140703   196   28
05915120140704   209   65
05915120140705   232   76
05915120140706   175   18
05915120140707   177   66
05915120140708   192   18
05915120140709   203   27
05915120140710   198   22
05915120140711   204   22
05915120140712   187    7
05915120140713   180   28
05915120140714   197  111
05915120140715   187  109
05915120140716   213  123
05915120140717   193   53
05915120140718   173   21
05915120140719   186  100
05915120140720   206  119
05915120140721   178  130
05915120140722   189   88
05915120140723   192   99
05915120140724   214   72
05915120140725   252  106
05915120140726   203  149
05915120140727   198   73
05915120140728   217   56
05915120140729   212   28
05915120140730   226   40
05915120140731   237   38
05915120140801   277   70
05915120140802   174   51
05915120140803   172  108
05915120140804   193  112
05915120140805   191   62
05915120140806   197   53
05915120140807   203   35
05915120140808   201   93
05915120140809   205   89
05915120140810   223  105
05915120140811   194   71
05915120140812   186  114
05915120140813   186  101
05915120140814   194  110
05915120140815   187   75
05915120140816   170  102
05915120140817   206  139
05915120140818   203   77
05915120140819   219   86
05915120140820   205  138
05915120140821   192  132
05915120140822   191  118
05915120140823   167  131
05915120140824   199  131
05915120140825   200  134
05915120140826   201  129
05915120140827   182  126
05915120140828   197  122
05915120140829   205  131
05915120140830   222  118
05915120140831   218  143
05915120140901   242  132
05915120140902   217  138
05915120140903   208  113
05915120140904   204   77
05915120140905   195  108
05915120140906   202  115
05915120140907   195  106
05915120140908   193  119
05915120140909   230  110
05915120140910   272  161
05915120140911   213   76
05915120140912   220   85
05915120140913   208  149
05915120140914   231  119
05915120140915   217  120
05915120140916   255  121
05915120140917   227   81
05915120140918   209   73
05915120140919   201   62
05915120140920   207   89
05915120140921   205  118
05915120140922   199  108
05915120140923   212   95
05915120140924   239   93
05915120140925   217  160
05915120140926   228  121
05915120140927   220  110
05915120140928   228   95
05915120140929   261  134
05915120140930   300  110
05915120141001   307  170
05915120141002   211  120
05915120141003   221   89
05915120141004   258  127
05915120141005   268  157
05915120141006   251  131
05915120141007   287  158
05915120141008   230  184
05915120141009   228  163
05915120141010   237  149
05915120141011   258  166
05915120141012   248  170
05915120141013   277  177
05915120141014   231  159
05915120141015   222   68
05915120141016   232   65
05915120141017   227  105
05915120141018   226  137
05915120141019   228  118
05915120141020   242  135
05915120141021   219  163
05915120141022   221  134
05915120141023   263  138
05915120141024   252  150
05915120141025   269  179
05915120141026   279  139
05915120141027   253  173
05915120141028   251  188
05915120141029   250  140
05915120141030   282  139
05915120141031   302  161
05915120141101   332  212
05915120141102   236  195
05915120141103   232  157
05915120141104   241  160
05915120141105   274  173
05915120141106   240  135
05915120141107   232  163
05915120141108   240  127
05915120141109   252  162
05915120141110   263  194
05915120141111   240  193
05915120141112   235  166
05915120141113   267  176
05915120141114   321  202
05915120141115   325  211
05915120141116   261  182
05915120141117   252  175
05915120141118   272  196
05915120141119   260  195
05915120141120   277  191
05915120141121   303  230
05915120141122   289  202
05915120141123   318  221
05915120141124   295  215
05915120141125   290  198
05915120141126   224  191
05915120141127   255  180
05915120141128   235  170
05915120141129   253  163
05915120141130   266  164
05915120141201   275  180
05915120141202   277  202
05915120141203   280  203
05915120141204   298  217
05915120141205   298  194
05915120141210   282  210
05915120141211   317  222
05915120141212   241  187
05915120141213   225  159
05915120141214   244  167
05915120141215   254  142
05915120141216   314  159
05915120141217   345  223
05915120141218   279  193
05915120141219   313  198
05915120141220  -999  197
05915120141223   272 -999
05915120141224   282  193
05915120141225   282  215
05915120141226   297  219
05915120141227   206  195
05915120141228   237  168
05915120141229   277  179
05915120141230   347  174
05915120141231   276  217
05915120150101   290  229
05915120150102   292  227
05915120150103   289  221
05915120150104   282  224
05915120150105   267  189
05915120150106   276  191
05915120150107   273  187
05915120150108   280  178
05915120150109   297  211
05915120150110   289  234
05915120150111   272  241
05915120150112   267  211
05915120150113   274  196
05915120150114   335  235
05915120150115   292  225
05915120150116   293  185
05915120150117   301  202
05915120150118   295  168
05915120150119   287  221
05915120150120   281  184
05915120150121   281  186
05915120150122   261  199
05915120150123   269  213
05915120150124   283  209
05915120150125   322  210
05915120150126   291  211
05915120150127   248  216
05915120150128   242  174
05915120150129   263  180
05915120150130   272  140
05915120150131   275  182
05915120150201   284  186
05915120150202   261  193
05915120150203   223  181
05915120150204   263  167
05915120150205   267  179
05915120150206   260  184
05915120150207   269  181
05915120150208   283  172
05915120150209   285  188
05915120150210   284  207
05915120150211   277  201
05915120150212   279  196
05915120150213   276  180
05915120150214   269  187
05915120150215   272  181
05915120150216   276  200
05915120150217   279  183
05915120150218   275  189
05915120150219   275  195
05915120150220   237  204
05915120150221   236  207
05915120150222   266  217
05915120150223   271  221
05915120150224   270  209
05915120150225   269  206
05915120150226   279  187
05915120150227   275  202
05915120150228   286  193
05915120150301   315  223
05915120150302   256  213
05915120150303   268  176
05915120150304   300  194
05915120150305   336  225
05915120150306   295  192
05915120150307   287  179
05915120150308   298  220
05915120150309   287  192
05915120150310   289  199
05915120150311   285  204
05915120150312   284  183
05915120150313   255  182
05915120150314   254  173
05915120150315   264  144
05915120150316   254  180
05915120150317   264  155
05915120150318   309  205
05915120150319   296  200
05915120150320   320  188
05915120150321   236  221
05915120150322   235  206
05915120150323   267  179
05915120150324   308  191
05915120150325   248  220
05915120150326   293  198
05915120150327   247  200
05915120150328   248  133
05915120150329   260  175
05915120150330   273  198
05915120150331   235  186
05915120150401   246  176
05915120150402   256  152
05915120150403   259  180
05915120150404   203  192
05915120150405   247  184
05915120150406   260  158
05915120150407   286  186
05915120150408   233   96
05915120150409   244  109
05915120150410   240  150
05915120150411   242  167
05915120150412   251  132
05915120150413   244  177
05915120150414   241  145
05915120150415   256  153
05915120150416   277  161
05915120150417   268  168
05915120150418   275  189
05915120150419   239  208
05915120150420   205  169
05915120150421   240  143
05915120150422   220   92
05915120150423   238  107
05915120150424   257  130
05915120150425   260  120
05915120150426   217   96
05915120150427   223  143
05915120150428   226  116
05915120150429   222  132
05915120150430   197  140
05915120150501   236  155
05915120150502   241  159
05915120150503   239  164
05915120150504   235  166
05915120150505   270  146
05915120150506   246  125
05915120150507   207  135
05915120150508   192   79
05915120150509   203   66
05915120150510   232   59
05915120150511   245   83
05915120150512   240   77
05915120150513   222   67
05915120150514   195  100
05915120150515   220  112
05915120150516   213  147
05915120150517   180  147
05915120150518   203  144
05915120150519   227  146
05915120150520   254  139
05915120150521   179  165
05915120150522   208  107
05915120150523   204  138
05915120150524   211  144
05915120150525   206   88
05915120150526   205   94
05915120150527   222   92
05915120150528   204  120
05915120150529   218  140
05915120150530   214  146
05915120150531   207  163
05915120150601   201   92
05915120150602   171   67
05915120150603   186   46
05915120150604   192   58
05915120150605   161   45
05915120150606   179   97
05915120150607   208   86
05915120150608   222  108
05915120150609   221  105
05915120150610   213   75
05915120150611   188  140
05915120150612   169  129
05915120150613   177  131
05915120150614   214  132
05915120150615   195  136
05915120150616   203  129
05915120150617   223  156
05915120150618   201   78
05915120150619   198   90
05915120150620   180  107
05915120150621   186   97
05915120150622   192  110
05915120150623   204   70
05915120150624   210  108
05915120150625   204   94
05915120150626   194  139
05915120150627   204  120
05915120150628   201   76
05915120150629   201   75
05915120150630   204   90
05915120150701   204   99
05915120150702   202   66
05915120150703   182   88
05915120150704   187   80
05915120150705   195   70
05915120150706   193   54
05915120150707   191   28
05915120150708   178  109
05915120150709   175  102
05915120150710   210   99
05915120150711   213   89
05915120150712   171   85
05915120150713   196   33
05915120150714   187   15
05915120150715   163   11
05915120150716   190   26
05915120150717   168   35
05915120150718   178   97
05915120150719   186  109
05915120150720   191  110
05915120150721   163   95
05915120150722   195   61
05915120150723   189  129
05915120150724   192  115
05915120150725   224  128
05915120150726   216  109
05915120150727   182   67
05915120150728   176   18
05915120150729   189   30
05915120150730   200   92
05915120150731   215   92
05915120150801   243   69
05915120150802   272  100
05915120150803   260  122
05915120150804   172   77
05915120150805   163   18
05915120150806   172   16
05915120150807   184   33
05915120150808   190   42
05915120150809   187   70
05915120150810   212   97
05915120150811   257   45
05915120150812   260   66
05915120150813   203   81
05915120150814   178   41
05915120150815   209   46
05915120150816   196  129
05915120150817   204   99
05915120150818   203  100
05915120150819   172  120
05915120150820   197   87
05915120150821   228   86
05915120150822   247  155
05915120150823   261  133
05915120150824   221  162
05915120150825   273  139
05915120150826   222   70
05915120150827   192  119
05915120150828   208   82
05915120150829   208   57
05915120150830   200  124
05915120150831   196   80
05915120150901   198   44
05915120150902   208   35
05915120150903   251  138
05915120150904   216   74
05915120150905   210  133
05915120150906   198   94
05915120150907   244  121
05915120150908   209  105
05915120150909   201   58
05915120150910   209   99
05915120150911   205  136
05915120150912   225   81
05915120150913   220   87
05915120150914   226   85
05915120150915   265  133
05915120150916   265  148
05915120150917   213  162
05915120150918   208  120
05915120150919   193  135
05915120150920   197  128
05915120150921   223   97
05915120150922   272   97
05915120150923   189  121
05915120150924   196  103
05915120150925   200  116
05915120150926   200  121
05915120150927   216   97
05915120150928   219   70
05915120150929   244  121
05915120150930   242   99
05915120151001   243   90
05915120151002   244  109
05915120151003   253  127
05915120151004   290  105
05915120151005   307  104
05915120151006   296  117
05915120151007   308  143
05915120151008   200  170
05915120151009   231  148
05915120151010   247  138
05915120151011   261  162
05915120151012   272  163
05915120151013   264  153
05915120151014   239  169
05915120151015   244  176
05915120151016   254  143
05915120151017   258  173
05915120151018   248  158
05915120151019   252  139
05915120151020   272  177
05915120151021   284  182
05915120151022   225  181
05915120151023   224  160
05915120151024   222  150
05915120151025   250  150
05915120151026   293  152
05915120151027   250  163
05915120151028   207  148
05915120151029   205  156
05915120151030   240  144
05915120151031   244  164
05915120151101   270  180
05915120151102   291  196
05915120151103   256  193
05915120151104   241  171
05915120151105   237  196
05915120151106   283  201
05915120151107   273  177
05915120151108   207  182
05915120151109   228  172
05915120151110   243  122
05915120151111   245  141
05915120151112   250  153
05915120151113   285  196
05915120151114   241  173
05915120151115   237  167
05915120151116   237  161
05915120151117   246  149
05915120151118   273  179
05915120151119   295  175
05915120151120   306  164
05915120151121   257  221
05915120151122   253  181
05915120151123   291  193
05915120151124   269  212
05915120151125   301  180
05915120151126   338  226
05915120151127   226  198
05915120151128   232  188
05915120151129   263  197
05915120151130   279  184
05915120151201   315  180
05915120151202   286  209
05915120151203   227  168
05915120151204   240  167
05915120151205   244  168
05915120151206  -999 -999
05915120151207   263  143
05915120151208   284  174
05915120151209   299  222
05915120151210   293  196
05915120151211   314  165
05915120151212   253  178
05915120151213   260  183
05915120151214   284  172
05915120151215   279  213
05915120151216   274  208
05915120151217   264  159
05915120151218   267  159
05915120151219   277  173
05915120151220   304  210
05915120151221   303  217
05915120151222   280  206
05915120151223   240  191
05915120151224   249  182
05915120151225   251  182
05915120151226   275  166
05915120151227   263  221
05915120151228   253  180
05915120151229   246  165
05915120151230   259  173
05915120151231   261  184
05915120160101   261  184
05915120160102   247  172
05915120160103   220  198
05915120160104   264  184
05915120160105   240  203
05915120160106   276  194
05915120160107   277  185
05915120160108   258  175
05915120160109   258  157
05915120160110   265  186
05915120160111   290  180
05915120160112   299  210
05915120160113   286  223
05915120160114   302  237
05915120160115   229  225
05915120160116   256  161
05915120160117   249  168
05915120160118   255  167
05915120160119   274  160
05915120160120   283  184
05915120160121   295  196
05915120160122   303  207
05915120160123   305  230
05915120160124   273  195
05915120160125   283  209
05915120160126   249  201
05915120160127   256  172
05915120160128   264  209
05915120160129   303  178
05915120160130   330  201
05915120160131   349  255
05915120160201   338  192
05915120160202   275  199
05915120160203  -999  211
05915120160204   270  227
05915120160205   266  203
05915120160206   248  195
05915120160207   274  192
05915120160208   275  192
05915120160209   273  201
05915120160210   270  201
05915120160211   277  177
05915120160212   278  180
05915120160213   277  183
05915120160214   276  162
05915120160215   282  183
05915120160216   300  220
05915120160217   280  208
05915120160218   304  187
05915120160219   302  211
05915120160220   303  228
05915120160221   285  216
05915120160222   281  203
05915120160223   279  185
05915120160224   287  186
05915120160225   306  196
05915120160226   298  187
05915120160227   289  229
05915120160228   289  220
05915120160229   286  209
05915120160301   274  198
05915120160302   281  200
05915120160303   277  214
05915120160304   261  207
05915120160305   276  178
05915120160306   278  173
05915120160307   287  203
05915120160308   282  188
05915120160309   288  210
05915120160310   302  201
05915120160311   280  204
05915120160312   287  195
05915120160313   273  187
05915120160314   286  202
05915120160315   283  195
05915120160316   272  205
05915120160317   275  208
05915120160318   315  182
05915120160319   256  223
05915120160320   259  195
05915120160321   242  179
05915120160322   252  181
05915120160323   262  140
05915120160324   265  149
05915120160325   282  161
05915120160326   271  187
05915120160327   257  202
05915120160328   276  176
05915120160329   307  214
05915120160330   247  200
05915120160331   268  144
05915120160401   273  142
05915120160402   310  185
05915120160403   274  164
05915120160404   277  215
05915120160405   264  158
05915120160406   301  158
05915120160407   273  184
05915120160408   247  183
05915120160409   288  194
05915120160410   273  193
05915120160411   262  184
05915120160412   258  189
05915120160413   258  176
05915120160414   254  175
05915120160415   247  140
05915120160416   248  119
05915120160417   249  132
05915120160418   235  165
05915120160419   248  143
05915120160420   256  154
05915120160421   244  168
05915120160422   255  162
05915120160423   256  167
05915120160424   239  164
05915120160425   233  159
05915120160426   245  172
05915120160427   239  157
05915120160428   242  166
05915120160429   258  140
05915120160430   273  199
05915120160501   272  201
05915120160502   256  134
05915120160503   262  148
05915120160504   251  111
05915120160505   260  102
05915120160506   246  134
05915120160507   245  121
05915120160508   256  136
05915120160509   278  202
05915120160510   266  216
05915120160511   248  122
05915120160512   254   46
05915120160513   238   74
05915120160514   250  103
05915120160515   259  140
05915120160516   252   81
05915120160517   252  156
05915120160518   248  105
05915120160519   243  137
05915120160520   239   70
05915120160521   231  112
05915120160522   252  141
05915120160523   261  115
05915120160524   216  118
05915120160525   212   37
05915120160526   214   94
05915120160527   247  159
05915120160528   223   38
05915120160529   196   27
05915120160530   195   41
05915120160531   196   67
05915120160601   204   66
05915120160602   201   97
05915120160603   212  117
05915120160604   207  158
05915120160605   192  146
05915120160606   218  104
05915120160607   216   69
05915120160608   218   57
05915120160609   279   97
05915120160610   226   95
05915120160611   204   66
05915120160612   202  131
05915120160613   198  127
05915120160614   198  112
05915120160615   204  106
05915120160616   224   74
05915120160617   222  138
05915120160618   232  123
05915120160619   213  149
05915120160620   222  161
05915120160621   197  108
05915120160622   229  128
05915120160623   200   77
05915120160624   251   96
05915120160625   168   86
05915120160626   168   17
05915120160627   185   92
05915120160628   192   32
05915120160629   195   89
05915120160630   209   46
05915120160701   198   38
05915120160702   183   29
05915120160703   205   40
05915120160704   208   63
05915120160705   197  114
05915120160706   183   54
05915120160707   225   54
05915120160708   209  141
05915120160709   197   81
05915120160710   191   93
05915120160711   203  113
05915120160712   226  119
05915120160713   167  104
05915120160714   148   88
05915120160715   172   31
05915120160716   184   71
05915120160717   202  135
05915120160718   227   79
05915120160719   230  106
05915120160720   251  130
05915120160721   188  161
05915120160722   263  100
05915120160723   279  144
05915120160724   156   95
05915120160725   187   39
05915120160726   200   16
05915120160727   191   80
05915120160728   182   29
05915120160729   196   25
05915120160730   190   43
05915120160731   210   66
05915120160801   225   55
05915120160802   236   74
05915120160803   168  141
05915120160804   181  118
05915120160805   188  109
05915120160806   188  122
05915120160807   186   99
05915120160808   194   78
05915120160809   208   60
05915120160810   243  108
05915120160811   201  137
05915120160812   193  102
05915120160813   198   85
05915120160814   202   45
05915120160815   207  108
05915120160816   212   74
05915120160817   218   72
05915120160818   217   78
05915120160819   228  119
05915120160820   258  143
05915120160821   179   43
05915120160822   221   66
05915120160823   228  147
05915120160824   166  126
05915120160825   200   82
05915120160826   175   49
05915120160827   194   65
05915120160828   207   61
05915120160829   210   67
05915120160830   224  107
05915120160831   210  138
05915120160901   227  156
05915120160902   261  153
05915120160903   261  176
05915120160904   221   79
05915120160905   213   70
05915120160906   214   81
05915120160907  -999  110
05915120160908   233  137
05915120160909   225  158
05915120160910   236  178
05915120160911   211   77
05915120160912   233  105
05915120160913   248  170
05915120160914   223  182
05915120160915   227  176
05915120160916   203  134
05915120160917   214   75
05915120160918   216  165
05915120160919   236  102
05915120160920   212   69
05915120160921   220  143
05915120160922   237  106
05915120160923   251   84
05915120160924   236  102
05915120160925   239  147
05915120160926   225   90
05915120160927   220  101
05915120160928   210   91
05915120160929   259  123
05915120160930   243   74
05915120161001   224   85
05915120161002   238   75
05915120161003   251  182
05915120161004   233   92
05915120161005   239   93
05915120161006   240   53
05915120161007   257   83
05915120161008   288   90
05915120161009   216  152
05915120161010   283  144
05915120161011   219  168
05915120161012   216  112
05915120161013   211  128
05915120161014   205  120
05915120161015   220   77
05915120161016   256  126
05915120161017   275  168
05915120161018   219   60
05915120161019   256   81
05915120161020   225  161
05915120161021   258  172
05915120161022   243  178
05915120161023   202  120
05915120161024   214   82
05915120161025   237   83
05915120161026   272   96
05915120161027   293  138
05915120161028   250  185
05915120161029   251  149
05915120161030   276  189
05915120161031   294  194
05915120161101   247  157
05915120161102   239  158
05915120161103   257  128
05915120161104   270  128
05915120161105   350  156
05915120161106   247  112
05915120161107   279  123
05915120161108   300  186
05915120161109   300  167
05915120161110   247  159
05915120161111   246  151
05915120161112   279  214
05915120161113   374  217
05915120161114   267  116
05915120161115   233  157
05915120161116   249  152
05915120161117   248  169
05915120161118   259  147
05915120161119   273  159
05915120161120   262  178
05915120161121   263  147
05915120161122   259  166
05915120161123  -999  169
05915120161124   241  178
05915120161125   256  135
05915120161126   263  155
05915120161127   266  180
05915120161128   286  189
05915120161129   279  157
05915120161130   253  144
05915120161201   267  179
05915120161202   312  178
05915120161203   318  205
05915120161204   280  170
05915120161205   306  205
05915120161206   353  214
05915120161207   236  208
05915120161208   255  198
05915120161209   286  222
05915120161210   240  159
05915120161211   261  182
05915120161212   260  153
05915120161213   282  195
05915120161214   307  183
05915120161215   266  196
05915120161216   259  201
05915120161217   295  226
05915120161218   236  190
05915120161219   245  173
05915120161220   283  184
05915120161221   304  161
05915120161222   243  201
05915120161223   264  189
05915120161224   272  202
05915120161225   284  194
05915120161226   280  192
05915120161227   284  207
05915120161228   289  189
05915120161229   320  207
05915120161230   292  198
05915120161231   311  219
