03616719960601   282  130
03616719960602   283  140
03616719960603   294  141
03616719960604   288  148
03616719960605   279  139
03616719960606   275  128
03616719960607   275  116
03616719960608   284  149
03616719960609   286  142
03616719960610   256  153
03616719960611   251  120
03616719960612   250  112
03616719960613   251  115
03616719960614   244  110
03616719960615   230   80
03616719960616   223   70
03616719960617   256   77
03616719960618   273   82
03616719960619   278   82
03616719960620   289  100
03616719960621   295  103
03616719960622   337  127
03616719960623   250  187
03616719960624   228   72
03616719960625   278   68
03616719960626   220  131
03616719960627   220   45
03616719960628   256   60
03616719960629   290  131
03616719960630   243  127
03616719960701   265   45
03616719960702   266   70
03616719960703   245  113
03616719960704   273  114
03616719960705   273  154
03616719960706   218  154
03616719960707   217  127
03616719960708   214   94
03616719960709   204   36
03616719960710   240   51
03616719960711   223   30
03616719960712   179   25
03616719960713   182   36
03616719960714   189   26
03616719960715   191   24
03616719960716   205   26
03616719960717   244   39
03616719960718   285  106
03616719960719   336  135
03616719960720   252   90
03616719960721   215   40
03616719960722   228   15
03616719960723   272   21
03616719960724   301   94
03616719960725   331   91
03616719960726   245  171
03616719960727   172  106
03616719960728   194   91
03616719960729   217   41
03616719960730   197   53
03616719960731   207   11
03616719960801   280   60
03616719960802   311   70
03616719960803   314   85
03616719960804   283  102
03616719960805   274  136
03616719960806   290  137
03616719960807   173  157
03616719960808   125  123
03616719960809   171  104
03616719960810   190   30
03616719960811   225   55
03616719960812   254   65
03616719960813   257   76
03616719960814   296  104
03616719960815   321  146
03616719960816   325  174
03616719960817   265  165
03616719960818   238  159
03616719960819   182   63
03616719960820   190   36
03616719960821   231   42
03616719960822   264   55
03616719960823   299   91
03616719960824   284  116
03616719960825   303   96
03616719960826   307  117
03616719960827   305  141
03616719960828   304  160
03616719960829   290  150
03616719960830   211  136
03616719960831   230   90
03616719960901   233   64
03616719960902   253   75
03616719960903   234   95
03616719960904   266   67
03616719960905   281   85
03616719960906   290   94
03616719960907   307   88
03616719960908   326  110
03616719960909   340  137
03616719960910   353  139
03616719960911   365  131
03616719960912   328  179
03616719960913   257  100
03616719960914   279   76
03616719960915   331   96
03616719960916   336  149
03616719960917   330  155
03616719960918   313  143
03616719960919   374  153
03616719960920   242  132
03616719960921   213   83
03616719960922   233   44
03616719960923   311   61
03616719960924   353  102
03616719960925   365  111
03616719960926   380  179
03616719960927   343  175
03616719960928   379  199
03616719960929   364  196
03616719960930   313  211
03616719961001   268  103
03616719961002   314  122
03616719961003   352  164
03616719961004   359  228
03616719961005   372  217
03616719961006   362  233
03616719961007   239  204
03616719961008   210  181
03616719961009   294  166
03616719961010   327  172
03616719961011   340  202
03616719961012   307  215
03616719961013   307  170
03616719961014   309  200
03616719961015   283  194
03616719961016   316  185
03616719961017   335  211
03616719961018   335  215
03616719961019   311  208
03616719961020   324  194
03616719961021   334  199
03616719961022   328  181
03616719961023   300  176
03616719961024   303  164
03616719961025   312  150
03616719961026   325  150
03616719961027   328  151
03616719961028   346  166
03616719961029   358  194
03616719961030   366  196
03616719961031   371  214
03616719961101   345  230
03616719961102   320  216
03616719961103   333  209
03616719961104   317  215
03616719961105   311  174
03616719961106   303  160
03616719961107   317  110
03616719961108   338  140
03616719961109   353  145
03616719961110   351  169
03616719961111   313  134
03616719961112   342  142
03616719961113   385  137
03616719961114   410  233
03616719961115   424  206
03616719961116   431  280
03616719961117   365  275
03616719961118   353  185
03616719961119   349  173
03616719961120   359  185
03616719961121   363  211
03616719961122   342  210
03616719961123   309  175
03616719961124   319  142
03616719961125   366  167
03616719961126   397  173
03616719961127   415  200
03616719961128   430  235
03616719961129   446  270
03616719961130   433  236
03616719961201   457  220
03616719961202   390  275
03616719961203   420  287
03616719961204   401  249
03616719961205   421  235
03616719961206   404  286
03616719961207   282  195
03616719961208   336  227
03616719961209   347  214
03616719961210   360  208
03616719961211   378  230
03616719961212   382  238
03616719961213   372  231
03616719961214   376  226
03616719961215   368  244
03616719961216   315  243
03616719961217   353  235
03616719961218   358  267
03616719961219   344  225
03616719961220   353  180
03616719961221   360  187
03616719961222   355  216
03616719961223   377  229
03616719961224   377  260
03616719961225   381  260
03616719961226   381  255
03616719961227   374  232
03616719961228   378  246
03616719961229   404  236
03616719961230   428  244
03616719961231   384  272
03616719970101   372  251
03616719970102   387  200
03616719970103   369  253
03616719970104   360  235
03616719970105   277  255
03616719970106   336  159
03616719970107   386  209
03616719970108   398  245
03616719970109   397  209
03616719970110   416  217
03616719970111   407  292
03616719970112   357  235
03616719970113   371  231
03616719970114   353  250
03616719970115   326  243
03616719970116   376  251
03616719970117   379  246
03616719970118   381  240
03616719970119   353  249
03616719970120   355  250
03616719970121   363  246
03616719970122   366  256
03616719970123   380  229
03616719970124   387  235
03616719970125   394  257
03616719970126   372  215
03616719970127   388  254
03616719970128   355  251
03616719970129   246  232
03616719970130   256  206
03616719970131   267  211
03616719970201   297  220
03616719970202   338  231
03616719970203   348  250
03616719970204   350  235
03616719970205   328  228
03616719970206   328  221
03616719970207   339  204
03616719970208   341  223
03616719970209   350  230
03616719970210   355  235
03616719970211   361  230
03616719970212   334  232
03616719970213   345  236
03616719970214   355  245
03616719970215   329  230
03616719970216   327  245
03616719970217   346  230
03616719970218   352  244
03616719970219   341  229
03616719970220   342  203
03616719970221   349  202
03616719970222   355  200
03616719970223   360  220
03616719970224   365  197
03616719970225   290  236
03616719970226   364  224
03616719970227   346  241
03616719970228   352  255
03616719970301   344  246
03616719970302   306  235
03616719970303   325  241
03616719970304   335  236
03616719970305   332  232
03616719970306   336  240
03616719970307   334  241
03616719970308   327  226
03616719970309   320  215
03616719970310   309  187
03616719970311   321  182
03616719970312   314  172
03616719970313   321  172
03616719970314   330  175
03616719970315   334  167
03616719970316   336  186
03616719970317   336  190
03616719970318   338  196
03616719970319   341  192
03616719970320   352  165
03616719970321   359  170
03616719970322   355  184
03616719970323   326  215
03616719970324   331  191
03616719970325   320  143
03616719970326   326  145
03616719970327   332  173
03616719970328   334  175
03616719970329   337  175
03616719970330   338  154
03616719970331   344  187
03616719970401   338  187
03616719970402   341  198
03616719970403   325  206
03616719970404   335  175
03616719970405   332  145
03616719970406   333  154
03616719970407   312  124
03616719970408   290  155
03616719970409   316  105
03616719970410   316  156
03616719970411   314  140
03616719970412   316  135
03616719970413   311  135
03616719970414   311  142
03616719970415   312  139
03616719970416   317  136
03616719970417   316  137
03616719970418   325  136
03616719970419   326  139
03616719970420   321  129
03616719970421   324  115
03616719970422   319  160
03616719970423   307  139
03616719970424   308  146
03616719970425   315  135
03616719970426   313  149
03616719970427   303  159
03616719970428   300  150
03616719970429   297  177
03616719970430   301  132
03616719970501   295  136
03616719970502   298  116
03616719970503   294  135
03616719970504   307  125
03616719970505   313  124
03616719970506   317  140
03616719970507   316  159
03616719970508   263  169
03616719970509   231   82
03616719970510   223   44
03616719970511   232   68
03616719970512   260   54
03616719970513   278  135
03616719970514   256  164
03616719970515   206  181
03616719970516   221  145
03616719970517   216  148
03616719970518   221  105
03616719970519   233   99
03616719970520   247  101
03616719970521   274   97
03616719970522   276  126
03616719970523   248  161
03616719970524   234  100
03616719970525   248   94
03616719970526   265   90
03616719970527   274  105
03616719970528   291  112
03616719970529   278  132
03616719970530   233  152
03616719970531   216   86
