MIN TEMP       300017 19700101 20201231 missing_value=99999.9 CASEY                                     
19700101 19700131    -2.4
19700201 19700228    -4.9
19700301 19700331    -9.8
19700401 19700430   -16.0
19700501 19700531   -16.6
19700601 19700630   -21.2
19700701 19700731   -21.4
19700801 19700831   -23.8
19700901 19700930   -19.6
19701001 19701031   -15.2
19701101 19701130    -7.9
19701201 19701231    -3.1
19710101 19710131    -1.2
19710201 19710228    -5.6
19710301 19710331    -8.2
19710401 19710430   -13.4
19710501 19710531   -13.4
19710601 19710630   -14.3
19710701 19710731   -20.2
19710801 19710831   -19.0
19710901 19710930   -20.2
19711001 19711031   -13.3
19711101 19711130    -9.4
19711201 19711231    -3.2
19720101 19720131    -1.2
19720201 19720229    -4.4
19720301 19720331    -8.6
19720401 19720430   -13.6
19720501 19720531   -18.3
19720601 19720630   -14.3
19720701 19720731   -17.3
19720801 19720831   -14.9
19720901 19720930   -21.3
19721001 19721031   -20.0
19721101 19721130   -10.2
19721201 19721231    -5.0
19730101 19730131    -2.8
19730201 19730228    -5.4
19730301 19730331    -8.7
19730401 19730430   -12.2
19730501 19730531   -14.9
19730601 19730630   -16.1
19730701 19730731   -17.7
19730801 19730831   -19.6
19730901 19730930   -18.5
19731001 19731031   -16.4
19731101 19731130    -7.7
19731201 19731231    -4.3
19740101 19740131    -0.9
19740201 19740228    -6.6
19740301 19740331   -10.3
19740401 19740430   -17.9
19740501 19740531   -18.1
19740601 19740630   -16.6
19740701 19740731   -20.5
19740801 19740831   -18.6
19740901 19740930   -16.4
19741001 19741031   -10.2
19741101 19741130    -7.0
19741201 19741231    -1.5
19750101 19750131    -1.7
19750201 19750228    -4.6
19750301 19750331    -8.3
19750401 19750430   -17.5
19750501 19750531   -13.3
19750601 19750630   -16.4
19750701 19750731   -14.2
19750801 19750831   -23.9
19750901 19750930   -23.9
19751001 19751031   -16.0
19751101 19751130    -7.8
19751201 19751231    -3.1
19760101 19760131    -2.1
19760201 19760229    -3.7
19760301 19760331   -10.8
19760401 19760430   -20.5
19760501 19760531   -18.7
19760601 19760630   -16.6
19760701 19760731   -21.7
19760801 19760831   -19.9
19760901 19760930   -17.8
19761001 19761031   -12.5
19761101 19761130    -7.6
19761201 19761231    -2.1
19770101 19770131    -0.1
19770201 19770228    -5.3
19770301 19770331    -7.6
19770401 19770430   -16.2
19770501 19770531   -13.2
19770601 19770630   -18.8
19770701 19770731   -15.8
19770801 19770831   -16.6
19770901 19770930   -21.0
19771001 19771031   -16.6
19771101 19771130    -9.8
19771201 19771231    -3.2
19780101 19780131    -3.5
19780201 19780228    -3.6
19780301 19780331   -12.5
19780401 19780430   -15.5
19780501 19780531   -16.9
19780601 19780630   -14.7
19780701 19780731   -16.4
19780801 19780831   -20.6
19780901 19780930   -18.2
19781001 19781031   -15.8
19781101 19781130   -10.1
19781201 19781231    -3.4
19790101 19790131    -3.7
19790201 19790228    -6.6
19790301 19790331   -10.0
19790401 19790430   -11.9
19790501 19790531   -16.5
19790601 19790630   -19.4
19790701 19790731   -18.5
19790801 19790831   -17.5
19790901 19790930   -19.3
19791001 19791031   -13.5
19791101 19791130   -11.2
19791201 19791231    -2.9
19800101 19800131    -1.5
19800201 19800229    -3.7
19800301 19800331    -6.2
19800401 19800430    -9.5
19800501 19800531   -14.7
19800601 19800630   -15.0
19800701 19800731   -10.3
19800801 19800831   -16.1
19800901 19800930   -14.2
19801001 19801031   -16.7
19801101 19801130    -5.6
19801201 19801231    -2.0
19810101 19810131    -2.2
19810201 19810228    -4.3
19810301 19810331    -5.0
19810401 19810430   -13.0
19810501 19810531   -17.6
19810601 19810630   -15.8
19810701 19810731   -15.2
19810801 19810831   -12.1
19810901 19810930   -14.6
19811001 19811031   -12.7
19811101 19811130    -8.3
19811201 19811231    -3.7
19820101 19820131    -2.0
19820201 19820228    -4.6
19820301 19820331   -13.1
19820401 19820430   -16.9
19820501 19820531   -14.4
19820601 19820630   -19.0
19820701 19820731   -15.9
19820801 19820831   -25.3
19820901 19820930   -24.1
19821001 19821031   -15.0
19821101 19821130   -11.0
19821201 19821231    -3.1
19830101 19830131    -1.4
19830201 19830228    -4.0
19830301 19830331   -11.7
19830401 19830430   -13.2
19830501 19830531   -14.0
19830601 19830630   -15.7
19830701 19830731   -24.0
19830801 19830831   -19.0
19830901 19830930   -13.7
19831001 19831031   -19.3
19831101 19831130   -10.0
19831201 19831231    -4.1
19840101 19840131    -1.2
19840201 19840229    -3.3
19840301 19840331    -5.8
19840401 19840430   -12.3
19840501 19840531   -11.9
19840601 19840630   -19.0
19840701 19840731   -17.3
19840801 19840831   -14.1
19840901 19840930   -17.6
19841001 19841031   -15.5
19841101 19841130   -11.9
19841201 19841231    -2.4
19850101 19850131    -1.9
19850201 19850228    -5.3
19850301 19850331    -6.7
19850401 19850430   -12.9
19850501 19850531   -22.8
19850601 19850630   -18.3
19850701 19850731   -21.3
19850801 19850831   -15.2
19850901 19850930   -17.7
19851001 19851031   -15.7
19851101 19851130    -7.9
19851201 19851231    -4.7
19860101 19860131    -3.3
19860201 19860228    -1.8
19860301 19860331    -7.6
19860401 19860430   -13.9
19860501 19860531   -16.9
19860601 19860630   -20.8
19860701 19860731   -20.2
19860801 19860831   -16.2
19860901 19860930   -16.5
19861001 19861031   -11.1
19861101 19861130    -8.3
19861201 19861231    -2.4
19870101 19870131    -1.3
19870201 19870228    -4.3
19870301 19870331   -10.1
19870401 19870430   -13.7
19870501 19870531   -17.6
19870601 19870630   -13.7
19870701 19870731   -14.4
19870801 19870831   -25.9
19870901 19870930   -16.1
19871001 19871031   -12.3
19871101 19871130    -7.9
19871201 19871231    -2.1
19880101 19880131    -1.8
19880201 19880229    -4.2
19880301 19880331   -10.9
19880401 19880430   -16.1
19880501 19880531   -15.5
19880601 19880630   -17.5
19880701 19880731   -21.4
19880801 19880831   -19.5
19880901 19880930   -19.4
19881001 19881031   -12.6
19881101 19881130    -8.0
19881201 19881231    -3.7
19890101 19890131    -2.7
19890201 19890228    -5.4
19890301 19890331   -11.2
19890401 19890430   -14.1
19890501 19890531   -17.6
19890601 19890630   -22.0
19890701 19890731   -18.9
19890801 19890831   -17.0
19890901 19890930   -12.7
19891001 19891031    -9.5
19891101 19891130   -11.3
19891201 19891231    -2.0
19900101 19900131    -1.3
19900201 19900228    -4.5
19900301 19900331    -9.5
19900401 19900430   -14.8
19900501 19900531   -17.3
19900601 19900630   -22.9
19900701 19900731   -15.1
19900801 19900831   -18.4
19900901 19900930   -19.9
19901001 19901031   -16.2
19901101 19901130    -9.5
19901201 19901231    -2.9
19910101 19910131    -2.0
19910201 19910228    -4.3
19910301 19910331    -8.2
19910401 19910430    -9.1
19910501 19910531   -19.4
19910601 19910630   -14.0
19910701 19910731   -17.4
19910801 19910831   -13.6
19910901 19910930   -18.1
19911001 19911031   -12.6
19911101 19911130    -7.0
19911201 19911231    -1.5
19920101 19920131    -1.3
19920201 19920229    -4.3
19920301 19920331    -8.8
19920401 19920430   -15.0
19920501 19920531   -19.9
19920601 19920630   -15.7
19920701 19920731   -20.9
19920801 19920831   -16.3
19920901 19920930   -20.4
19921001 19921031   -16.4
19921101 19921130    -9.7
19921201 19921231    -4.0
19930101 19930131    -1.5
19930201 19930228    -2.8
19930301 19930331    -9.9
19930401 19930430   -13.3
19930501 19930531   -20.9
19930601 19930630   -22.4
19930701 19930731   -20.6
19930801 19930831   -21.9
19930901 19930930   -18.9
19931001 19931031   -17.7
19931101 19931130   -10.4
19931201 19931231    -4.9
19940101 19940131    -4.0
19940201 19940228    -5.0
19940301 19940331   -10.0
19940401 19940430   -17.5
19940501 19940531   -21.6
19940601 19940630   -15.2
19940701 19940731   -17.2
19940801 19940831   -21.9
19940901 19940930   -15.1
19941001 19941031   -13.5
19941101 19941130    -8.8
19941201 19941231    -5.8
19950101 19950131    -4.4
19950201 19950228    -6.7
19950301 19950331   -11.7
19950401 19950430   -16.3
19950501 19950531   -22.3
19950601 19950630   -17.6
19950701 19950731   -14.4
19950801 19950831   -14.5
19950901 19950930   -16.3
19951001 19951031   -17.4
19951101 19951130    -8.7
19951201 19951231    -5.6
19960101 19960131    -3.2
19960201 19960229    -4.7
19960301 19960331    -8.2
19960401 19960430   -12.7
19960501 19960531   -20.0
19960601 19960630   -20.0
19960701 19960731   -15.8
19960801 19960831   -15.0
19960901 19960930   -15.9
19961001 19961031   -14.5
19961101 19961130    -7.2
19961201 19961231    -3.2
19970101 19970131    -2.0
19970201 19970228    -4.6
19970301 19970331   -10.5
19970401 19970430   -16.4
19970501 19970531   -19.9
19970601 19970630   -13.1
19970701 19970731   -21.1
19970801 19970831   -20.9
19970901 19970930   -18.3
19971001 19971031   -16.9
19971101 19971130    -7.7
19971201 19971231    -2.8
19980101 19980131    -2.4
19980201 19980228    -5.4
19980301 19980331   -12.0
19980401 19980430   -16.8
19980501 19980531   -14.4
19980601 19980630   -18.7
19980701 19980731   -22.2
19980801 19980831   -18.5
19980901 19980930   -21.1
19981001 19981031   -15.6
19981101 19981130    -8.6
19981201 19981231    -3.3
19990101 19990131    -3.7
19990201 19990228    -6.2
19990301 19990331   -12.4
19990401 19990430   -23.3
19990501 19990531   -21.7
19990601 19990630   -17.5
19990701 19990731   -23.2
19990801 19990831   -20.2
19990901 19990930   -18.9
19991001 19991031   -15.2
19991101 19991130    -9.9
19991201 19991231    -5.4
20000101 20000131    -4.2
20000201 20000229    -5.1
20000301 20000331   -10.9
20000401 20000430   -18.7
20000501 20000531   -20.4
20000601 20000630   -18.4
20000701 20000731   -17.7
20000801 20000831   -15.4
20000901 20000930   -13.0
20001001 20001031   -16.4
20001101 20001130    -6.9
20001201 20001231    -3.1
20010101 20010131    -2.2
20010201 20010228    -7.9
20010301 20010331    -7.6
20010401 20010430   -14.1
20010501 20010531   -14.5
20010601 20010630   -20.0
20010701 20010731   -13.3
20010801 20010831   -19.7
20010901 20010930   -14.3
20011001 20011031   -15.6
20011101 20011130   -10.0
20011201 20011231    -4.8
20020101 20020131    -1.4
20020201 20020228    -5.4
20020301 20020331    -9.0
20020401 20020430   -11.7
20020501 20020531   -14.8
20020601 20020630   -14.3
20020701 20020731   -16.2
20020801 20020831   -18.1
20020901 20020930   -17.5
20021001 20021031   -15.7
20021101 20021130    -6.9
20021201 20021231    -4.1
20030101 20030131    -2.3
20030201 20030228    -4.7
20030301 20030331    -9.4
20030401 20030430   -14.1
20030501 20030531   -21.9
20030601 20030630   -21.0
20030701 20030731   -20.5
20030801 20030831   -18.1
20030901 20030930   -16.7
20031001 20031031   -16.2
20031101 20031130    -8.8
20031201 20031231    -3.4
20040101 20040131    -2.8
20040201 20040229    -3.5
20040301 20040331   -10.1
20040401 20040430   -14.6
20040501 20040531   -18.3
20040601 20040630   -18.2
20040701 20040731   -21.5
20040801 20040831   -16.2
20040901 20040930   -17.2
20041001 20041031   -14.0
20041101 20041130    -9.6
20041201 20041231    -2.7
20050101 20050131    -1.5
20050201 20050228    -4.0
20050301 20050331   -10.6
20050401 20050430   -14.2
20050501 20050531   -18.8
20050601 20050630   -17.2
20050701 20050731   -22.7
20050801 20050831   -21.0
20050901 20050930   -16.1
20051001 20051031   -13.6
20051101 20051130    -8.4
20051201 20051231    -1.8
20060101 20060131    -2.4
20060201 20060228    -5.1
20060301 20060331    -7.7
20060401 20060430   -11.2
20060501 20060531   -21.7
20060601 20060630   -19.3
20060701 20060731   -16.8
20060801 20060831   -15.6
20060901 20060930   -19.3
20061001 20061031   -16.4
20061101 20061130   -11.1
20061201 20061231    -3.5
20070101 20070131    -2.4
20070201 20070228    -3.9
20070301 20070331    -7.9
20070401 20070430   -11.1
20070501 20070531   -16.1
20070601 20070630   -17.5
20070701 20070731   -14.1
20070801 20070831   -17.6
20070901 20070930   -15.9
20071001 20071031   -13.8
20071101 20071130    -7.6
20071201 20071231    -4.2
20080101 20080131    -3.2
20080201 20080229    -6.3
20080301 20080331   -10.7
20080401 20080430   -13.2
20080501 20080531   -15.5
20080601 20080630   -16.9
20080701 20080731   -16.5
20080801 20080831   -16.9
20080901 20080930   -18.4
20081001 20081031   -17.0
20081101 20081130    -8.8
20081201 20081231    -4.2
20090101 20090131    -2.8
20090201 20090228    -3.8
20090301 20090331    -8.0
20090401 20090430   -14.5
20090501 20090531   -14.6
20090601 20090630   -16.1
20090701 20090731   -13.0
20090801 20090831   -18.6
20090901 20090930   -14.2
20091001 20091031   -13.1
20091101 20091130    -9.0
20091201 20091231    -3.4
20100101 20100131    -1.2
20100201 20100228    -5.9
20100301 20100331   -10.8
20100401 20100430   -18.4
20100501 20100531   -17.7
20100601 20100630   -16.8
20100701 20100731   -20.2
20100801 20100831   -21.0
20100901 20100930   -17.7
20101001 20101031   -15.0
20101101 20101130    -9.3
20101201 20101231    -4.2
20110101 20110131    -1.5
20110201 20110228    -6.0
20110301 20110331   -10.1
20110401 20110430   -11.5
20110501 20110531   -19.2
20110601 20110630   -21.3
20110701 20110731   -20.4
20110801 20110831   -16.7
20110901 20110930   -16.9
20111001 20111031   -14.3
20111101 20111130   -10.7
20111201 20111231    -3.4
20120101 20120131    -3.5
20120201 20120229    -5.5
20120301 20120331    -9.2
20120401 20120430   -13.8
20120501 20120531   -16.1
20120601 20120630   -21.9
20120701 20120731   -22.1
20120801 20120831   -19.3
20120901 20120930   -18.7
20121001 20121031   -12.8
20121101 20121130    -7.9
20121201 20121231    -4.3
20130101 20130131    -2.2
20130201 20130228    -5.9
20130301 20130331   -13.2
20130401 20130430   -16.8
20130501 20130531   -15.0
20130601 20130630   -17.6
20130701 20130731   -22.5
20130801 20130831   -19.9
20130901 20130930   -12.0
20131001 20131031   -15.1
20131101 20131130    -9.6
20131201 20131231    -4.1
20140101 20140131    -1.4
20140201 20140228    -4.9
20140301 20140331   -11.7
20140401 20140430   -17.0
20140501 20140531   -18.3
20140601 20140630   -23.8
20140701 20140731   -18.5
20140801 20140831   -24.6
20140901 20140930   -15.6
20141001 20141031   -14.1
20141101 20141130    -6.2
20141201 20141231    -2.8
20150101 20150131    -2.3
20150201 20150228    -3.7
20150301 20150331    -9.4
20150401 20150430   -17.3
20150501 20150531   -20.2
20150601 20150630   -16.5
20150701 20150731   -22.8
20150801 20150831   -20.9
20150901 20150930   -19.2
20151001 20151031   -17.4
20151101 20151130    -9.4
20151201 20151231    -3.3
20160101 20160131    -3.7
20160201 20160229    -6.0
20160301 20160331   -10.4
20160401 20160430   -15.2
20160501 20160531   -14.6
20160601 20160630   -20.9
20160701 20160731   -21.6
20160801 20160831   -15.8
20160901 20160930   -19.9
20161001 20161031   -12.5
20161101 20161130    -6.7
20161201 20161231    -2.8
20170101 20170131    -2.0
20170201 20170228    -4.1
20170301 20170331    -8.5
20170401 20170430   -13.0
20170501 20170531   -17.1
20170601 20170630   -22.9
20170701 20170731   -22.5
20170801 20170831   -20.2
20170901 20170930   -19.8
20171001 20171031   -16.5
20171101 20171130    -7.9
20171201 20171231    -4.1
20180101 20180131    -2.5
20180201 20180228    -4.9
20180301 20180331   -11.9
20180401 20180430   -10.3
20180501 20180531   -19.1
20180601 20180630   -16.2
20180701 20180731   -14.1
20180801 20180831   -23.2
20180901 20180930   -21.4
20181001 20181031   -14.1
20181101 20181130    -7.3
20181201 20181231    -3.7
20190101 20190131    -2.7
20190201 20190228    -5.1
20190301 20190331    -8.3
20190401 20190430   -13.4
20190501 20190531   -19.6
20190601 20190630   -20.2
20190701 20190731   -17.5
20190801 20190831   -17.5
20190901 20190930   -20.1
20191001 20191031   -15.4
20191101 20191130    -8.4
20191201 20191231    -4.0
20200101 20200131    -1.4
20200201 20200229    -4.9
20200301 20200331   -12.0
20200401 20200430    -9.6
20200501 20200531   -17.7
20200601 20200630   -19.7
20200701 20200731   -17.0
20200801 20200831   -21.5
20200901 20200930   -16.6
20201001 20201031   -14.7
20201101 20201130    -9.1
20201201 20201231    -4.9
