01711419850801   172   80
01711419850802   238   86
01711419850803   305   75
01711419850804   335  120
01711419850805   270  161
01711419850806  -999 -999
01711419850807  -999 -999
01711419850808  -999 -999
01711419850809  -999 -999
01711419850810  -999 -999
01711419850811  -999 -999
01711419850812   240 -999
01711419850813   265   45
01711419850814   217   56
01711419850815   211   40
01711419850816   210   36
01711419850817   202   56
01711419850818   210   48
01711419850819   217  102
01711419850820   263 -999
01711419850821   240   96
01711419850822   217   63
01711419850823   215   52
01711419850824   280   91
01711419850825   299  140
01711419850826   268   89
01711419850827   318  140
01711419850828   176 -999
01711419850829   205   38
01711419850830  -999   32
01711419850831  -999 -999
01711419850901   175 -999
01711419850902   190   35
01711419850903   215   55
01711419850904   230   87
01711419850905   240   70
01711419850906   240   51
01711419850907   251   61
01711419850908   267  115
01711419850909   323  124
01711419850910   210   75
01711419850911   218   50
01711419850912  -999   61
01711419850913  -999 -999
01711419850914  -999 -999
01711419850915  -999 -999
01711419850916   257 -999
01711419850917   226   70
01711419850918   240   62
01711419850919   222  110
01711419850920   222   58
01711419850921   245   52
01711419850922   295  112
01711419850923   294  158
01711419850924   273  106
01711419850925   242  125
01711419850926   230  105
01711419850927   216   65
01711419850928   230   49
01711419850929   251   65
01711419850930   294  132
01711419851001   337  150
01711419851002   357  148
01711419851003   367  186
01711419851004   385 -999
01711419851005   312 -999
01711419851006   315  158
01711419851007   286  140
01711419851008   282   88
01711419851009   311  101
01711419851010   336  172
01711419851011   274  151
01711419851012   261  110
01711419851013   280  107
01711419851014   198  145
01711419851015   276  116
01711419851016   282  125
01711419851017   220  151
01711419851018   201  150
01711419851019   261  106
01711419851020   263  144
01711419851021   307  164
01711419851022   244  170
01711419851023   202   82
01711419851024   215   94
01711419851025   240   85
01711419851026   274  105
01711419851027   301  132
01711419851028   350  202
01711419851029   384  215
01711419851030   288  154
01711419851031   273  170
01711419851101   187  145
01711419851102   232  140
01711419851103   262  141
01711419851104   287  157
01711419851105   337  180
01711419851106   345  194
01711419851107   355  175
01711419851108   390  181
01711419851109   424  222
01711419851110   305  275
01711419851111   368  201
01711419851112   364  222
01711419851113   387  208
01711419851114   315  204
01711419851115   315  155
01711419851116   353  195
01711419851117  -999  185
01711419851118   319 -999
01711419851119   306  157
01711419851120   319  135
01711419851121   316  186
01711419851122   355  191
01711419851123  -999  150
01711419851124   388 -999
01711419851125   288  166
01711419851126   281  145
01711419851127   282  146
01711419851128  -999  155
01711419851129   346 -999
01711419851130   432 -999
01711419851201   410  216
01711419851202   408  224
01711419851203   354  245
01711419851204   391  186
01711419851205   446  250
01711419851206   445  185
01711419851207   310  105
01711419851208   296  150
01711419851209   287  115
01711419851210   315  160
01711419851211   345  170
01711419851212   380  175
01711419851213   365  204
01711419851214   405  197
01711419851215  -999  294
01711419851216   445 -999
01711419851217   342  152
01711419851218   397  185
01711419851219  -999  250
01711419851220   426 -999
01711419851221   328  196
01711419851222   308  177
01711419851223   322  156
01711419851224   374  170
01711419851225   450  165
01711419851226   295  150
01711419851227   315  157
01711419851228   366  165
01711419851229   410  237
01711419851230  -999  250
01711419851231  -999 -999
01711419860201  -999 -999
01711419860202  -999 -999
01711419860203  -999 -999
01711419860204  -999 -999
01711419860205  -999 -999
01711419860206  -999 -999
01711419860207  -999 -999
01711419860208  -999 -999
01711419860209  -999 -999
01711419860210  -999 -999
01711419860211  -999 -999
01711419860212  -999 -999
01711419860213  -999 -999
01711419860214  -999 -999
01711419860215  -999 -999
01711419860216  -999 -999
01711419860217   445 -999
01711419860218   306  201
01711419860219   317  173
01711419860220   350  170
01711419860221   353  175
01711419860222   372  194
01711419860223   386  221
01711419860224   415  253
01711419860225   355  224
01711419860226   343  185
01711419860227   395  181
01711419860228   424  204
01711419860301   402  223
01711419860302   383  225
01711419860303   410  204
01711419860304   435  240
01711419860305   438  245
01711419860306   442  237
01711419860307   346  220
01711419860308   310  178
01711419860309   315  165
01711419860310   301  180
01711419860311   312  120
01711419860312   336  140
01711419860313   363  130
01711419860314   390  180
01711419860315   384  206
01711419860316   372  210
01711419860317   366  200
01711419860318   385  175
01711419860319   410  202
01711419860320   405  255
01711419860321   406  240
01711419860322   410  246
01711419860323   410  251
01711419860324   380  225
01711419860325   372  205
01711419860326   398  216
01711419860327   393  235
01711419860328   412  225
01711419860329   415  252
01711419860330   381  246
01711419860331   380  215
01711419860401   380  230
01711419860402   382  225
01711419860403   380  195
01711419860404   398  240
01711419860405   305  190
01711419860406   300  139
01711419860407   290  121
01711419860408   301   91
01711419860409  -999  104
01711419860410  -999 -999
01711419860411   335 -999
01711419860412   295  105
01711419860413   312  130
01711419860414   332  157
01711419860415   292  177
01711419860416   238  104
01711419860417   234   90
01711419860418  -999   95
01711419860419  -999 -999
01711419860420   282 -999
01711419860421   290   85
01711419860422   300   88
01711419860423   311  104
01711419860424   306  120
01711419860425   270  132
01711419860426   215  140
01711419860427   226   80
01711419860428   232  115
01711419860429  -999   70
01711419860430   210 -999
01711419860501   230   45
01711419860502   236   52
01711419860503   258   70
01711419860504   277  100
01711419860505   278  110
01711419860506   301  160
01711419860507   310  180
01711419860508   270 -999
01711419860509   270   83
01711419860510   235   95
01711419860511   255   90
01711419860512   246  140
01711419860513   250  102
01711419860514  -999 -999
01711419860515  -999 -999
01711419860516   310 -999
01711419860517   243 -999
01711419860518   304 -999
01711419860519   228 -999
01711419860520   252 -999
01711419860521   277 -999
01711419860522   266 -999
01711419860523   210  130
01711419860524   212  105
01711419860525   225   65
01711419860526   237   75
01711419860527   253   70
01711419860528   245   78
01711419860529   221   70
01711419860530   201   75
01711419860531   208   45
01711419860601   212   41
01711419860602   224   41
01711419860603   195   39
01711419860604   195   24
01711419860605   207   28
01711419860606   210   70
01711419860607   250  111
01711419860608   232  110
01711419860609   215   60
01711419860610   205   45
01711419860611   202   78
01711419860612   202   62
01711419860613   205   52
01711419860614   212   50
01711419860615   214   33
01711419860616   222   51
01711419860617   220  102
01711419860618   200  111
01711419860619   140   89
01711419860620   150   90
01711419860621   171   65
01711419860622   146   25
01711419860623   170   20
01711419860624   176   40
01711419860625   176   70
01711419860626   178   60
01711419860627   192   85
01711419860628   242   89
01711419860629   250  110
01711419860630   171  122
01711419860701   202  131
01711419860702   195   95
01711419860703   224   70
01711419860704  -999   94
01711419860705  -999 -999
01711419860706   200 -999
01711419860707   172   21
01711419860708   170   54
01711419860709   155   25
01711419860710   136   18
01711419860711   165   41
01711419860712   156    5
01711419860713   152    6
01711419860714   181   25
01711419860715   221   86
01711419860716   187   70
01711419860717   191   48
01711419860718   201   40
01711419860719  -999   58
01711419860720   192 -999
01711419860721   192   20
01711419860722   138  106
01711419860723   201  122
01711419860724   212  127
01711419860725   190   85
01711419860726   143   95
01711419860727   146   45
01711419860728   150   66
01711419860729   153   15
01711419860730   170   21
01711419860731   187   32
01711419860801   211   36
01711419860802   205   60
01711419860803   165   52
01711419860804   195  100
01711419860805   175  110
01711419860806  -999   45
01711419860807  -999 -999
01711419860808  -999 -999
01711419860809  -999 -999
01711419860810  -999 -999
01711419860811   210 -999
01711419860812   218   48
01711419860813   194  135
01711419860814   165   80
01711419860815   190   41
01711419860816   194   65
01711419860817   190   41
01711419860818   222   60
01711419860819   260   97
01711419860820   274  105
01711419860821   265  164
01711419860822   288  154
01711419860823   270  168
01711419860824   222   25
01711419860825   235  115
01711419860826   197   78
01711419860827   215   55
01711419860828   270   93
01711419860829   220  105
01711419860830  -999   70
01711419860831  -999 -999
01711419860901   235 -999
01711419860902   250   74
01711419860903   260   75
01711419860904   300   95
01711419860905   264   95
01711419860906   230  105
01711419860907   225   80
01711419860908  -999   70
01711419860909  -999 -999
01711419860910  -999 -999
01711419860911  -999 -999
01711419860912  -999 -999
01711419860913  -999 -999
01711419860914  -999 -999
01711419860915   305 -999
01711419860916   227   95
01711419860917   220   55
01711419860918   257   74
01711419860919   315  130
01711419860920   230  100
01711419860921   280   60
01711419860922   304  125
01711419860923   342  188
01711419860924   285   90
01711419860925   305  105
01711419860926   350  185
01711419860927   290  188
01711419860928   226  100
01711419860929   275   90
01711419860930   291  114
01711419861001   354  175
01711419861002   155  115
01711419861003   210   51
01711419861004   278  101
01711419861005   350  185
01711419861006   294  135
01711419861007   300  200
01711419861008   285  144
01711419861009   246  115
01711419861010   260  106
01711419861011   316  145
01711419861012   366  255
01711419861013   406  223
01711419861014   241  100
01711419861015   280  115
01711419861016   316  130
01711419861017   392  160
01711419861018   262  110
01711419861019  -999  107
01711419861020  -999 -999
01711419861021   310  100
01711419861022   218   65
01711419861023   240   85
01711419861024   275  105
01711419861025   285  130
01711419861026   285  155
01711419861027  -999  157
01711419861028   350 -999
01711419861029   325  165
01711419861030   411  115
01711419861031   265  100
01711419861101   288  120
01711419861102   325  135
01711419861103   355  170
01711419861104   386  195
01711419861105   430  260
01711419861106   195 -999
01711419861107   284  140
01711419861108   315  164
01711419861109   335  155
01711419861110   382  175
01711419861111   265  162
01711419861112   315  162
01711419861113   360  166
01711419861114   410  195
01711419861115   437  225
01711419861116   420  221
01711419861117   345  162
01711419861118   260   86
01711419861119   280  128
01711419861120   298  130
01711419861121  -999  125
01711419861122  -999 -999
01711419861123   376 -999
01711419861124   398  120
01711419861125   405  230
01711419861126   412  210
01711419861127   345  218
01711419861128   351  205
01711419861129   360  222
01711419861130   385  245
01711419861201   387  184
01711419861202   390  224
01711419861203   370  234
01711419861204   366  244
01711419861205   390  260
01711419861206   360  143
01711419861207   266  175
01711419861208   270  140
01711419861209   335  150
01711419861210   298  185
01711419861211   290  146
01711419861212   315  155
01711419861213   330  174
01711419861214   335  195
01711419861215   382  230
01711419861216  -999  155
01711419861217  -999 -999
01711419861218   315 -999
01711419861219  -999  145
01711419861220   354  190
01711419861221   350  176
01711419861222   342  170
01711419861223   370  200
01711419861224   395  195
01711419861225   418  192
01711419861226   436  250
01711419861227  -999 -999
01711419861228  -999 -999
01711419861229  -999 -999
01711419861230  -999 -999
01711419861231  -999 -999
01711419870215   264 -999
01711419870216   290  205
01711419870217   350  212
01711419870218   352  224
01711419870219   380  235
01711419870220   335  190
01711419870221   340  175
01711419870222   305 -999
01711419870223   340  160
01711419870224   372  175
01711419870225   345  200
01711419870226   372  205
01711419870227   391  260
01711419870228   208  170
01711419870301   216  155
01711419870302   252  142
01711419870303   285  138
01711419870304   317  150
01711419870305   332  185
01711419870306   335  185
01711419870307   282  157
01711419870308   285  140
01711419870309   298  160
01711419870310   305  135
01711419870311   317  130
01711419870312   351  142
01711419870313   335  165
01711419870314   344  170
01711419870315   351  160
01711419870316   382  230
01711419870317   405  230
01711419870318   410  235
01711419870319   310  195
01711419870320   278  157
01711419870321   282  145
01711419870322   300  132
01711419870323   306  145
01711419870324   325  150
01711419870325   340  188
01711419870326   344  156
01711419870327   377  186
01711419870328   290  194
01711419870329   270  140
01711419870330  -999  125
01711419870331   275 -999
01711419870401   296  125
01711419870402   316  130
01711419870403   335  145
01711419870404   360  170
01711419870405   380  225
01711419870406   300  165
01711419870407   310  130
01711419870408   312  142
01711419870409   310  144
01711419870410   316  145
01711419870411  -999  140
01711419870412   345 -999
01711419870413   344  126
01711419870414   310  186
01711419870415   321  180
01711419870416  -999  155
01711419870417   311 -999
01711419870418   285  100
01711419870419   315   85
01711419870420   235  135
01711419870421  -999  120
01711419870422  -999 -999
01711419870423  -999 -999
01711419870424  -999 -999
01711419870425  -999 -999
01711419870426  -999 -999
01711419870427  -999 -999
01711419870428   254 -999
01711419870429   275  100
01711419870430   272  120
01711419870501   305  145
01711419870502  -999  190
01711419870503   272 -999
01711419870504   220   80
01711419870505   210   97
01711419870506   226  110
01711419870507   245   80
01711419870508   270  117
01711419870509   270  104
01711419870510   305  145
01711419870511   285  205
01711419870512   250  160
01711419870513   232   70
01711419870514   220   80
01711419870515   210   70
01711419870516  -999   85
01711419870517   201 -999
01711419870518   210   50
01711419870519   198  125
01711419870520   220  100
01711419870521   240   70
01711419870522   225   75
01711419870523   240   62
01711419870524   247   65
01711419870525   265   65
01711419870526  -999   80
01711419870527   230 -999
01711419870528   175   20
01711419870529   180   10
01711419870530   190    5
01711419870531   201   20
01711419870601   196   35
01711419870602   195   30
01711419870603   195   20
01711419870604   182   15
01711419870605  -999   65
01711419870606  -999 -999
01711419870607   248 -999
01711419870608   255   90
01711419870609   272  150
01711419870610   285  180
01711419870611   195  148
01711419870612   210  125
01711419870613   182   85
01711419870614   160   25
01711419870615   170   20
01711419870616   195   65
01711419870617   160  120
01711419870618   205   75
01711419870619   215   90
01711419870620   240  115
01711419870621   200  142
01711419870622   205   45
01711419870623   184   60
01711419870624   164   26
01711419870625   180   15
01711419870626   200   24
01711419870627   190   50
01711419870628  -999   30
01711419870629   200 -999
01711419870630   205   50
01711419870701  -999   55
01711419870702   220 -999
01711419870703   201   52
01711419870704   185   60
01711419870705   190   40
01711419870706   194   25
01711419870707   210   30
01711419870708   230   25
01711419870709   236  110
01711419870710   248   85
01711419870711   240   92
01711419870712   225   95
01711419870713  -999   95
01711419870714  -999  115
01711419870715  -999 -999
01711419870716  -999 -999
01711419870717  -999 -999
01711419870718  -999 -999
01711419870719  -999 -999
01711419870720  -999 -999
01711419870721   180 -999
01711419870722   174   35
01711419870723   175   15
01711419870724   180   30
01711419870725   205   55
01711419870726   190   55
01711419870727   188   60
01711419870728   182   28
01711419870729   188   20
01711419870730   257  100
01711419870731   200   38
01711419870801   240   88
01711419870802   186   84
01711419870803   180   78
01711419870804   190   10
01711419870805   210   20
01711419870806   215   35
01711419870807   225   40
01711419870808   225   45
01711419870809   205   40
01711419870810   182   45
01711419870811   205   35
01711419870812   212   35
01711419870813   221   45
01711419870814   245   55
01711419870815   270   65
01711419870816   225   95
01711419870817   191   55
01711419870818   190   15
01711419870819   192   26
01711419870820   201   20
01711419870821   245   75
01711419870822   285   76
01711419870823   190   72
01711419870824   210   25
01711419870825   235   80
01711419870826   268 -999
01711419870827   245  125
01711419870828   200   80
01711419870829   206   45
01711419870830   240   65
01711419870831   210   75
01711419870901   220   75
01711419870902   275   80
01711419870903   250  140
01711419870904   242  125
01711419870905   224  105
01711419870906   220  105
01711419870907   205   70
01711419870908   217   55
01711419870909   235   65
01711419870910   240   80
01711419870911   250   75
01711419870912   270   55
01711419870913   273   85
01711419870914   250   90
01711419870915   255   84
01711419870916   272   75
01711419870917   290   95
01711419870918   310  130
01711419870919   365  135
01711419870920   255   85
01711419870921   270   75
01711419870922   300   82
01711419870923   351  105
01711419870924   356  185
01711419870925   356  180
01711419870926   352  190
01711419870927   380  150
01711419870928  -999  155
01711419870929  -999  110
01711419870930   272 -999
01711419871001  -999   85
01711419871002   275 -999
01711419871003   305   90
01711419871004   295  165
01711419871005   270   90
01711419871006   402  160
01711419871007   325  180
01711419871008   310  152
01711419871009   320  150
01711419871010   340  215
01711419871011   350  180
01711419871012   270  140
01711419871013   276  140
01711419871014   375  115
01711419871015   390  190
01711419871016   275  120
01711419871017   280  105
01711419871018   322  125
01711419871019   245  115
01711419871020   270  142
01711419871021   326  120
01711419871022   346  180
01711419871023   300  155
01711419871024  -999  126
01711419871025  -999 -999
01711419871026   338 -999
01711419871027   362  195
01711419871028   375  240
01711419871029   400  245
01711419871030   410  265
01711419871031   410  265
01711419871101  -999 -999
01711419871102  -999 -999
01711419871103  -999 -999
01711419871104  -999 -999
01711419871105  -999 -999
01711419871106  -999 -999
01711419871107  -999 -999
01711419871108  -999 -999
01711419871109  -999 -999
01711419871110  -999 -999
01711419871111  -999 -999
01711419871112  -999 -999
01711419871113  -999 -999
01711419871114  -999 -999
01711419871115  -999 -999
01711419871116   408 -999
01711419871117   373  220
01711419871118   406  220
01711419871119   379  275
01711419871120   330  165
01711419871121   364  195
01711419871122   445  220
01711419871123   446  240
01711419871124   298  175
01711419871125   284  140
01711419871126  -999  195
01711419871127   330 -999
01711419871128   385  143
01711419871129   351  220
01711419871130   440  218
01711419871201   273  185
01711419871202   273  136
01711419871203   309  124
01711419871204   338  180
01711419871205   340  160
01711419871206   370  174
01711419871207   403  218
01711419871208   435  261
01711419871209   435  273
01711419871210   407  260
01711419871211   404  284
01711419871212   419  239
01711419871213   415  240
01711419871214   396  308
01711419871215   335  266
01711419871216   356  226
01711419871217   370  235
01711419871218   398  258
01711419871219   427  280
01711419871220  -999  309
01711419871221   405  260
01711419871222   412  255
01711419871223  -999  270
01711419871224  -999 -999
01711419871225   385 -999
01711419871226   425  277
01711419871227   295  246
01711419871228   320  137
01711419871229   320  155
01711419871230  -999  155
01711419871231  -999 -999
01711419880101   394 -999
01711419880102   339  195
01711419880103   356  190
01711419880104   368  205
01711419880105   370  228
01711419880106   405  209
01711419880107   420  254
01711419880108   430  260
01711419880109   444  272
01711419880110   455  295
01711419880111  -999  310
01711419880112   470 -999
01711419880113   475  335
01711419880114   475  317
01711419880115   325  195
01711419880116   335  182
01711419880117   360  205
01711419880118   375  190
01711419880119  -999  225
01711419880120   405 -999
01711419880121  -999  250
01711419880122   420 -999
01711419880123   405  222
01711419880124   304  175
01711419880125   326  180
01711419880126  -999  164
01711419880127  -999 -999
01711419880128   420 -999
01711419880129   410  235
01711419880130   415  280
01711419880131   405  260
01711419880201   400  270
01711419880202   375  230
01711419880203   370  225
01711419880204   375  235
01711419880205  -999  260
01711419880206   275 -999
01711419880207   275  140
01711419880208   306  155
01711419880209   345  165
01711419880210   365  178
01711419880211   320  190
01711419880212   320  165
01711419880213   335  180
01711419880214   360  185
01711419880215   370  185
01711419880216   375  195
01711419880217   375  195
01711419880218   390  175
01711419880219   345  215
01711419880220  -999  160
01711419880221  -999 -999
01711419880222   383 -999
01711419880223   392  185
01711419880224   425  200
01711419880225   430  220
01711419880226   430  230
01711419880227   325  185
01711419880228   305  175
01711419880229   360  170
01711419880301  -999  200
01711419880302   410 -999
01711419880303   345  205
01711419880304   305  180
01711419880305   340  160
01711419880306   365  160
01711419880307   380  175
01711419880308   395  225
01711419880309  -999  220
01711419880310   405 -999
01711419880311   320  190
01711419880312   290  150
01711419880313   265  110
01711419880314   308  140
01711419880315   315  135
01711419880316   320  125
01711419880317   320  220
01711419880318   360  145
01711419880319   375  165
01711419880320   372  235
01711419880321   360  205
01711419880322   365  220
01711419880323   365  185
01711419880324   355  190
01711419880325   325  202
01711419880326   355  185
01711419880327   375  190
01711419880328   390  245
01711419880329   305  275
01711419880330   210  190
01711419880331   255  185
01711419880401   252  185
01711419880402   265  195
01711419880403   280  165
01711419880404   282  145
01711419880405   305  140
01711419880406   310  160
01711419880407   305  195
01711419880408   270  165
01711419880409   260  125
01711419880410   260 -999
01711419880411   260  125
01711419880412  -999  122
01711419880413   295 -999
01711419880414   305  139
01711419880415   320  150
01711419880416   295  175
01711419880417   280  150
01711419880418  -999  142
01711419880419   300 -999
01711419880420  -999  145
01711419880421  -999 -999
01711419880422   320 -999
01711419880423   300  160
01711419880424   315  160
01711419880425   310  205
01711419880426   310  154
01711419880427   240  135
01711419880428   230   85
01711419880429   260  105
01711419880430  -999  125
01711419880501  -999 -999
01711419880502   295 -999
01711419880503   285  135
01711419880504   270  175
01711419880505   285  180
01711419880506  -999  185
01711419880507  -999 -999
01711419880508   280 -999
01711419880509   210  150
01711419880510  -999  110
01711419880511   235 -999
01711419880512  -999   75
01711419880513  -999 -999
01711419880514   250 -999
01711419880515   215  130
01711419880516   245  155
01711419880517   240  125
01711419880518   250  100
01711419880519   245  150
01711419880520   210   85
01711419880521   205   90
01711419880522   245  140
01711419880523   210  110
01711419880524   215   75
01711419880525  -999   90
01711419880526   180 -999
01711419880527  -999  100
01711419880528  -999 -999
01711419880529  -999 -999
01711419880530  -999 -999
01711419880531   235 -999
01711419880601   240   65
01711419880602   250   70
01711419880603   265  120
01711419880604   175  140
01711419880605   180   35
01711419880606   250   30
01711419880607   220   55
01711419880608   255  120
01711419880609   210  120
01711419880610  -999   60
01711419880611   230 -999
01711419880612   245   80
01711419880613   255   90
01711419880614   265   70
01711419880615   195  110
01711419880616   200   45
01711419880617   215   45
01711419880618  -999   75
01711419880619   265 -999
01711419880620   290  120
01711419880621   205  100
01711419880622   185   35
01711419880623   170   35
01711419880624   185   20
01711419880625   210   20
01711419880626   225   15
01711419880627   225   50
01711419880628   210   70
01711419880629   180   70
01711419880630   175   80
01711419880701   165   75
01711419880702   155  100
01711419880703   105   50
01711419880704   129   85
01711419880705   185   90
01711419880706  -999  115
01711419880707   205 -999
01711419880708  -999   95
01711419880709  -999 -999
01711419880710  -999 -999
01711419880711   235 -999
01711419880712   185   45
01711419880713   215   45
01711419880714   250 -999
01711419880715   240   65
01711419880716   230  115
01711419880717   245   70
01711419880718  -999   75
01711419880719   265 -999
01711419880720  -999   80
01711419880721  -999 -999
01711419880722  -999 -999
01711419880723   260 -999
01711419880724   295   70
01711419880725  -999  100
01711419880726   305 -999
01711419880727   215   45
01711419880728  -999   45
01711419880729  -999 -999
01711419880730   240 -999
01711419880731   215   45
01711419880801   200   60
01711419880802   194   70
01711419880803   260   40
01711419880804   245   65
01711419880805   205   50
01711419880806  -999   40
01711419880807   170   55
01711419880808   200   45
01711419880809   195   20
01711419880810   190   10
01711419880811   195   15
01711419880812   205   35
01711419880813   255   40
01711419880814   280  115
01711419880815   320  100
01711419880816   330  100
01711419880817   292  120
01711419880818   230  100
01711419880819   235   65
01711419880820   290   75
01711419880821   245   92
01711419880822   140   95
01711419880823   175   45
01711419880824   190   40
01711419880825   200   65
01711419880826   260  100
01711419880827   209   40
01711419880828   220   65
01711419880829   235   75
01711419880830   270   95
01711419880831   240  115
01711419880901   240   65
01711419880902   232   95
01711419880903   235   84
01711419880904   250   76
01711419880905   215  135
01711419880906   255   65
01711419880907   270   95
01711419880908   307   50
01711419880909   360   75
01711419880910   276  225
01711419880911   255  120
01711419880912   220  120
01711419880913   235   80
01711419880914   238   95
01711419880915   270   95
01711419880916   230  105
01711419880917   237  100
01711419880918   260   55
01711419880919   255   90
01711419880920   280  120
01711419880921   317  128
01711419880922   355   70
01711419880923   300   50
01711419880924   264   50
01711419880925   276   98
01711419880926   345   42
01711419880927  -999  135
01711419880928   390 -999
01711419880929   310   50
01711419880930   395  210
01711419881001   332  122
01711419881002   345  146
01711419881003   395  145
01711419881004   425  195
01711419881005   300  185
01711419881006   300  160
01711419881007   355  175
01711419881008   295  170
01711419881009   309  175
01711419881010   305  148
01711419881011   337  145
01711419881012   400  175
01711419881013   400  180
01711419881014  -999  220
01711419881015   360 -999
01711419881016   345  160
01711419881017   310  145
01711419881018   375  170
01711419881019   420  215
01711419881020   450  235
01711419881021   345  230
01711419881022   240  110
01711419881023   270  110
01711419881024   295  135
01711419881025   335  125
01711419881026   360  175
01711419881027   365  175
01711419881028   427  175
01711419881029   370  200
01711419881030   380  180
01711419881031   400  215
01711419881101   420  240
01711419881102   432  270
01711419881103   410  255
01711419881104   290  220
01711419881105   280  160
01711419881106   320  140
01711419881107   390  185
01711419881108   322  195
01711419881109   321  151
01711419881110   316  152
01711419881111   340  143
01711419881112   380  160
01711419881113   360  220
01711419881114   280  120
01711419881115  -999  120
01711419881116  -999 -999
01711419881117   305  110
01711419881118   340  190
01711419881119   310  170
01711419881120   290  170
01711419881121   290  140
01711419881122   320  160
01711419881123  -999  210
01711419881124  -999 -999
01711419881125   315 -999
01711419881126   292  150
01711419881127   285  143
01711419881128   330  148
01711419881129   349  150
01711419881130  -999  190
01711419881201  -999 -999
01711419881202   400 -999
01711419881203   425  235
01711419881204   330  255
01711419881205   320  210
01711419881206   320  220
01711419881207   295  220
01711419881208  -999  180
01711419881209   355 -999
01711419881210   375  240
01711419881211   290  150
01711419881212   325  180
01711419881213   342  170
01711419881214   379  188
01711419881215   408  216
01711419881216   420  230
01711419881217   415  230
01711419881218   420  225
01711419881219   425  215
01711419881220   445  280
01711419881221   370  240
01711419881222   330  220
01711419881223   410 -999
01711419881224   380 -999
01711419881225   335  230
01711419881226   315  190
01711419881227   325  195
01711419881228   335  180
01711419881229  -999  220
01711419881230   375  220
01711419881231   400  230
01711419890101   390  255
01711419890102   395  270
01711419890103   275  210
01711419890104   290  170
01711419890105   305  150
01711419890106   345  150
01711419890107   400  225
01711419890108   389  235
01711419890109   340  197
01711419890110   320  180
01711419890111   310  120
01711419890112   340  160
01711419890113  -999  180
01711419890114   380  205
01711419890115   400  215
01711419890116   430  210
01711419890117   430  260
01711419890118   395  260
01711419890119   355  200
01711419890120   380  210
01711419890121   385  220
01711419890122   365  220
01711419890123   395  180
01711419890124   405  185
01711419890125   405  285
01711419890126   395  270
01711419890127   400  250
01711419890128   405  250
01711419890129   415  250
01711419890130   410  235
01711419890131   395  250
01711419890201   370  195
01711419890202   385  195
01711419890203   400  250
01711419890204   395  240
01711419890205   390  195
01711419890206   405  240
01711419890207   440  240
01711419890208   425  300
01711419890209   345  230
01711419890210   310  190
01711419890211   320  160
01711419890212   395  175
01711419890213   395  170
01711419890214   325  240
01711419890215   420  195
01711419890216   425  310
01711419890217   430  335
01711419890218   450  250
01711419890219   350  210
01711419890220   310  190
01711419890221   320  185
01711419890222   330  185
01711419890223   365  170
01711419890224   410  195
01711419890225   410  265
01711419890226   415  250
01711419890227   415  250
01711419890228   415  250
01711419890301   401  240
01711419890302   400  225
01711419890303   395  215
01711419890304   390  220
01711419890305   390  230
01711419890306   405  270
01711419890307   405  280
01711419890308   400  270
01711419890309   410  265
01711419890310   410  305
01711419890311   400  265
01711419890312   295  230
01711419890313   280  220
01711419890314   195  145
01711419890315   240  140
01711419890316   250  110
01711419890317   260  135
01711419890318   290  170
01711419890319   300  190
01711419890320   250  215
01711419890321   320  220
01711419890322   355  230
01711419890323   295  215
01711419890324   205  180
01711419890325   195  155
01711419890326   240  145
01711419890327   240  120
01711419890328   260  115
01711419890329   275  140
01711419890330   280  135
01711419890331   285  135
01711419890401   289  125
01711419890402   295  140
01711419890403   315  150
01711419890404   360  185
01711419890405   270  140
01711419890406   230  150
01711419890407   270  185
01711419890408   268  195
01711419890409   302  185
01711419890410   300  180
01711419890411   225  170
01711419890412   225  130
01711419890413  -999  104
01711419890414   260  114
01711419890415   285  120
01711419890416  -999  115
01711419890417   305 -999
01711419890418   265  165
01711419890419   275  125
01711419890420   280  120
01711419890421   280  110
01711419890422   290  125
01711419890423   280  145
01711419890424   265  130
01711419890425   280  135
01711419890426   240  180
01711419890427   260  150
01711419890428   240  110
01711419890429   225  145
01711419890430   260  148
01711419890501   265  130
01711419890502   275  170
01711419890503   305  165
01711419890504   260  125
01711419890505   220  130
01711419890506   235  100
01711419890507   195  100
01711419890508   215   55
01711419890509   225   75
01711419890510   225   90
01711419890511   240   85
01711419890512   210   95
01711419890513   255   65
01711419890514   240   90
01711419890515   210   70
01711419890516   195   60
01711419890517   245   85
01711419890518  -999  155
01711419890519   260 -999
01711419890520   250  100
01711419890521   248  110
01711419890522   256  142
01711419890523   265   89
01711419890524   240   65
01711419890525   205  130
01711419890526   200  110
01711419890527   195  105
01711419890528   215  100
01711419890529   240  120
01711419890530   235  140
01711419890531   240  125
01711419890601   160  115
01711419890602  -999  115
01711419890603   180 -999
01711419890604   155  105
01711419890605   170   90
01711419890606   170   40
01711419890607   190   75
01711419890608   220  120
01711419890609   170   65
01711419890610  -999   80
01711419890611   170 -999
01711419890612   170   15
01711419890613   170   40
01711419890614   160  105
01711419890615   225  125
01711419890616   210  120
01711419890617   195  120
01711419890618  -999   60
01711419890619   160 -999
01711419890620   180   65
01711419890621  -999   25
01711419890622   170 -999
01711419890623   172   10
01711419890624   140    0
01711419890625   155  -15
01711419890626   160   -5
01711419890627   150    0
01711419890628   170    0
01711419890629   188    0
01711419890630   210   20
01711419890701   230   50
01711419890702  -999   55
01711419890703   220 -999
01711419890704  -999   40
01711419890705   170 -999
01711419890706   190   25
01711419890707   180   90
01711419890708   205   60
01711419890709   155   95
01711419890710   160   45
01711419890711   165    0
01711419890712   145   35
01711419890713   170    0
01711419890714   190   50
01711419890715  -999   75
01711419890716   175 -999
01711419890717   155   55
01711419890718  -999   45
01711419890719   180 -999
01711419890720   160   20
01711419890721   150   60
01711419890722   170   90
01711419890723   175   35
01711419890724   195   40
01711419890725   190   50
01711419890726   198   15
01711419890727  -999   40
01711419890728   275   85
01711419890729   195 -999
01711419890730  -999  115
01711419890731   175 -999
01711419890801   175   30
01711419890802   185   35
01711419890803   225   90
01711419890804   175  110
01711419890805   160   55
01711419890806   175   20
01711419890807   170   50
01711419890808   180   15
01711419890809   215   30
01711419890810  -999   30
01711419890811   225 -999
01711419890812   190   55
01711419890813   195   20
01711419890814   225   10
01711419890815  -999   95
01711419890816   200   55
01711419890817   205   70
01711419890818   205   20
01711419890819   240   50
01711419890820   230   60
01711419890821   211   40
01711419890822  -999   70
01711419890823   175   40
01711419890824   195   15
01711419890825   245   30
01711419890826   200   55
01711419890827   245   45
01711419890828  -999   85
01711419890829   285 -999
01711419890830  -999   50
01711419890831   215   95
01711419890901   225   45
01711419890902   235   50
01711419890903   270   55
01711419890904   260   90
01711419890905   270   70
01711419890906   265   75
01711419890907   270   80
01711419890908   330  125
01711419890909   285  115
01711419890910   270  105
01711419890911   205  120
01711419890912   205   60
01711419890913   215   60
01711419890914   220   45
01711419890915  -999   90
01711419890916   300  100
01711419890917   275 -999
01711419890918   330  120
01711419890919   260  120
01711419890920   285  100
01711419890921   360  190
01711419890922   315  120
01711419890923   315  130
01711419890924   375  185
01711419890925  -999  120
01711419890926   240   55
01711419890927   250   50
01711419890928   300   75
01711419890929   345  140
01711419890930  -999  175
01711419891001   310  160
01711419891002   315  165
01711419891003   382  185
01711419891004   330  141
01711419891005   330  135
01711419891006   365  180
01711419891007   285  260
01711419891008   233   75
01711419891009   270   95
01711419891010   275   90
01711419891011   320  135
01711419891012   290  175
01711419891013   320  110
01711419891014   370  150
01711419891015   370  245
01711419891016   315  120
01711419891017   370  145
01711419891018   425  225
01711419891019   410  225
01711419891020  -999  170
01711419891021   310  100
01711419891022   330  195
01711419891023   350  180
01711419891024   315  170
01711419891025   380  160
01711419891026   230  160
01711419891027   345   95
01711419891028   280   95
01711419891029  -999  140
01711419891030  -999  175
01711419891031  -999 -999
01711419891101   255  137
01711419891102   298  105
01711419891103   320  110
01711419891104   360  190
01711419891105   320  160
01711419891106   245  110
01711419891107   285  100
01711419891108   310  135
01711419891109   305  135
01711419891110   310  145
01711419891111   325  150
01711419891112   330  205
01711419891113   370  230
01711419891114   385 -999
01711419891115   410  265
01711419891116   375  225
01711419891117   320  190
01711419891118   295  180
01711419891119   314  165
01711419891120   336  150
01711419891121   390  138
01711419891122   386  202
01711419891123   314  260
01711419891124   270  201
01711419891125   330  162
01711419891126   318  196
01711419891127   310  205
01711419891128   355  205
01711419891129   360  256
01711419891130   375  235
01711419891201   360  260
01711419891202   250  190
01711419891203   325  155
01711419891204   370  210
01711419891205   386  230
01711419891206   390  198
01711419891207   395  195
01711419891208   400  180
01711419891209   425  270
01711419891210   430  250
01711419891211   405  260
01711419891212   335  270
01711419891213   310  220
01711419891214   315  190
01711419891215   325  160
01711419891216   342  150
01711419891217   370  174
01711419891218   405  235
01711419891219   370  225
01711419891220   345  200
01711419891221   385  215
01711419891222   410  215
01711419891223   425  280
01711419891224   446  260
01711419891225   390  315
01711419891226   325  205
01711419891227   340  195
01711419891228   375  165
01711419891229   405  200
01711419891230   425  215
01711419891231   450  205
01711419900101   455  260
01711419900102   460  250
01711419900103   475  305
01711419900104   385 -999
01711419900105   390  225
01711419900106   410  255
01711419900107   340  255
01711419900108   368  225
01711419900109   237  196
01711419900110   364  194
01711419900111   395  190
01711419900112   410  265
01711419900113   420  275
01711419900114   375  270
01711419900115   355  210
01711419900116   385  195
01711419900117   400  240
01711419900118   385  285
01711419900119   390  245
01711419900120   385  265
01711419900121   405  275
01711419900122   415  240
01711419900123   455  275
01711419900124   470  245
01711419900125   445  270
01711419900126   455  275
01711419900127   465  295
01711419900128   405  285
01711419900129   420  240
01711419900130   410  300
01711419900131   338  140
01711419900201   294  146
01711419900202   310  170
01711419900203   285  170
01711419900204   295  165
01711419900205   305  160
01711419900206   325  170
01711419900207   330  170
01711419900208   330  180
01711419900209   315  175
01711419900210   325  190
01711419900211   320  180
01711419900212   345  150
01711419900213   374  175
01711419900214   385  230
01711419900215   383  275
01711419900216   329  250
01711419900217   315  190
01711419900218   355  170
01711419900219   320  180
01711419900220   386 -999
01711419900221   410  204
01711419900222   420  205
01711419900223   410  250
01711419900224   415  255
01711419900225   410  275
01711419900226   415  240
01711419900227   410  265
01711419900228   380  250
01711419900301   370  270
01711419900302   370  220
01711419900303   385  219
01711419900304   389  195
01711419900305   405  262
01711419900306   426  230
01711419900307   399  252
01711419900308   385  200
01711419900309   405  195
01711419900310   415  230
01711419900311   365  230
01711419900312   315  170
01711419900313   325  150
01711419900314   345  130
01711419900315   320  170
01711419900316   342  148
01711419900317   365  185
01711419900318   325  185
01711419900319   315  140
01711419900320   340  125
01711419900321  -999  140
01711419900322   382  185
01711419900323   360  240
01711419900324   365  220
01711419900325   362  195
01711419900326   385  258
01711419900327   343  245
01711419900328   322  182
01711419900329   336  180
01711419900330   335  175
01711419900331   335  150
01711419900401   338  185
01711419900402   330  170
01711419900403   330  160
01711419900404   337  176
01711419900405   342  182
01711419900406   346  178
01711419900407  -999  195
01711419900408  -999 -999
01711419900409   315 -999
01711419900410   335  145
01711419900411   330  149
01711419900412   330  195
01711419900413   275  175
01711419900414   245  139
01711419900415   264  148
01711419900416   263  150
01711419900417   260  130
01711419900418   260   95
01711419900419   195  140
01711419900420   240  130
01711419900421   242  122
01711419900422   270  100
01711419900423   333  130
01711419900424   280  133
01711419900425   270  120
01711419900426   255  112
01711419900427   255   87
01711419900428   300  115
01711419900429   296  145
01711419900430   335  123
01711419900501   320   95
01711419900502   320  125
01711419900503   335  110
01711419900504   310   95
01711419900505   330   95
01711419900506   310  105
01711419900507   305  115
01711419900508   305  150
01711419900509   315  145
01711419900510   307  137
01711419900511   300  140
01711419900512   305  140
01711419900513   300  160
01711419900514   315  185
01711419900515   255  210
01711419900516   280  190
01711419900517   248  116
01711419900518   245  142
01711419900519   195  122
01711419900520   155  105
01711419900521   150  105
01711419900522   120   95
01711419900523   170   88
01711419900524   184  100
01711419900525   196  118
01711419900526   202   98
01711419900527   194   80
01711419900528   206   50
01711419900529   220   85
01711419900530   236  104
01711419900531   210   88
01711419900601   230   65
01711419900602   195  110
01711419900603   216   90
01711419900604   202   60
01711419900605   195   97
01711419900606   216   40
01711419900607   195  110
01711419900608   205  145
01711419900609   240   80
01711419900610   250  110
01711419900611   232  155
01711419900612   238  155
01711419900613   238   90
01711419900614   230   75
01711419900615   232  130
01711419900616   230  110
01711419900617   185  110
01711419900618   160   50
01711419900619   170   25
01711419900620   185   15
01711419900621   195   15
01711419900622   200   22
01711419900623   194   36
01711419900624   190   40
01711419900625   150   62
01711419900626   179   82
01711419900627  -999   50
01711419900628   176   35
01711419900629   170   62
01711419900630  -999   95
01711419900701   135   40
01711419900702   165   10
01711419900703   178   40
01711419900704   180  105
01711419900705   188   45
01711419900706   175   39
01711419900707   175   40
01711419900708   190   98
01711419900709   238   77
01711419900710   245   90
01711419900711   182  145
01711419900712   240   78
01711419900713   250   95
01711419900714   235  120
01711419900715   245   95
01711419900716   268   90
01711419900717   298  115
01711419900718  -999 -999
01711419900719   204   22
01711419900720   252   65
01711419900721   265   46
01711419900722   278   70
01711419900723   288  100
01711419900724   226  150
01711419900725   193   38
01711419900726   179   72
01711419900727   190   40
01711419900728   182   12
01711419900729   178   16
01711419900730   185   25
01711419900731   185   85
01711419900801   194   10
01711419900802   197   15
01711419900803   246   11
01711419900804   282  115
01711419900805   228  150
01711419900806   197   52
01711419900807   204   60
01711419900808   186  157
01711419900809   190  110
01711419900810   197   19
01711419900811   240   92
01711419900812   223   70
01711419900813   266   47
01711419900814   244   70
01711419900815  -999   38
01711419900816   195 -999
01711419900817   207   37
01711419900818   238   56
01711419900819   300   99
01711419900820   236  140
01711419900821   219   87
01711419900822   202   68
01711419900823   180   95
01711419900824   225   59
01711419900825   215  150
01711419900826   225  120
01711419900827   255  110
01711419900828   210  175
01711419900829   260  125
01711419900830   248  100
01711419900831   236   70
01711419900901   235   73
01711419900902   260   62
01711419900903   244   66
01711419900904   210   69
01711419900905   249   62
01711419900906   266   75
01711419900907   275   85
01711419900908   303  138
01711419900909   314  119
01711419900910   318  145
01711419900911   255  165
01711419900912   205   90
01711419900913   215   95
01711419900914   202   45
01711419900915  -999   40
01711419900916  -999 -999
01711419900917   284 -999
01711419900918   308   60
01711419900919   332   52
01711419900920   380  120
01711419900921   290  110
01711419900922   336   90
01711419900923   365   60
01711419900924   383  110
01711419900925   337  195
01711419900926   260  135
01711419900927   276   82
01711419900928   292   92
01711419900929   305   85
01711419900930   322  150
01711419901001   339 -999
01711419901002   289  165
01711419901003   322 -999
01711419901004   325  205
01711419901005   295  169
01711419901006   275  169
01711419901007   310  175
01711419901008   248  165
01711419901009   285  114
01711419901010   390  182
01711419901011   273  160
01711419901012   274  121
01711419901013   333  163
01711419901014   281  181
01711419901015   274  100
01711419901016   285  110
01711419901017   340  132
01711419901018   266  188
01711419901019   244  155
01711419901020   256   74
01711419901021   292  118
01711419901022   297  119
01711419901023   312  106
01711419901024   330  125
01711419901025   337  145
01711419901026   349  165
01711419901027   372  171
01711419901028   391  225
01711419901029   442  238
01711419901030   440  292
01711419901031   340  215
01711419901101   335  162
01711419901102   362  159
01711419901103   395  185
01711419901104   415  260
01711419901105   423  260
01711419901106   423  270
01711419901107   418  272
01711419901108   420  273
01711419901109   310  150
01711419901110   280  120
01711419901111   330  100
01711419901112   380  150
01711419901113   390  250
01711419901114   400  240
01711419901115   390  290
01711419901116   410  260
01711419901117   445  300
01711419901118   375  320
01711419901119   355  165
01711419901120   393  215
01711419901121   368  250
01711419901122   318  230
01711419901123   315  190
01711419901124   338  160
01711419901125   353  155
01711419901126   375  170
01711419901127   389  222
01711419901128   430  230
01711419901129   420  258
01711419901130   380  270
01711419901201   390  260
01711419901202   370  244
01711419901203   320  232
01711419901204   290  164
01711419901205   310  152
01711419901206   320  214
01711419901207   330  240
01711419901208  -999  242
01711419901209  -999 -999
01711419901210   272 -999
01711419901211   302  135
01711419901212   327  146
01711419901213   334  158
01711419901214   358  157
01711419901215   389  188
01711419901216   431  238
01711419901217   446  252
01711419901218   462  272
01711419901219   455  252
01711419901220   432  270
01711419901221   450  280
01711419901222   456  300
01711419901223   364  202
01711419901224   360  200
01711419901225   380  180
01711419901226   419  210
01711419901227   430  258
01711419901228   380  230
01711419901229   402  210
01711419901230   439  247
01711419901231   433  231
01711419910101   440  265
01711419910102   435  262
01711419910103   420  295
01711419910104   403  270
01711419910105   305  180
01711419910106   330  170
01711419910107   364  168
01711419910108   385  195
01711419910109   415  210
01711419910110   422  240
01711419910111   440  290
01711419910112   438  278
01711419910113   428  299
01711419910114   412  265
01711419910115   335  210
01711419910116   376  215
01711419910117   395  232
01711419910118   410  250
01711419910119   420  289
01711419910120   435  304
01711419910121   455  279
01711419910122   372  309
01711419910123   357  275
01711419910124   365  230
01711419910125   366  216
01711419910126   357  228
01711419910127   348  184
01711419910128   357  213
01711419910129   355  198
01711419910130   374  186
01711419910131   405  185
01711419910201   435  224
01711419910202   432  240
01711419910203   435  210
01711419910204   422  255
01711419910205   424  270
01711419910206   415  264
01711419910207   420  263
01711419910208   425  270
01711419910209   445  250
01711419910210   445  210
01711419910211   433  315
01711419910212   433  290
01711419910213   438  284
01711419910214   438  310
01711419910215   382  202
01711419910216   350  250
01711419910217   375  170
01711419910218   415  255
01711419910219   434  240
01711419910220   421  272
01711419910221   414  260
01711419910222   424  243
01711419910223   430  240
01711419910224   420  260
01711419910225   413  292
01711419910226   422  240
01711419910227   425  240
01711419910228   405  275
01711419910301   374  224
01711419910302   370  170
01711419910303   375  190
01711419910304   390  215
01711419910305   405  210
01711419910306   412  205
01711419910307   435  220
01711419910308   432  223
01711419910309   434  224
01711419910310  -999  212
01711419910311   320  202
01711419910312   330  184
01711419910313   342  195
01711419910314   365  222
01711419910315   372  240
01711419910316   390  242
01711419910317   415  255
01711419910318   392  244
01711419910319   350  220
01711419910320   356  194
01711419910321   373  190
01711419910322  -999  196
01711419910323   360  205
01711419910324   352  212
01711419910325   376  190
01711419910326   252  202
01711419910327   264  220
01711419910328   256  212
01711419910329   263 -999
01711419910330   265 -999
01711419910331   284 -999
01711419910401   306 -999
01711419910402   334 -999
01711419910403  -999 -999
01711419910404  -999 -999
01711419910405   340 -999
01711419910406   344 -999
01711419910407   325 -999
01711419910408   360 -999
01711419910409   369 -999
01711419910410   374 -999
01711419910411   371 -999
01711419910412   360 -999
01711419910413   346 -999
01711419910414   304 -999
01711419910415   268 -999
01711419910416   282 -999
01711419910417   294 -999
01711419910418   292 -999
01711419910419   304 -999
01711419910420   312 -999
01711419910421   311 -999
01711419910422   314 -999
01711419910423   284 -999
01711419910424   252 -999
01711419910425   234 -999
01711419910426   248 -999
01711419910427   232 -999
01711419910428   234 -999
01711419910429   241  123
01711419910430   232  121
01711419910501   246  124
01711419910502   252  122
01711419910503   265   95
01711419910504   251   80
01711419910505   254   52
01711419910506   269   52
01711419910507   259  129
01711419910508   240   96
01711419910509   234   74
01711419910510   214   41
01711419910511   204   90
01711419910512   196   51
01711419910513   211   31
01711419910514   225   44
01711419910515   224   50
01711419910516   243   82
01711419910517   244   74
01711419910518   256   66
01711419910519   261   64
01711419910520   259   71
01711419910521   262   80
01711419910522   267   82
01711419910523   260   94
01711419910524   266   98
01711419910525   252  126
01711419910526   246  110
01711419910527   252   81
01711419910528   271  103
01711419910529   262  111
01711419910530   264  110
01711419910531   294  152
