07033819951213   218 -999
07033819951214   245   83
07033819951215   279  132
07033819951216   276  122
07033819951217   271  135
07033819951218   250  136
07033819951219   157  100
07033819951220   199   72
07033819951221   222   80
07033819951222   216   72
07033819951223   208   92
07033819951224   210   51
07033819951225   214   60
07033819951226   270   52
07033819951227   297  103
07033819951228   283   87
07033819951229   299   67
07033819951230   315  157
07033819951231   322  155
07033819960101   210  182
07033819960102   251  162
07033819960103   178  142
07033819960104   208  141
07033819960105   213  115
07033819960106   237  136
07033819960107   258  110
07033819960108   255  127
07033819960109   246  142
07033819960110   258  125
07033819960111   282  149
07033819960112   282  136
07033819960113   302  139
07033819960114   319  152
07033819960115   336  161
07033819960116   264  168
07033819960117   258  132
07033819960118   306  150
07033819960119   252  169
07033819960120   302  151
07033819960121   226  128
07033819960122   260  112
07033819960123   231  115
07033819960124   232  128
07033819960125   197  118
07033819960126   240   42
07033819960127   267 -999
07033819960128   275   80
07033819960129   307  122
07033819960130   233  142
07033819960131   341  141
07033819960201   198  142
07033819960202   229  116
07033819960203   252   66
07033819960204   281  136
07033819960205   310  137
07033819960206   297  120
07033819960207   312  132
07033819960208   269  160
07033819960209   160   94
07033819960210   183   95
07033819960211   216   83
07033819960212   198   72
07033819960213   206   44
07033819960214   212   68
07033819960215   222   82
07033819960216   230   80
07033819960217   296   57
07033819960218   300   92
07033819960219   312  109
07033819960220   237  111
07033819960221   227  125
07033819960222   243  142
07033819960223   226  110
07033819960224   212  134
07033819960225   246   98
07033819960226   280   78
07033819960227   259  105
07033819960228   209  141
07033819960229   222  126
07033819960301   250  120
07033819960302   248  102
07033819960303   266  147
07033819960304   241  166
07033819960305   226  141
07033819960306   280  115
07033819960307   237  155
07033819960308   200  105
07033819960309   198   98
07033819960310   207  102
07033819960311   233  106
07033819960312   251   98
07033819960313   284   96
07033819960314   304  110
07033819960315   265  124
07033819960316   224  113
07033819960317   202  115
07033819960318   211   28
07033819960319   221   44
07033819960320   205   67
07033819960321   203   76
07033819960322   217   66
07033819960323   204   90
07033819960324   244   87
07033819960325   265  112
07033819960326   271  107
07033819960327   263   90
07033819960328   255   93
07033819960329   264   71
07033819960330   240  109
07033819960331   224  105
07033819960401   195   66
07033819960402   195   66
07033819960403   217   81
07033819960404   237   40
07033819960405   216   61
07033819960406   208   35
07033819960407   210   85
07033819960408   190   87
07033819960409   164    4
07033819960410   142   76
07033819960411   137   70
07033819960412   160   71
07033819960413   180   66
07033819960414   166   75
07033819960415   176   94
07033819960416   176   42
07033819960417   125   49
07033819960418   130   35
07033819960419   164   41
07033819960420   190  -17
07033819960421   207   -7
07033819960422   205   26
07033819960423   207   57
07033819960424   210   60
07033819960425   221   56
07033819960426   230   37
07033819960427   211   44
07033819960428   165   23
07033819960429   183  -12
07033819960430   176   57
07033819960501   180   86
07033819960502   209  113
07033819960503   196  101
07033819960504   178  103
07033819960505   157  124
07033819960506   216  135
07033819960507   193   84
07033819960508   164   91
07033819960509   186   89
07033819960510   208   40
07033819960511   213   88
07033819960512   153   67
07033819960513   155   64
07033819960514   150   20
07033819960515   158  -17
07033819960516   149   16
07033819960517   174  -21
07033819960518   166   34
07033819960519   179   41
07033819960520   156   60
07033819960521   141   -1
07033819960522   145  -20
07033819960523   168   17
07033819960524   161    1
07033819960525   164  -12
07033819960526   160  -20
07033819960527   132  -26
07033819960528   155  -32
07033819960529   155   -7
07033819960530   119  -35
07033819960531   159  -34
07033819960601   170  -31
07033819960602   184   10
07033819960603   171   53
07033819960604   186 -999
07033819960605   134  -11
07033819960606    97  -28
07033819960607   140   -3
07033819960608   101  -31
07033819960609   130  -61
07033819960610   137  -34
07033819960611   125   -5
07033819960612   145   -7
07033819960613   132  -22
07033819960614   112   29
07033819960615   138   14
07033819960616   120   20
07033819960617   138   75
07033819960618   145   24
07033819960619   150   17
07033819960620   163   18
07033819960621   155  -29
07033819960622   151  -44
07033819960623   116   10
07033819960624   148   77
07033819960625   118   52
07033819960626   113   60
07033819960627   124   50
07033819960628   106   -7
07033819960629    92   37
07033819960630   123   64
07033819960701   102   26
07033819960702   123   48
07033819960703   135  -33
07033819960704   132  -44
07033819960705   107    1
07033819960706   122   43
07033819960707   124   32
07033819960708   118  -22
07033819960709   107  -30
07033819960710    70  -44
07033819960711    82  -18
07033819960712    85    8
07033819960713    86  -48
07033819960714   103  -37
07033819960715   110  -55
07033819960716   113  -65
07033819960717    92  -55
07033819960718   129  -26
07033819960719   115   34
07033819960720   107   66
07033819960721   108   33
07033819960722   120   47
07033819960723   125   55
07033819960724   138   66
07033819960725   132   -1
07033819960726    97   23
07033819960727   125   62
07033819960728   113   66
07033819960729   126   77
07033819960730   145   30
07033819960731   130   27
07033819960801    87   44
07033819960802   138   64
07033819960803   151   72
07033819960804   121   44
07033819960805   120   56
07033819960806   139    4
07033819960807    98   35
07033819960808    98    6
07033819960809   107  -43
07033819960810   135  -11
07033819960811   129  -20
07033819960812   152   20
07033819960813   167   14
07033819960814   172   41
07033819960815   118   78
07033819960816   139   -9
07033819960817   123  -10
07033819960818   121  -26
07033819960819    96   18
07033819960820   122  -52
07033819960821   127  -46
07033819960822   109   13
07033819960823   122   45
07033819960824   146  -26
07033819960825   154  -22
07033819960826   166   -6
07033819960827   166   45
07033819960828   177   79
07033819960829   128   49
07033819960830    94   59
07033819960831   116   51
07033819960901   153   71
07033819960902   133   37
07033819960903   143    0
07033819960904   136    2
07033819960905   132   60
07033819960906   137   64
07033819960907   156   64
07033819960908   156   50
07033819960909   143   49
07033819960910   142   42
07033819960911   162   32
07033819960912   138   44
07033819960913    95   50
07033819960914   139   40
07033819960915   192   73
07033819960916   224   39
07033819960917   215   85
07033819960918   238   44
07033819960919   235   81
07033819960920   145   83
07033819960921   133    1
07033819960922   137   35
07033819960923   186   57
07033819960924   187   25
07033819960925   164   19
07033819960926   181   -4
07033819960927   162   18
07033819960928   181   13
07033819960929   180   98
07033819960930   125   90
07033819961001   128   58
07033819961002   164   62
07033819961003   184   52
07033819961004   204   23
07033819961005   219   34
07033819961006   173  133
07033819961007   203   92
07033819961008   186   94
07033819961009   198   75
07033819961010   236  130
07033819961011   263  119
07033819961012   174  113
07033819961013   204   53
07033819961014   216   41
07033819961015   228   49
07033819961016   222   62
07033819961017   181  143
07033819961018   217  124
07033819961019   202   48
07033819961020   152   52
07033819961021   174    4
07033819961022   200   36
07033819961023   215  112
07033819961024   243   65
07033819961025   251   77
07033819961026   192  106
07033819961027   187  101
07033819961028   214  104
07033819961029   213   15
07033819961030   198   68
07033819961031   187   96
07033819961101   190   50
07033819961102   218   47
07033819961103   236   65
07033819961104   152  126
07033819961105   150   81
07033819961106   188   47
07033819961107   164   72
07033819961108   209   97
07033819961109   229   74
07033819961110   170   71
07033819961111   171   -2
07033819961112   195   76
07033819961113   303   95
07033819961114   228  165
07033819961115   221  111
07033819961116   242   94
07033819961117   193  137
07033819961118   167  101
07033819961119   191   20
07033819961120   211   41
07033819961121   186   56
07033819961122   131   39
07033819961123   157   50
07033819961124   220   22
07033819961125   250   57
07033819961126   277  103
07033819961127   260   57
07033819961128   255  141
07033819961129   250   89
07033819961130   200  127
07033819961201   221   92
07033819961202   261   82
07033819961203   256   81
07033819961204   265  111
07033819961205   267  107
07033819961206   280  123
07033819961207   230  160
07033819961208   212   94
07033819961209   224   52
07033819961210   237   64
07033819961211   255  122
07033819961212   223   96
07033819961213   196   50
07033819961214   239   94
07033819961215   272   70
07033819961216   310   92
07033819961217   222  161
07033819961218   252  124
07033819961219   234   97
07033819961220   255   52
07033819961221   296   63
07033819961222   314   96
07033819961223   328  204
07033819961224   342  133
07033819961225   327  189
07033819961226   248  165
07033819961227   244  109
07033819961228   211  118
07033819961229   264  105
07033819961230   202  120
07033819961231   229   95
07033819970101   225   90
07033819970102   251   73
07033819970103   282   98
07033819970104   292  103
07033819970105   319  106
07033819970106   305  121
07033819970107   182  143
07033819970108   239   68
07033819970109   264   76
07033819970110   236  125
07033819970111   199  120
07033819970112   200   83
07033819970113   241   74
07033819970114   275   60
07033819970115   240  101
07033819970116   294  115
07033819970117   257  130
07033819970118   242  131
07033819970119   306  141
07033819970120   340  135
07033819970121   338  136
07033819970122   345  139
07033819970123   321  153
07033819970124   230  149
07033819970125   218  141
07033819970126   241  155
07033819970127   290  161
07033819970128   264  169
07033819970129   233  148
07033819970130   235  170
07033819970131   316  100
07033819970201   337  134
07033819970202   259  153
07033819970203   248  139
07033819970204   287   99
07033819970205   340  115
07033819970206   356  140
07033819970207   349  172
07033819970208   353  156
07033819970209   306  219
07033819970210   310  191
07033819970211   202  160
07033819970212   193  143
07033819970213   260  151
07033819970214   280  137
07033819970215   330  118
07033819970216   316  135
07033819970217   297  139
07033819970218   328  166
07033819970219   328  130
07033819970220   342  120
07033819970221   280  172
07033819970222   363  186
07033819970223   368  194
07033819970224   335  207
07033819970225   285  157
07033819970226   288  160
07033819970227   249  150
07033819970228   287  125
07033819970301   322  113
07033819970302   184  152
07033819970303   253  147
07033819970304   289  123
07033819970305   217  142
07033819970306   217  138
07033819970307   217  158
07033819970308   285  151
07033819970309   195  156
07033819970310   250   84
07033819970311   260  107
07033819970312   280  110
07033819970313   238  135
07033819970314   245   95
07033819970315   263   40
07033819970316   250   98
07033819970317   255  110
07033819970318   272   92
07033819970319   318   83
07033819970320   236  111
07033819970321   233   56
07033819970322   233   90
07033819970323   237   73
07033819970324   231   24
07033819970325   240   89
07033819970326   251   82
07033819970327   289   88
07033819970328   224  113
07033819970329   230   92
07033819970330   239  127
07033819970331   201  107
07033819970401   206   12
07033819970402   232   28
07033819970403   221   89
07033819970404   242   22
07033819970405   245   74
07033819970406   238   51
07033819970407   148   74
07033819970408   186   12
07033819970409   212   -7
07033819970410   222   16
07033819970411   227   96
07033819970412   236  109
07033819970413   254   77
07033819970414   268   40
07033819970415   209  100
07033819970416   227   82
07033819970417   242   42
07033819970418   239   38
07033819970419   210  103
07033819970420   205   34
07033819970421   223   85
07033819970422   245   84
07033819970423   261  107
07033819970424   256   64
07033819970425   180  103
07033819970426   217   66
07033819970427   226   18
07033819970428   236   24
07033819970429   233   22
07033819970430   243   24
07033819970501   242   27
07033819970502   226   40
07033819970503   232   58
07033819970504   234   75
07033819970505   220  104
07033819970506   231  106
07033819970507   150  134
07033819970508   143  -27
07033819970509   135   -7
07033819970510   149   18
07033819970511   167   78
07033819970512   169   18
07033819970513   173    6
07033819970514   170    1
07033819970515   182   14
07033819970516   155   58
07033819970517   146   99
07033819970518   140   93
07033819970519   156   79
07033819970520   162   79
07033819970521   140   26
07033819970522   163   36
07033819970523   147   76
07033819970524   162   60
07033819970525   166    3
07033819970526   149   10
07033819970527   170   68
07033819970528   159   -4
07033819970529   162   32
07033819970530   123   12
07033819970531   122  -39
07033819970601   128  -26
07033819970602   142  -48
07033819970603   142  -17
07033819970604   158  -38
07033819970605   178  -10
07033819970606   138   28
07033819970607   138   49
07033819970608   134  -34
07033819970609   142  -34
07033819970610   144  -49
07033819970611   125  -34
07033819970612   127  -33
07033819970613   107   22
07033819970614   106   27
07033819970615   108  -16
07033819970616   108  -37
07033819970617   139   -8
07033819970618   127   20
07033819970619   144  -20
07033819970620   145  -35
07033819970621   134  -19
07033819970622   120  -29
07033819970623   148  -34
07033819970624   142  -37
07033819970625   113  -14
07033819970626   109   51
07033819970627   109   78
07033819970628   102   67
07033819970629   145   67
07033819970630   127   60
07033819970701   124   20
07033819970702   117    6
07033819970703   111  -31
07033819970704   111  -38
07033819970705   115   -2
07033819970706   132    6
07033819970707   134   -4
07033819970708   149  -11
07033819970709    84   52
07033819970710    88  -48
07033819970711    98  -58
07033819970712    98  -24
07033819970713   120   -8
07033819970714   141  -14
07033819970715   114   12
07033819970716   113   26
07033819970717   111  -25
07033819970718   123  -50
07033819970719   121  -53
07033819970720   121  -56
07033819970721   117  -56
07033819970722   129  -26
07033819970723   120  -39
07033819970724   143  -36
07033819970725   157    3
07033819970726   118   45
07033819970727   150   78
07033819970728   145  -26
07033819970729   119  -30
07033819970730   117  -50
07033819970731   125  -55
07033819970801   119  -25
07033819970802   122  -69
07033819970803   129  -67
07033819970804   140  -51
07033819970805   140  -21
07033819970806   155   14
07033819970807   121   37
07033819970808    94   36
07033819970809   114    2
07033819970810   122  -41
07033819970811   125  -36
07033819970812   132   36
07033819970813   123   46
07033819970814   131   -7
07033819970815   140  -29
07033819970816   138   23
07033819970817   135   66
07033819970818   126   42
07033819970819   141  -36
07033819970820   148  -23
07033819970821   141   -9
07033819970822   156  -35
07033819970823   153   24
07033819970824    86   11
07033819970825   104   11
07033819970826   105   26
07033819970827   150  -20
07033819970828   141  -39
07033819970829   162   -4
07033819970830   176  -24
07033819970831   168   47
07033819970901   150   59
07033819970902   146   93
07033819970903   146   90
07033819970904   152   66
07033819970905   160   58
07033819970906   148   49
07033819970907   156   74
07033819970908   125   66
07033819970909   172   64
07033819970910   169   19
07033819970911   177   24
07033819970912   176   52
07033819970913   181   29
07033819970914   173   16
07033819970915   169   92
07033819970916   173   43
07033819970917   148   62
07033819970918   142   24
07033819970919   128   76
07033819970920   157   98
07033819970921   158   89
07033819970922   154   72
07033819970923   143   20
07033819970924   130   34
07033819970925   156   53
07033819970926   182   11
07033819970927   195   43
07033819970928   156   39
07033819970929   156   -2
07033819970930   184    7
07033819971001   200    4
07033819971002   236   45
07033819971003   160  117
07033819971004   175   -3
07033819971005   178   26
07033819971006   155   50
07033819971007   126   72
07033819971008   156   70
07033819971009   200   44
07033819971010   227   39
07033819971011   247  106
07033819971012   194  115
07033819971013   172   52
07033819971014   185   -2
07033819971015   174   61
07033819971016   193   61
07033819971017   192   86
07033819971018   154   56
07033819971019   180   10
07033819971020   168   29
07033819971021   191   12
07033819971022   219   20
07033819971023   240   36
07033819971024   266   49
07033819971025   280   64
07033819971026   289   74
07033819971027   316   94
07033819971028   284   88
07033819971029   235  109
07033819971030   273  101
07033819971031   292  154
07033819971101   166   92
07033819971102   227   82
07033819971103   172  104
07033819971104   191   89
07033819971105   218   66
07033819971106   262   72
07033819971107   290  103
07033819971108   252   92
07033819971109   236   94
07033819971110   291   96
07033819971111   262  148
07033819971112   253  126
07033819971113   263   95
07033819971114   263  140
07033819971115   233  146
07033819971116   214   98
07033819971117   196   80
07033819971118   226   16
07033819971119   239   84
07033819971120   270   64
07033819971121   268  132
07033819971122   279  135
07033819971123   325   93
07033819971124   350  124
07033819971125   367  103
07033819971126   390  132
07033819971127   372  153
07033819971128   343  157
07033819971129   338  131
07033819971130   265  146
07033819971201   287  135
07033819971202   297  167
07033819971203   262  105
07033819971204   285   60
07033819971205   266  139
07033819971206   336  172
07033819971207   277  177
07033819971208   295  135
07033819971209   279  173
07033819971210   220  103
07033819971211   286  112
07033819971212   312  101
07033819971213   322  157
07033819971214   284  164
07033819971215   245  124
07033819971216   283   67
07033819971217   303  143
07033819971218   295  133
07033819971219   315  172
07033819971220   315  156
07033819971221   370   93
07033819971222   267  191
07033819971223   273  108
07033819971224   309  112
07033819971225   320  166
07033819971226   339  162
07033819971227   286  138
07033819971228   235  132
07033819971229   329  123
07033819971230   338  139
07033819971231   366  135
