00831520110720   207 -999
00831520110721   193  127
00831520110722   206   92
00831520110723   213  102
00831520110724   222  102
00831520110725   232  138
00831520110726   211  118
00831520110727   226  107
00831520110728   219  140
00831520110729   212  121
00831520110730   218  153
00831520110731   224  161
00831520110801   214  132
00831520110802   216  139
00831520110803   192  117
00831520110804   175   82
00831520110805   181   39
00831520110806   232   49
00831520110807   232  124
00831520110808   186  136
00831520110809   189   87
00831520110810   196   66
00831520110811   182   69
00831520110812   211   81
00831520110813   241  103
00831520110814   205  153
00831520110815   207  113
00831520110816   184  124
00831520110817   185   79
00831520110818   208   67
00831520110819   237   80
00831520110820   237  109
00831520110821   249  122
00831520110822   199  154
00831520110823   203   75
00831520110824   190   86
00831520110825   190   53
00831520110826   193   38
00831520110827   207   35
00831520110828   198   46
00831520110829   216   58
00831520110830   218   85
00831520110831   223   81
00831520110901   226   82
00831520110902   192  150
00831520110903   192   83
00831520110904   208   90
00831520110905   209   69
00831520110906   200   67
00831520110907   202   66
00831520110908   207   53
00831520110909   224   67
00831520110910   235   47
00831520110911   266   62
00831520110912   275   85
00831520110913   237   79
00831520110914   234   72
00831520110915   253  103
00831520110916   237   80
00831520110917   237  101
00831520110918   202  126
00831520110919   208  139
00831520110920   227   82
00831520110921   227   96
00831520110922   207   92
00831520110923   227   56
00831520110924   229   37
00831520110925   218   92
00831520110926   211  109
00831520110927   198  115
00831520110928   216   78
00831520110929   230   31
00831520110930   290   84
00831520111001   238  108
00831520111002   226  126
00831520111003   212  131
00831520111004   197  153
00831520111005   225   99
00831520111006   230   98
00831520111007   223   93
00831520111008   235  106
00831520111009   228   95
00831520111010   239  116
00831520111011   241  123
00831520111012   232  167
00831520111013   230  118
00831520111014   232  138
00831520111015   336   95
00831520111016   315  138
00831520111017   232  180
00831520111018   189  152
00831520111019   226   85
00831520111020   300   74
00831520111021   347  117
00831520111022   304  174
00831520111023   249  139
00831520111024   252  129
00831520111025   238  162
00831520111026   250  170
00831520111027   231  147
00831520111028   252  108
00831520111029   308  141
00831520111030   310  145
00831520111031   303  141
00831520111101   344  180
00831520111102   335  183
00831520111103   277  191
00831520111104   239  174
00831520111105   250  140
00831520111106   246  172
00831520111107   241  121
00831520111108   237  162
00831520111109   230  107
00831520111110   252   93
00831520111111   256  110
00831520111112   251  158
00831520111113   244  118
00831520111114   248  154
00831520111115   273  140
00831520111116   251  110
00831520111117   248  121
00831520111118   255  176
00831520111119   289  103
00831520111120   344  112
00831520111121   315  122
00831520111122   365  121
00831520111123   377  168
00831520111124   381  183
00831520111125   290  200
00831520111126   260  176
00831520111127   239  152
00831520111128   234  115
00831520111129   275  123
00831520111130   333  105
00831520111201   377  156
00831520111202   372  185
00831520111203   378  199
00831520111204   363  215
00831520111205   312  174
00831520111206   261  209
00831520111207   272  170
00831520111208   270  188
00831520111209   313  178
00831520111210   321  199
00831520111211   300  224
00831520111212   280  201
00831520111213   270  203
00831520111214   298  188
00831520111215   316  182
00831520111216   322  194
00831520111217   295  154
00831520111218   272  170
00831520111219   274  154
00831520111220   271  146
00831520111221   296  157
00831520111222   303  141
00831520111223   290  201
00831520111224   318  183
00831520111225   314  176
00831520111226   370  150
00831520111227   401  186
00831520111228   411  201
00831520111229   393  236
00831520111230   269  213
00831520111231   250  191
00831520120101   272  201
00831520120102   293  196
00831520120103   370  193
00831520120104   288  202
00831520120105   292  190
00831520120106   273  218
00831520120107   275  173
00831520120108   305  142
00831520120109   357  147
00831520120110   379  201
00831520120111   377  226
00831520120112   363  229
00831520120113   377  257
00831520120114   351  240
00831520120115   324  204
00831520120116   294  222
00831520120117   353  173
00831520120118   381  220
00831520120119   335  247
00831520120120   356  236
00831520120121   303  237
00831520120122   316  196
00831520120123   364  212
00831520120124   437  224
00831520120125   437  282
00831520120126   407  263
00831520120127   439  264
00831520120128   416  280
00831520120129   355  242
00831520120130   396  250
00831520120131   415  259
00831520120201   359  264
00831520120202   349  246
00831520120203   264  233
00831520120204   276  202
00831520120205   338  158
00831520120206   381  178
00831520120207   400  184
00831520120208   320  197
00831520120209   339  206
00831520120210   321  197
00831520120211   291  206
00831520120212   297  206
00831520120213   296  172
00831520120214   292  206
00831520120215   293  204
00831520120216   291  192
00831520120217   295  215
00831520120218   309  193
00831520120219   372  188
00831520120220   361  205
00831520120221   312  217
00831520120222   299  243
00831520120223   291  231
00831520120224   286  204
00831520120225   272  182
00831520120226   283  171
00831520120227   289  139
00831520120228   324  173
00831520120229   379  234
00831520120301   352  231
00831520120302   342  212
00831520120303   364  174
00831520120304   378  152
00831520120305   405  169
00831520120306   404  187
00831520120307   309  157
00831520120308   347  171
00831520120309   435  187
00831520120310   422  180
00831520120311   408  175
00831520120312   383  181
00831520120313   305  220
00831520120314   338  195
00831520120315   353  177
00831520120316   353  207
00831520120317   370  212
00831520120318   325  194
00831520120319   297  182
00831520120320   281  171
00831520120321   307  150
00831520120322   317  140
00831520120323   323  188
00831520120324   328  227
00831520120325   293  225
00831520120326   299  179
00831520120327   285  159
00831520120328   297  165
00831520120329   299  169
00831520120330   264  163
00831520120331   268  142
00831520120401   257  134
00831520120402   268  167
00831520120403   277  165
00831520120404   280  160
00831520120405   261  165
00831520120406   315  120
00831520120407   315  193
00831520120408   283  165
00831520120409   324  149
00831520120410   376  150
00831520120411   371  169
00831520120412   325  122
00831520120413   277  149
00831520120414   271  152
00831520120415   286  130
00831520120416   261  137
00831520120417   257  132
00831520120418   255  134
00831520120419   256  157
00831520120420   253  135
00831520120421   245  129
00831520120422   255  152
00831520120423   292  105
00831520120424   320  158
00831520120425   336  198
00831520120426   346  167
00831520120427   351  169
00831520120428   271  198
00831520120429   258  183
00831520120430   246  166
00831520120501   291  128
00831520120502   351  175
00831520120503   273  188
00831520120504   264  195
00831520120505   282  188
00831520120506   228  145
00831520120507   244  137
00831520120508   229  171
00831520120509   242  113
00831520120510   253  103
00831520120511   287  123
00831520120512   317  146
00831520120513   253  117
00831520120514   235  117
00831520120515   249  105
00831520120516   250   93
00831520120517   256   91
00831520120518   273   98
00831520120519   301  115
00831520120520   289  150
00831520120521   271  108
00831520120522   268   97
00831520120523   267  127
00831520120524   257   95
00831520120525   256   88
00831520120526   266  106
00831520120527   272   78
00831520120528   257  122
00831520120529   274  118
00831520120530   276  114
00831520120531   274   90
00831520120601   243  136
00831520120602   253   86
00831520120603   265  105
00831520120604   284  138
00831520120605   276  127
00831520120606   184  129
00831520120607   227  140
00831520120608   227  138
00831520120609   201  146
00831520120610   225  158
00831520120611   230  169
00831520120612   211  150
00831520120613   208  159
00831520120614   205  120
00831520120615   205  127
00831520120616   212   97
00831520120617   233   85
00831520120618   259  101
00831520120619   244  125
00831520120620   192  141
00831520120621   168   97
00831520120622   172   57
00831520120623   170   78
00831520120624   197  120
00831520120625   166  140
00831520120626   196  116
00831520120627   215  139
00831520120628   198  116
00831520120629   199   93
00831520120630   198   86
00831520120701   214   70
00831520120702   219   70
00831520120703   223   57
00831520120704   228   59
00831520120705   241   64
00831520120706   233   52
00831520120707   219   82
00831520120708   189  125
00831520120709   187   68
00831520120710   210  101
00831520120711   181  119
00831520120712   162   87
00831520120713   182   34
00831520120714   194   59
00831520120715   203   59
00831520120716   200   60
00831520120717   191   72
00831520120718   187   33
00831520120719   222   59
00831520120720   242   62
00831520120721   243  119
00831520120722   225  113
00831520120723   192  121
00831520120724   162   86
00831520120725   160   18
00831520120726   178   46
00831520120727   197   65
00831520120728   219   40
00831520120729   227   59
00831520120730   243   81
00831520120731   216  112
00831520120801   189  102
00831520120802   190   89
00831520120803   198   90
00831520120804   204  110
00831520120805   211   87
00831520120806   205   99
00831520120807   188  129
00831520120808   180   78
00831520120809   200   69
00831520120810   226   80
00831520120811   229   73
00831520120812   216  121
00831520120813   182  117
00831520120814   179   68
00831520120815   202   59
00831520120816   200   67
00831520120817   244  102
00831520120818   241   61
00831520120819   222   71
00831520120820   229   98
00831520120821   211  163
00831520120822   188  128
00831520120823   190   57
00831520120824   217   72
00831520120825   225   29
00831520120826   209   48
00831520120827   216   63
00831520120828   216   73
00831520120829   215  102
00831520120830   266   72
00831520120831   252   79
00831520120901   213  121
00831520120902   222   47
00831520120903   219   87
00831520120904   188  103
00831520120905   185   82
00831520120906   195  113
00831520120907   245   63
00831520120908   303  112
00831520120909   310  137
00831520120910   249  124
00831520120911   228  123
00831520120912   219   59
00831520120913   271   45
00831520120914   281  124
00831520120915   250   86
00831520120916   318   86
00831520120917   239  137
00831520120918   239  163
00831520120919   227  132
00831520120920   240  113
00831520120921   238  110
00831520120922   208  146
00831520120923   227   48
00831520120924   216   56
00831520120925   228  134
00831520120926   214  148
00831520120927   199  144
00831520120928   200   87
00831520120929   235   47
00831520120930   319   35
00831520121001   383   93
00831520121002   253  146
00831520121003   222  166
00831520121004   223   92
00831520121005   247   74
00831520121006   235   74
00831520121007   225   74
00831520121008   258   94
00831520121009   331   88
00831520121010   345  173
00831520121011   364  231
00831520121012   260  136
00831520121013   257  145
00831520121014   228  153
00831520121015   229  114
00831520121016   259   71
00831520121017   234  142
00831520121018   237   99
00831520121019   251  101
00831520121020   293   99
00831520121021   262  115
00831520121022   200  141
00831520121023   235  109
00831520121024   272   75
00831520121025   326   92
00831520121026   340  151
00831520121027   382  152
00831520121028   289  168
00831520121029   266  187
00831520121030   268  151
00831520121031   272  163
00831520121101   268  159
00831520121102   246  120
00831520121103   265  109
00831520121104   216  146
00831520121105   219  124
00831520121106   231  135
00831520121107   260  101
00831520121108   311  103
00831520121109   354  111
00831520121110   243  105
00831520121111   257  147
00831520121112   296   80
00831520121113   300  123
00831520121114   265  128
00831520121115   325  140
00831520121116   279  173
00831520121117   305  178
00831520121118   254  186
00831520121119   258  179
00831520121120   322  127
00831520121121   369  148
00831520121122   316  199
00831520121123   246  195
00831520121124   282  152
00831520121125   261  187
00831520121126   279  145
00831520121127   262  165
00831520121128   242  148
00831520121129   232  160
00831520121130   232  168
00831520121201   282  101
00831520121202   337  125
00831520121203   431  186
00831520121204   346  203
00831520121205   292  207
00831520121206   265  170
00831520121207   263  173
00831520121208   343  132
00831520121209   373  181
00831520121210   315  202
00831520121211   279  203
00831520121212   254  200
00831520121213   258  181
00831520121214   279  199
00831520121215   299  165
00831520121216   290  154
00831520121217   261  178
00831520121218   269  162
00831520121219   341  131
00831520121220   367  131
00831520121221   291  141
00831520121222   274  174
00831520121223   276  161
00831520121224   379  163
00831520121225   410  167
00831520121226   328  210
00831520121227   388  186
00831520121228   406  237
00831520121229   394  240
00831520121230   370  239
00831520121231   439  257
00831520130101   305  226
00831520130102   301  229
00831520130103   288  202
00831520130104   285  191
00831520130105   349  149
00831520130106   408  229
00831520130107   361  248
00831520130108   315  232
00831520130109   281  225
00831520130110   284  197
00831520130111   299  187
00831520130112   301  223
00831520130113   347  233
00831520130114   362  224
00831520130115   301  240
00831520130116   278  224
00831520130117   268  210
00831520130118   331  126
00831520130119   374  139
00831520130120   358  160
00831520130121   308  200
00831520130122   328  184
00831520130123   290  222
00831520130124   312  186
00831520130125   389  157
00831520130126   400  174
00831520130127   387  162
00831520130128   384  210
00831520130129   381  173
00831520130130   358  162
00831520130131   412  171
00831520130201   427  231
00831520130202   411  197
00831520130203   336  167
00831520130204   328  175
00831520130205   319  167
00831520130206   301  210
00831520130207   328  164
00831520130208   407  183
00831520130209   440  208
00831520130210   402  199
00831520130211   374  236
00831520130212   317  206
00831520130213   363  213
00831520130214   317  222
00831520130215   323  190
00831520130216   300  226
00831520130217   280  221
00831520130218   342  167
00831520130219   405  207
00831520130220   429  221
00831520130221   428  233
00831520130222   293  228
00831520130223   272  180
00831520130224   284  131
00831520130225   341  161
00831520130226   416  213
00831520130227   411  246
00831520130228   375  248
00831520130301   349  213
00831520130302   335  157
00831520130303   313  145
00831520130304   286  184
00831520130305   290  158
00831520130306   294  161
00831520130307   373  177
00831520130308   403  210
00831520130309   392  252
00831520130310   264  219
00831520130311   282  202
00831520130312   285  158
00831520130313   349  155
00831520130314   383  240
00831520130315   286  224
00831520130316   282  188
00831520130317   289  180
00831520130318   283  193
00831520130319   277  204
00831520130320   279  209
00831520130321   277  171
00831520130322   266  160
00831520130323   280  142
00831520130324   276  141
00831520130325   257  144
00831520130326   218  154
00831520130327   248  119
00831520130328   289  110
00831520130329   296  135
00831520130330   305  123
00831520130331   332  148
00831520130401   340  161
00831520130402   342  176
00831520130403   318  127
00831520130404   377  155
00831520130405   285  165
00831520130406   269  171
00831520130407   301  163
00831520130408   345  181
00831520130409   319  191
00831520130410   346  204
00831520130411   393  209
00831520130412   307  233
00831520130413   362  250
00831520130414   313  187
00831520130415   287  226
00831520130416   298  189
00831520130417   280  208
00831520130418   329  172
00831520130419   282  176
00831520130420   267  175
00831520130421   243  142
00831520130422   249  146
00831520130423   271  111
00831520130424   331  111
00831520130425   296  184
00831520130426   274  115
00831520130427   267  130
00831520130428   272  130
00831520130429   286  123
00831520130430   285  131
00831520130501   285  138
00831520130502   230  167
00831520130503   257  133
00831520130504   267  125
00831520130505   290  127
00831520130506   256  127
00831520130507   277  158
00831520130508   211  169
00831520130509   227  144
00831520130510   218  152
00831520130511   228  126
00831520130512   225   91
00831520130513   229  112
00831520130514   246  131
00831520130515   256  126
00831520130516   251  124
00831520130517   224  146
00831520130518   244  130
00831520130519   224  103
00831520130520   204  135
00831520130521   211   76
00831520130522   222   76
00831520130523   233   98
00831520130524   264  109
00831520130525   263  142
00831520130526   257  137
00831520130527   243  145
00831520130528   239  134
00831520130529   205  121
00831520130530   194  122
00831520130531   169   56
00831520130601   185   49
00831520130602   216   73
00831520130603   221  110
00831520130604   203   79
00831520130605   200   74
00831520130606   213  108
00831520130607   233   61
00831520130608   222   70
00831520130609   232   90
00831520130610   220  127
00831520130611   242  104
00831520130612   227  121
00831520130613   229  116
00831520130614   227  129
00831520130615   225  105
00831520130616   199   77
00831520130617   212   61
00831520130618   204   68
00831520130619   210   67
00831520130620   213   57
00831520130621   235   42
00831520130622   253   77
00831520130623   252   99
00831520130624   219  145
00831520130625   212  125
00831520130626   202  110
00831520130627   207  114
00831520130628   206   44
00831520130629   231   63
00831520130630   233   39
00831520130701   240   43
00831520130702   225   63
00831520130703   217   94
00831520130704   189   87
00831520130705   198   44
00831520130706   210   55
00831520130707   195   67
00831520130708   218   33
00831520130709   215   58
00831520130710   221   82
00831520130711   177  104
00831520130712   201   87
00831520130713   215   84
00831520130714   230   83
00831520130715   219   71
00831520130716   215  121
00831520130717   184  125
00831520130718   159   67
00831520130719   166   23
00831520130720   171   26
00831520130721   180   39
00831520130722   204   25
00831520130723   246   65
00831520130724   204  121
00831520130725   222   60
00831520130726   199  128
00831520130727   192  139
00831520130728   192   91
00831520130729   199   90
00831520130730   219   84
00831520130731   212   80
00831520130801   213  114
00831520130802   223   78
00831520130803   263   90
00831520130804   239   80
00831520130805   231  109
00831520130806   232  129
00831520130807   252  113
00831520130808   200  144
00831520130809   200   92
00831520130810   213   78
00831520130811   215  118
00831520130812   203   79
00831520130813   211   99
00831520130814   208   77
00831520130815   218   75
00831520130816   190  110
00831520130817   202   93
00831520130818   190   85
00831520130819   223   47
00831520130820   225   35
00831520130821   233   36
00831520130822   253   86
00831520130823   285   86
00831520130824   301   75
00831520130825   203  129
00831520130826   204  103
00831520130827   203  105
00831520130828   198  135
00831520130829   201  106
00831520130830   222  118
00831520130831   224  163
00831520130901   236  149
00831520130902   239  116
00831520130903   226  147
00831520130904   198  143
00831520130905   219   53
00831520130906   263   74
00831520130907   220   95
00831520130908   217   96
00831520130909   250   77
00831520130910   235   97
00831520130911   212  152
00831520130912   212  144
00831520130913   224  124
00831520130914   191  123
00831520130915   192  124
00831520130916   211   72
00831520130917   191  129
00831520130918   205   80
00831520130919   211   99
00831520130920   226   88
00831520130921   234  134
00831520130922   208  148
00831520130923   226  154
00831520130924   236  182
00831520130925   219  108
00831520130926   224   94
00831520130927   222   95
00831520130928   235   64
00831520130929   229   89
00831520130930   209  141
00831520131001   224   61
00831520131002   301   79
00831520131003   305   83
00831520131004   231  175
00831520131005   248  121
00831520131006   244  109
00831520131007   240   93
00831520131008   247  112
00831520131009   214  134
00831520131010   241   91
00831520131011   226   89
00831520131012   218  137
00831520131013   269   75
00831520131014   283   67
00831520131015   236   72
00831520131016   245  153
00831520131017   248  103
00831520131018   234   93
00831520131019   237  128
00831520131020   213  134
00831520131021   260   76
00831520131022   299  107
00831520131023   355  112
00831520131024   287  135
00831520131025   240  137
00831520131026   254  147
00831520131027   278  132
00831520131028   315  138
00831520131029   298  137
00831520131030   316  131
00831520131031   269  143
00831520131101   262  163
00831520131102   331  192
00831520131103   407  162
00831520131104   263  186
00831520131105   254  166
00831520131106   255  168
00831520131107   300  132
00831520131108   342  122
00831520131109   375  142
00831520131110   388  141
00831520131111   365  132
00831520131112   275  147
00831520131113   256  193
00831520131114   338  150
00831520131115   387  137
00831520131116   292  155
00831520131117   265  188
00831520131118   268  147
00831520131119   302  153
00831520131120   315  168
00831520131121   323  163
00831520131122   261  201
00831520131123   263  185
00831520131124   257  124
00831520131125   259  134
00831520131126   261  137
00831520131127   267  163
00831520131128   264  163
00831520131129   257  161
00831520131130   244  173
00831520131201   263  153
00831520131202   263  169
00831520131203   268  134
00831520131204   341  117
00831520131205   353  192
00831520131206   312  199
00831520131207   264  181
00831520131208   266  178
00831520131209   307  141
00831520131210   360  165
00831520131211   388  162
00831520131212   400  189
00831520131213   427  194
00831520131214   403  154
00831520131215   406  170
00831520131216   352  171
00831520131217   276  170
00831520131218   276  212
00831520131219   271  209
00831520131220   284  151
00831520131221   315  157
00831520131222   332  132
00831520131223   365  141
00831520131224   310  139
00831520131225   288  167
00831520131226   282  126
00831520131227   301  187
00831520131228   358  171
00831520131229   294  209
00831520131230   287  197
00831520131231   269  205
00831520140101   264  168
00831520140102   261  141
00831520140103   275  152
00831520140104   288  144
00831520140105   325  123
00831520140106   324  147
00831520140107   282  175
00831520140108   285  176
00831520140109   289  190
00831520140110   404  170
00831520140111   458  178
00831520140112   347  197
00831520140113   280  218
00831520140114   268  161
00831520140115   266  167
00831520140116   272  200
00831520140117   351  146
00831520140118   428  176
00831520140119   410  161
00831520140120   438  211
00831520140121   426  271
00831520140122   326  248
00831520140123   309  200
00831520140124   347  251
00831520140125   376  254
00831520140126   305  233
00831520140127   269  215
00831520140128   342  188
00831520140129   392  226
00831520140130   378  228
00831520140131   286  228
00831520140201   275  207
00831520140202   292  194
00831520140203   407  229
00831520140204   412  259
00831520140205   338  222
00831520140206   312  226
00831520140207   298  220
00831520140208   308  197
00831520140209   388  153
00831520140210   273  215
00831520140211   330  202
00831520140212   381  229
00831520140213   363  250
00831520140214   368  210
00831520140215   321  197
00831520140216   290  186
00831520140217   331  191
00831520140218   418  207
00831520140219   435  239
00831520140220   427  286
00831520140221   383  245
00831520140222   382  238
00831520140223   340  168
00831520140224   337  185
00831520140225   334  164
00831520140226   358  178
00831520140227   392  196
00831520140228   412  226
00831520140301   403  216
00831520140302   410  182
00831520140303   285  194
00831520140304   300  186
00831520140305   360  174
00831520140306   322  156
00831520140307   275  186
00831520140308   272  225
00831520140309   265  174
00831520140310   278  149
00831520140311   357  166
00831520140312   413  223
00831520140313   361  251
00831520140314   276  191
00831520140315   292  136
00831520140316   289  108
00831520140317   269  147
00831520140318   310  148
00831520140319   323  144
00831520140320   306  177
00831520140321   351  174
00831520140322   300  191
00831520140323   325  164
00831520140324   359  169
00831520140325   342  240
00831520140326   294  232
00831520140327   292  194
00831520140328   354  157
00831520140329   249  175
00831520140330   254  161
00831520140331   257  104
00831520140401   265  145
00831520140402   289  115
00831520140403   323  142
00831520140404   335  138
00831520140405   283  147
00831520140406   259  152
00831520140407   259  148
00831520140408   311  126
00831520140409   340  139
00831520140410   359  176
00831520140411   364  172
00831520140412   332  151
00831520140413   363  180
00831520140414   357  151
00831520140415   297  138
00831520140416   275  126
00831520140417   265  132
00831520140418   355  128
00831520140419   260  135
00831520140420   260  132
00831520140421   273  129
00831520140422   271  110
00831520140423   257  144
00831520140424   238  134
00831520140425   245  170
00831520140426   275  176
00831520140427   243  196
00831520140428   218  175
00831520140429   223  104
00831520140430   242   99
00831520140501   232  102
00831520140502   234  135
00831520140503   254  106
00831520140504   223  146
00831520140505   209  140
00831520140506   240  165
00831520140507   231  177
00831520140508   217  161
00831520140509   218  143
00831520140510   232  132
00831520140511   248  119
00831520140512   227  120
00831520140513   243  112
00831520140514   233  115
00831520140515   236  115
00831520140516   231  119
00831520140517   242  111
00831520140518   241  124
00831520140519   243  123
00831520140520   232  119
00831520140521   242  130
00831520140522   231  136
00831520140523   224  153
00831520140524   211  170
00831520140525   213  150
00831520140526   215  152
00831520140527   228  135
00831520140528   211  138
00831520140529   213   98
00831520140530   222   95
00831520140531   219   67
00831520140601   232  101
00831520140602   233  107
00831520140603   236   88
00831520140604   266   91
00831520140605   287   81
00831520140606   263   87
00831520140607   255  116
00831520140608   231  131
00831520140609   253  129
00831520140610   188  154
00831520140611   179   71
00831520140612   182   50
00831520140613   195   42
00831520140614   199   57
00831520140615   215   40
00831520140616   235   61
00831520140617   236   97
00831520140618   199  136
00831520140619   201  107
00831520140620   209   89
00831520140621   223   85
00831520140622   178  115
00831520140623   157   73
00831520140624   186   26
00831520140625   237   40
00831520140626   208   80
00831520140627   185   92
00831520140628   176   24
00831520140629   203   26
00831520140630   239  108
00831520140701   258  111
00831520140702   202  127
00831520140703   177  113
00831520140704   221   71
00831520140705   250  116
00831520140706   234  121
00831520140707   190  129
00831520140708   185  137
00831520140709   175   76
00831520140710   192   54
00831520140711   185   46
00831520140712   196   58
00831520140713   202   42
00831520140714   196   69
00831520140715   201   78
00831520140716   184  105
00831520140717   198   91
00831520140718   222   62
00831520140719   226   56
00831520140720   183  114
00831520140721   196   99
00831520140722   181  128
00831520140723   191   89
00831520140724   197   90
00831520140725   217   85
00831520140726   219   86
00831520140727   198  120
00831520140728   206   97
00831520140729   209   75
00831520140730   210   74
00831520140731   202   73
00831520140801   232   69
00831520140802   209   66
00831520140803   234   51
00831520140804   240   43
00831520140805   270   53
00831520140806   280   87
00831520140807   215  135
00831520140808   231  135
00831520140809   278  134
00831520140810   317  156
00831520140811   289  113
00831520140812   280  138
00831520140813   287  162
00831520140814   279  136
00831520140815   255   64
00831520140816   275   70
00831520140817   281   94
00831520140818   209  156
00831520140819   211  148
00831520140820   220   94
00831520140821   222  139
00831520140822   217  135
00831520140823   233   86
00831520140824   245   89
00831520140825   289   87
00831520140826   242   96
00831520140827   246   72
00831520140828   282   99
00831520140829   241  102
00831520140830   235  165
00831520140831   223  118
00831520140901   237  102
00831520140902   253  131
00831520140903   223  146
00831520140904   237  138
00831520140905   258  133
00831520140906   241  169
00831520140907   192  161
00831520140908   205  136
00831520140909   223  156
00831520140910   224  139
00831520140911   242   87
00831520140912   275   76
00831520140913   234  107
00831520140914   256   78
00831520140915   288   76
00831520140916   301   93
00831520140917   260   91
00831520140918   239  118
00831520140919   282  103
00831520140920   337  104
00831520140921   241  141
00831520140922   192  116
00831520140923   222   80
00831520140924   262   74
00831520140925   243   81
00831520140926   245  106
00831520140927   236  131
00831520140928   213  142
00831520140929   228   99
00831520140930   274   97
00831520141001   333  126
00831520141002   250  160
00831520141003   234  128
00831520141004   273   98
00831520141005   229  125
00831520141006   211   96
00831520141007   254   52
00831520141008   232   88
00831520141009   239  104
00831520141010   253   77
00831520141011   235   95
00831520141012   243   89
00831520141013   303   96
00831520141014   336  102
00831520141015   356  116
00831520141016   250  176
00831520141017   285  108
00831520141018   243  170
00831520141019   245  123
00831520141020   242  115
00831520141021   277   90
00831520141022   252  128
00831520141023   249  149
00831520141024   255  106
00831520141025   248  132
00831520141026   245  142
00831520141027   277  112
00831520141028   285  135
00831520141029   252  183
00831520141030   240  181
00831520141031   250  172
00831520141101   281   89
00831520141102   241  121
00831520141103   245  157
00831520141104   280   96
00831520141105   276  120
00831520141106   237  126
00831520141107   235  161
00831520141108   262   83
00831520141109   288  104
00831520141110   252  157
00831520141111   253  138
00831520141112   239  134
00831520141113   222  140
00831520141114   265   83
00831520141115   288   90
00831520141116   264   86
00831520141117   283  130
00831520141118   235  160
00831520141119   260  134
00831520141120   254  115
00831520141121   259  124
00831520141122   254  164
00831520141123   250  157
00831520141124   342  111
00831520141125   414  133
00831520141126   379  272
00831520141127   276  212
00831520141128   277  180
00831520141129   262  195
00831520141130   254  145
00831520141201   250  177
00831520141202   256  133
00831520141203   248  132
00831520141204   265  119
00831520141205   293  146
00831520141206   267  139
00831520141207   259  162
00831520141208   266  182
00831520141209   249  168
00831520141210   331  113
00831520141211   380  114
00831520141212   262  193
00831520141213   260  165
00831520141214   269  136
00831520141215   248  180
00831520141216   261  106
00831520141217   284  160
00831520141218   334  133
00831520141219   313  150
00831520141220   254  196
00831520141221   293  151
00831520141222   338  144
00831520141223   373  145
00831520141224   393  203
00831520141225   387  186
00831520141226   391  187
00831520141227   381  182
00831520141228   308  128
00831520141229   329  166
00831520141230   284  151
00831520141231   260  202
00831520150101   302  196
00831520150102   261  179
00831520150103   308  168
00831520150104   353  156
00831520150105   436  192
00831520150106   345  210
00831520150107   298  209
00831520150108   313  183
00831520150109   355  195
00831520150110   353  206
00831520150111   354  183
00831520150112   375  152
00831520150113   287  146
00831520150114   271  187
00831520150115   325  196
00831520150116   374  163
00831520150117   373  141
00831520150118   294  167
00831520150119   338  181
00831520150120   413  173
00831520150121   369  203
00831520150122   302  212
00831520150123   329  189
00831520150124   306  176
00831520150125   342  147
00831520150126   403  188
00831520150127   378  197
00831520150128   301  197
00831520150129   285  220
00831520150130   329  207
00831520150131   344  247
00831520150201   344  215
00831520150202   349  199
00831520150203   314  214
00831520150204   309  212
00831520150205   304  212
00831520150206   297  206
00831520150207   362  194
00831520150208   336  209
00831520150209   318  202
00831520150210   318  224
00831520150211   358  199
00831520150212   320  216
00831520150213   307  222
00831520150214   277  209
00831520150215   330  136
00831520150216   375  205
00831520150217   370  200
00831520150218   384  211
00831520150219   332  194
00831520150220   299  189
00831520150221   276  188
00831520150222   286  193
00831520150223   391  185
00831520150224   318  215
00831520150225   315  221
00831520150226   284  229
00831520150227   270  212
00831520150228   349  160
00831520150301   326  206
00831520150302   289  203
00831520150303   337  196
00831520150304   340  198
00831520150305   323  201
00831520150306   312  200
00831520150307   325  206
00831520150308   351  204
00831520150309   355  192
00831520150310   322  169
00831520150311   319  165
00831520150312   389  172
00831520150313   380  249
00831520150314   281  233
00831520150315   279  223
00831520150316   263  188
00831520150317   276  187
00831520150318   265  211
00831520150319   278  140
00831520150320   313  152
00831520150321   261  189
00831520150322   261  167
00831520150323   290  157
00831520150324   314  157
00831520150325   334  145
00831520150326   332  217
00831520150327   284  177
00831520150328   278  140
00831520150329   312  131
00831520150330   242  155
00831520150331   252  191
00831520150401   265  159
00831520150402   301  188
00831520150403   291  179
00831520150404   291  159
00831520150405   318  170
00831520150406   346  201
00831520150407   270  202
00831520150408   246  200
00831520150409   273  204
00831520150410   262  227
00831520150411   247  178
00831520150412   242  155
00831520150413   236  139
00831520150414   240  160
00831520150415   256  129
00831520150416   271  125
00831520150417   285  110
00831520150418   303  144
00831520150419   306  130
00831520150420   303  178
00831520150421   302  182
00831520150422   285  123
00831520150423   285  115
00831520150424   277  169
00831520150425   280  155
00831520150426   294  163
00831520150427   312  178
00831520150428   271  196
00831520150429   267  182
00831520150430   287  162
00831520150501   262  175
00831520150502   258  125
00831520150503   241  138
00831520150504   209  162
00831520150505   221   91
00831520150506   247   79
00831520150507   259  104
00831520150508   246   73
00831520150509   259   84
00831520150510   282  103
00831520150511   279  105
00831520150512   286  130
00831520150513   282  158
00831520150514   295  158
00831520150515   302  142
00831520150516   199  176
00831520150517   227  132
00831520150518   226  155
00831520150519   218  113
00831520150520   229  118
00831520150521   242  133
00831520150522   236  115
00831520150523   232   91
00831520150524   235  101
00831520150525   240   76
00831520150526   236   88
00831520150527   235   89
00831520150528   219  101
00831520150529   222   79
00831520150530   248   97
00831520150531   252   99
00831520150601   243   94
00831520150602   228  124
00831520150603   239  128
00831520150604   269  105
00831520150605   253  105
00831520150606   230  156
00831520150607   226  112
00831520150608   260   97
00831520150609   296  155
00831520150610   286  140
00831520150611   278  123
00831520150612   222  128
00831520150613   208   89
00831520150614   199   63
00831520150615   198   74
00831520150616   279  120
00831520150617   199  157
00831520150618   254  154
00831520150619   241  157
00831520150620   224  156
00831520150621   214  148
00831520150622   180  137
00831520150623   170   60
00831520150624   201   63
00831520150625   227   79
00831520150626   214   78
00831520150627   231   87
00831520150628   247  112
00831520150629   235   92
00831520150630   243  102
00831520150701   234  118
00831520150702   225  138
00831520150703   231  124
00831520150704   227  104
00831520150705   232   95
00831520150706   228   92
00831520150707   229   91
00831520150708   171  124
00831520150709   162   23
00831520150710   187   26
00831520150711   188   70
00831520150712   182   52
00831520150713   168   81
00831520150714   196  116
00831520150715   222   80
00831520150716   225  113
00831520150717   243  121
00831520150718   252  120
00831520150719   270  104
00831520150720   204  158
00831520150721   182  129
00831520150722   186  114
00831520150723   189  115
00831520150724   176   67
00831520150725   183   44
00831520150726   184   52
00831520150727   224   58
00831520150728   218  121
00831520150729   235  171
00831520150730   204  172
00831520150731   212  176
00831520150801   185   90
00831520150802   173   79
00831520150803   184   72
00831520150804   207  118
00831520150805   213   89
00831520150806   201  102
00831520150807   206  123
00831520150808   198   94
00831520150809   162   66
00831520150810   196   73
00831520150811   191   93
00831520150812   193   66
00831520150813   207   66
00831520150814   251   81
00831520150815   283   97
00831520150816   236  106
00831520150817   241  150
00831520150818   220  141
00831520150819   208  124
00831520150820   205  141
00831520150821   205  117
00831520150822   192  137
00831520150823   194   65
00831520150824   204   78
00831520150825   225  100
00831520150826   248   85
00831520150827   228  105
00831520150828   227   88
00831520150829   228  102
00831520150830   209  141
00831520150831   199   92
00831520150901   182  103
00831520150902   186   38
00831520150903   209   44
00831520150904   203   52
00831520150905   217  129
00831520150906   200   56
00831520150907   264   54
00831520150908   302   77
00831520150909   319   98
00831520150910   258  137
00831520150911   226   87
00831520150912   197  125
00831520150913   201   88
00831520150914   210   47
00831520150915   225   51
00831520150916   270   66
00831520150917   321  100
00831520150918   270   91
00831520150919   232  116
00831520150920   245   67
00831520150921   288   81
00831520150922   324  121
00831520150923   343  138
00831520150924   345  134
00831520150925   236  140
00831520150926   234  101
00831520150927   315   93
00831520150928   263   82
00831520150929   248  106
00831520150930   270   76
00831520151001   367   73
00831520151002   321  137
00831520151003   278  122
00831520151004   280  112
00831520151005   219  135
00831520151006   265   66
00831520151007   325   86
00831520151008   254  107
00831520151009   326  105
00831520151010   366  151
00831520151011   336  148
00831520151012   314  134
00831520151013   340  126
00831520151014   250  130
00831520151015   225  162
00831520151016   243   85
00831520151017   268   69
00831520151018   240  182
00831520151019   238  108
00831520151020   279   90
00831520151021   257   95
00831520151022   242  167
00831520151023   247  146
00831520151024   255  100
00831520151025   246  159
00831520151026   278  117
00831520151027   254  133
00831520151028   251  181
00831520151029   267  136
00831520151030   299  145
00831520151031   278  182
00831520151101   248  153
00831520151102   243  156
00831520151103   251  121
00831520151104   262  149
00831520151105   238  163
00831520151106   235  159
00831520151107   241  175
00831520151108   251  167
00831520151109   271  153
00831520151110   309  152
00831520151111   333  155
00831520151112   371  147
00831520151113   410  242
00831520151114   409  195
00831520151115   329  180
00831520151116   350  141
00831520151117   273  181
00831520151118   249  173
00831520151119   261  132
00831520151120   327  112
00831520151121   409  134
00831520151122   342  172
00831520151123   271  164
00831520151124   267  165
00831520151125   287  160
00831520151126   355  132
00831520151127   309  149
00831520151128   261  204
00831520151129   250  183
00831520151130   262  167
00831520151201   356  124
00831520151202   381  204
00831520151203   312  159
00831520151204   240  184
00831520151205   225  157
00831520151206   244  154
00831520151207   258  179
00831520151208   260  102
00831520151209   264  140
00831520151210   298  160
00831520151211   361  130
00831520151212   272  192
00831520151213   263  161
00831520151214   266  173
00831520151215   262  121
00831520151216   259  189
00831520151217   282  192
00831520151218   255  182
00831520151219   263  158
00831520151220   325  125
00831520151221   364  146
00831520151222   399  180
00831520151223   382  228
00831520151224   259  205
00831520151225   321  163
00831520151226   394  133
00831520151227   419  175
00831520151228   451  217
00831520151229   292  185
00831520151230   275  203
00831520151231   336  163
00831520160101   441  197
00831520160102   287  183
00831520160103   282  172
00831520160104   268  214
00831520160105   250  211
00831520160106   280  210
00831520160107   287  196
00831520160108   279  204
00831520160109   273  179
00831520160110   276  199
00831520160111   274  157
00831520160112   275  177
00831520160113   338  189
00831520160114   394  228
00831520160115   373  234
00831520160116   398  198
00831520160117   329  227
00831520160118   232  183
00831520160119   246  172
00831520160120   259  164
00831520160121   284  181
00831520160122   325  179
00831520160123   303  175
00831520160124   326  183
00831520160125   280  226
00831520160126   313  221
00831520160127   374  209
00831520160128   420  257
00831520160129   427  256
00831520160130   312  238
00831520160131   279  227
00831520160201   246  160
00831520160202   291  120
00831520160203   357  138
00831520160204   373  192
00831520160205   387  170
00831520160206   362  162
00831520160207   416  166
00831520160208   441  189
00831520160209   385  183
00831520160210   311  198
00831520160211   304  197
00831520160212   294  198
00831520160213   309  202
00831520160214   345  186
00831520160215   445  204
00831520160216   439  269
00831520160217   325  228
00831520160218   276  215
00831520160219   286  180
00831520160220   292  183
00831520160221   281  188
00831520160222   276  162
00831520160223   267  139
00831520160224   267  128
00831520160225   334  120
00831520160226   428  167
00831520160227   305  222
00831520160228   285  206
00831520160229   272  177
00831520160301   285  160
00831520160302   294  141
00831520160303   268  179
00831520160304   271  204
00831520160305   333  154
00831520160306   342  156
00831520160307   388  189
00831520160308   380  229
00831520160309   374  166
00831520160310   323  163
00831520160311   281  214
00831520160312   290  211
00831520160313   360  197
00831520160314   369  199
00831520160315   267  228
00831520160316   268  208
00831520160317   295  187
00831520160318   342  203
00831520160319   298  204
00831520160320   310  197
00831520160321   286  207
00831520160322   271  206
00831520160323   305  185
00831520160324   391  206
00831520160325   347  237
00831520160326   272  215
00831520160327   252  210
00831520160328   287  164
00831520160329   318  146
00831520160330   333  199
00831520160331   268  151
00831520160401   267  198
00831520160402   316  165
00831520160403   341  173
00831520160404   272  162
00831520160405   263  201
00831520160406   285  152
00831520160407   310  153
00831520160408   255  191
00831520160409   282  194
00831520160410   276  180
00831520160411   231  193
00831520160412   260  203
00831520160413   294  209
00831520160414   261  177
00831520160415   295  153
00831520160416   319  171
00831520160417   267  174
00831520160418   255  187
00831520160419   245  176
00831520160420   258  145
00831520160421   314  169
00831520160422   322  190
00831520160423   330  183
00831520160424   320  172
00831520160425   269  166
00831520160426   236  195
00831520160427   210  151
00831520160428   219  119
00831520160429   227  152
00831520160430   217  143
00831520160501   219  117
00831520160502   235   71
00831520160503   269  113
00831520160504   256  103
00831520160505   246  113
00831520160506   232  109
00831520160507   229  165
00831520160508   200  112
00831520160509   225   78
00831520160510   275   88
00831520160511   285   99
00831520160512   271  102
00831520160513   258  115
00831520160514   244  132
00831520160515   230  105
00831520160516   254   92
00831520160517   246   86
00831520160518   257   72
00831520160519   239  134
00831520160520   230  102
00831520160521   203  138
00831520160522   203  136
00831520160523   254   84
00831520160524   203  125
00831520160525   212  163
00831520160526   207  152
00831520160527   227  104
00831520160528   209  113
00831520160529   198  114
00831520160530   216  109
00831520160531   210   78
00831520160601   218   68
00831520160602   260  120
00831520160603   232  112
00831520160604   175  151
00831520160605   199  134
00831520160606   204   97
00831520160607   149  109
00831520160608   160   67
00831520160609   177   58
00831520160610   190   76
00831520160611   218   71
00831520160612   238  111
00831520160613   200  138
00831520160614   187   84
00831520160615   192   80
00831520160616   192   97
00831520160617   190   67
00831520160618   219   57
00831520160619   213   96
00831520160620   189  136
00831520160621   171  143
00831520160622   188   73
00831520160623   186   92
00831520160624   188   77
00831520160625   185   62
00831520160626   169   51
00831520160627   199   36
00831520160628   219   86
00831520160629   204  133
00831520160630   192   69
00831520160701   211   79
00831520160702   215  118
00831520160703   193   69
00831520160704   174   73
00831520160705   183  102
00831520160706   192   95
00831520160707   200   76
00831520160708   161  107
00831520160709   153   89
00831520160710   182   96
00831520160711   179   90
00831520160712   170   60
00831520160713   160   19
00831520160714   202   45
00831520160715   227   92
00831520160716   227  108
00831520160717   203  145
00831520160718   166  110
00831520160719   167   37
00831520160720   186   45
00831520160721   168   84
00831520160722   179   97
00831520160723   174   87
00831520160724   170   56
00831520160725   174   48
00831520160726   180   40
00831520160727   195   62
00831520160728   227   87
00831520160729   253  114
00831520160730   202  131
00831520160731   191  144
00831520160801   163   49
00831520160802   187   45
00831520160803   210   71
00831520160804   201  131
00831520160805   201   82
00831520160806   184   79
00831520160807   183  118
00831520160808   182  127
00831520160809   166   92
00831520160810   189   63
00831520160811   194   44
00831520160812   185   77
00831520160813   197   39
00831520160814   247   48
00831520160815   207   84
00831520160816   214   89
00831520160817   215  103
00831520160818   177  100
00831520160819   179   49
00831520160820   188   81
00831520160821   185   66
00831520160822   167   64
00831520160823   170   40
00831520160824   186   33
00831520160825   233   47
00831520160826   240   70
00831520160827   197  143
00831520160828   172  116
00831520160829   188   96
00831520160830   213   78
00831520160831   182   94
00831520160901   179   93
00831520160902   189   36
00831520160903   215   36
00831520160904   238   85
00831520160905   199   73
00831520160906   207   77
00831520160907   189  131
00831520160908   193  123
00831520160909   197   57
00831520160910   202   66
00831520160911   201   48
00831520160912   215   82
00831520160913   209   65
00831520160914   222   47
00831520160915   200   40
00831520160916   182  114
00831520160917   203   26
00831520160918   209   25
00831520160919   182  112
00831520160920   206   26
00831520160921   265   35
00831520160922   212   61
00831520160923   189   87
00831520160924   193  101
00831520160925   204   66
00831520160926   196   31
00831520160927   213   72
00831520160928   193  120
00831520160929   227   28
00831520160930   202   53
00831520161001   221  131
00831520161002   197  118
00831520161003   211   49
00831520161004   251   69
00831520161005   292   72
00831520161006   244   89
00831520161007   259  131
00831520161008   205  180
00831520161009   209  137
00831520161010   256   65
00831520161011   318   78
00831520161012   373  122
00831520161013   275  138
00831520161014   235  129
00831520161015   203  144
00831520161016   225   44
00831520161017   232   64
00831520161018   246   85
00831520161019   213   62
00831520161020   218  133
00831520161021   281   70
00831520161022   329   86
00831520161023   306  113
00831520161024   239  106
00831520161025   221  134
00831520161026   243   67
00831520161027   237   94
00831520161028   231   75
00831520161029   235  141
00831520161030   235   75
00831520161031   232   86
00831520161101   259   85
00831520161102   301  106
00831520161103   235  152
00831520161104   322  130
00831520161105   385  128
00831520161106   264  132
00831520161107   236  175
00831520161108   236   98
00831520161109   221  157
00831520161110   232   96
00831520161111   237  101
00831520161112   284   79
00831520161113   347   91
00831520161114   420  141
00831520161115   273  141
00831520161116   239  169
00831520161117   241  148
00831520161118   303   96
00831520161119   262  111
00831520161120   255  172
00831520161121   246  122
00831520161122   320  119
00831520161123   352  115
00831520161124   380  129
00831520161125   397  146
00831520161126   380  194
00831520161127   312  157
00831520161128   261  132
00831520161129   256  183
00831520161130   261  166
00831520161201   263  158
00831520161202   255  123
00831520161203   241  168
00831520161204   259  154
00831520161205   243  140
00831520161206   264  110
00831520161207   294  156
00831520161208   350  111
00831520161209   366  120
00831520161210   339  137
00831520161211   290  150
00831520161212   254  200
00831520161213   272  149
00831520161214   363  125
00831520161215   380  156
00831520161216   292  172
00831520161217   320  140
00831520161218   264  157
00831520161219   329  147
00831520161220   398  119
00831520161221   397  206
00831520161222   258  204
00831520161223   299  192
00831520161224   281  205
00831520161225   275  204
00831520161226   290  148
00831520161227   243  184
00831520161228   250  122
00831520161229   272  111
00831520161230   249  163
00831520161231   302  145
