00509219981218   383  245
00509219981219   394  201
00509219981220   410  206
00509219981221   352  220
00509219981222   375  261
00509219981223   410  232
00509219981224   405  212
00509219981225   400  215
00509219981226   432  212
00509219981227   334  239
00509219981228   372  241
00509219981229   376  225
00509219981230   377  212
00509219981231   404  239
00509219990101   430  247
00509219990102   453  252
00509219990103   427  242
00509219990104   366  223
00509219990105   352  186
00509219990106   383  197
00509219990107   366  209
00509219990108   335  237
00509219990109   335  229
00509219990110   367  218
00509219990111   351  213
00509219990112   336  228
00509219990113   334  228
00509219990114   332  240
00509219990115   403  235
00509219990116   333  246
00509219990117   389  252
00509219990118   421  265
00509219990119   360  265
00509219990120   402  272
00509219990121   436  268
00509219990122   453  283
00509219990123   406  236
00509219990124   400  220
00509219990125   387  215
00509219990126   387  228
00509219990127   421  219
00509219990128   445  228
00509219990129   442  225
00509219990130   393  211
00509219990131   354  210
00509219990201   376  202
00509219990202   416  194
00509219990203   370  216
00509219990204   400  211
00509219990205   371  243
00509219990206   318  253
00509219990207   321  263
00509219990208   319  251
00509219990209   303  234
00509219990210   349  237
00509219990211   338  223
00509219990212   311  242
00509219990213   309  249
00509219990214   326  242
00509219990215   353  251
00509219990216   321  253
00509219990217   356  240
00509219990218   370  257
00509219990219   360  250
00509219990220   373  249
00509219990221   374  236
00509219990222   334  203
00509219990223   337  241
00509219990224   327  253
00509219990225   330  234
00509219990226   316  245
00509219990227   317  242
00509219990228   342  254
00509219990301   364  263
00509219990302   381  279
00509219990303   405  243
00509219990304   411  224
00509219990305   389  230
00509219990306   356  227
00509219990307   397  262
00509219990308   401  241
00509219990309   390  219
00509219990310   365  248
00509219990311   376  238
00509219990312   392  239
00509219990313   401  262
00509219990314   405  238
00509219990315   387  218
00509219990316   362  205
00509219990317   349  207
00509219990318   307  244
00509219990319   360  284
00509219990320   360  264
00509219990321   363  238
00509219990322   299  228
00509219990323   306  224
00509219990324   314  242
00509219990325   295  246
00509219990326   322  221
00509219990327   337  241
00509219990328   317  250
00509219990329   324  240
00509219990330   327  224
00509219990331   299  232
00509219990401   299  230
00509219990402   298  193
00509219990403   333  193
00509219990404   342  210
00509219990405   351  214
00509219990406   338  237
00509219990407   306  246
00509219990408   295  198
00509219990409   304  207
00509219990410   316  203
00509219990411   311  194
00509219990412   324  182
00509219990413   309  191
00509219990414   311  229
00509219990415   275  212
00509219990416   305  216
00509219990417   332  216
00509219990418   312  223
00509219990419   313  208
00509219990420   326  189
00509219990421   318  157
00509219990422   313  156
00509219990423   319  160
00509219990424   312  173
00509219990425   305  172
00509219990426   298  188
00509219990427   306  171
00509219990428   302  173
00509219990429   287  141
00509219990430   285  144
00509219990501   292  150
00509219990502   294  149
00509219990503   291  155
00509219990504   288  154
00509219990505   289  137
00509219990506   279  151
00509219990507   296  189
00509219990508   307  184
00509219990509   304  156
00509219990510   293  162
00509219990511   298  164
00509219990512   279  174
00509219990513   260  186
00509219990514   275  206
00509219990515   296  196
00509219990516   276  193
00509219990517   307  196
00509219990518   311  196
00509219990519   280  211
00509219990520   273  206
00509219990521   284  201
00509219990522   281  168
00509219990523   287  177
00509219990524   269  164
00509219990525   272  170
00509219990526   288  191
00509219990527   298  216
00509219990528   272  216
00509219990529   224  184
00509219990530   249  173
00509219990531   238  180
00509219990601   277  180
00509219990602   275  169
00509219990603   277  180
00509219990604   251  144
00509219990605   244  117
00509219990606   251  103
00509219990607   247  101
00509219990608   261   93
00509219990609   269   98
00509219990610   246  112
00509219990611   249  144
00509219990612   237  127
00509219990613   245   92
00509219990614   272  112
00509219990615   258  106
00509219990616   262  116
00509219990617   264   92
00509219990618   251  127
00509219990619   265  125
00509219990620   267  110
00509219990621   268  125
00509219990622   258  104
00509219990623   279  135
00509219990624   254  122
00509219990625   245   86
00509219990626   242   76
00509219990627   254   87
00509219990628   250   85
00509219990629   261  126
00509219990630   252  121
00509219990701   237   83
00509219990702   231   86
00509219990703   232   60
00509219990705   239   77
00509219990706   230  120
00509219990707   235  121
00509219990708   228   81
00509219990709   226   61
00509219990710   247   81
00509219990711   260  128
00509219990712   266  173
00509219990713   264  185
00509219990714   240  119
00509219990715   243  111
00509219990716   244  131
00509219990717   241  125
00509219990718  -999   86
00509219990719   237   89
00509219990720   245   85
00509219990721   242  118
00509219990722   264   94
00509219990723   264   84
00509219990724   250   82
00509219990725   240  118
00509219990726   265   80
00509219990727   274  124
00509219990728   264  111
00509219990729   230  146
00509219990730   258  106
00509219990731   259  125
00509219990801   281  137
00509219990802   289  154
00509219990803   271  119
00509219990804   236  109
00509219990805   248  123
00509219990806   273  105
00509219990807   245  110
00509219990808   265  104
00509219990809   265  100
00509219990810   269  103
00509219990811   261  127
00509219990812   277  138
00509219990813   255  151
00509219990814   248  123
00509219990815   255  102
00509219990816   270  101
00509219990817   292  100
00509219990818   279  116
00509219990819   264  129
00509219990820   280  129
00509219990821   252  108
00509219990822   255  109
00509219990823   266  157
00509219990824   264  160
00509219990825   254  132
00509219990826   277   92
00509219990827   281  113
00509219990828   267  138
00509219990829   296  156
00509219990830   294  142
00509219990831   302  135
00509219990901   307  133
00509219990902   289  125
00509219990903   264  147
00509219990904   241   99
00509219990905   257   88
00509219990906   263  124
00509219990907   272  110
00509219990908   254  114
00509219990909   271  110
00509219990910   275  104
00509219990911   292  137
00509219990912   300  111
00509219990913   291  134
00509219990914   292  141
00509219990915   286  119
00509219990916   282  112
00509219990917   259   98
00509219990918   265  142
00509219990919   285  140
00509219990920   304  137
00509219990921   309  163
00509219990922   290  142
00509219990923   292  147
00509219990924   327  132
00509219990925   291  156
00509219990926   308  136
00509219990927   293  152
00509219990928   303  130
00509219990929   313  116
00509219990930   335  117
00509219991001   349  128
00509219991002   355  137
00509219991003   367  125
00509219991004   349  148
00509219991005   356  160
00509219991006   347  151
00509219991007   305  147
00509219991008   281  150
00509219991009   277  134
00509219991010   284  145
00509219991011   314  183
00509219991012   272  154
00509219991013   281  136
00509219991014   302  188
00509219991015   327  128
00509219991016   332  149
00509219991017   354  147
00509219991018   385  166
00509219991019   381  186
00509219991020   317  202
00509219991021   286  182
00509219991022   346  170
00509219991023   367  181
00509219991024   339  166
00509219991025   326  154
00509219991026   335  171
00509219991027   321  185
00509219991028   337  210
00509219991029   361  175
00509219991030   342  153
00509219991031   315  159
00509219991101   304  161
00509219991102   288 -999
00509219991103   304  171
00509219991104   309  170
00509219991105   322 -999
00509219991106   336  172
00509219991107   331  193
00509219991108   325  196
00509219991109   320  196
00509219991110   321  177
00509219991111   345  179
00509219991112   365  218
00509219991113   358  234
00509219991114   357  191
00509219991115   310  168
00509219991116   304  156
00509219991117   329 -999
00509219991118   367  178
00509219991119   392  179
00509219991120   377  201
00509219991121   393  195
00509219991122  -999  189
00509219991123   342  165
00509219991124   354  164
00509219991125   369  188
00509219991126   385  202
00509219991127   405  224
00509219991128   377  202
00509219991129   341  213
00509219991130   328  207
00509219991201   322  198
00509219991202   361  169
00509219991203   315  188
00509219991204   346  166
00509219991206   382  206
00509219991207   394  205
00509219991208   367  196
00509219991209   374  201
00509219991210   352  215
00509219991211   338  222
00509219991212   365  230
00509219991213   392  221
00509219991214   350  203
00509219991215   408  236
00509219991216   375  224
00509219991217   360  254
00509219991218   356  227
00509219991219   335  220
00509219991220   346  213
00509219991221   367  235
00509219991222   377  236
00509219991223   387  235
00509219991224   382  218
00509219991225   365  194
00509219991226   357  200
00509219991227   362  205
00509219991228   398  213
00509219991229   394  216
00509219991230   377  227
00509219991231   375  233
00509220000101   365  238
00509220000102   353  198
00509220000103   341  241
00509220000104   361  236
00509220000105   363  235
00509220000106   364  225
00509220000107   371  257
00509220000108   360  245
00509220000109   342  211
00509220000110   346  208
00509220000111   353  215
00509220000112   362  201
00509220000113   395  211
00509220000114   342  213
00509220000115   328  177
00509220000116   332  176
00509220000117   359  194
00509220000118   361  217
00509220000119   377  256
00509220000120   381  277
00509220000121   335  250
00509220000122   361  252
00509220000123   336  205
00509220000124   343  222
00509220000125   352  236
00509220000126   336  256
00509220000127   358  231
00509220000128   330  269
00509220000129   343  272
00509220000130   343  244
00509220000131   359  238
00509220000201   384  245
00509220000202   382  255
00509220000203   418  261
00509220000204   436  241
00509220000205   403  273
00509220000206   364  265
00509220000207   438  259
00509220000208   444  261
00509220000209   445  280
00509220000210   454  275
00509220000211   348  273
00509220000212   344  249
00509220000213   369  254
00509220000214   397  260
00509220000215   397  258
00509220000216   407  258
00509220000217   398  269
00509220000218   403  265
00509220000219   388  270
00509220000220   374  278
00509220000221   364  264
00509220000222   369  230
00509220000223   400  234
00509220000224   383  239
00509220000225   373  270
00509220000226   362  262
00509220000227   363  265
00509220000228   344  274
00509220000229   351  262
00509220000301   403  260
00509220000302   340  248
00509220000303   344  267
00509220000304   380  250
00509220000305   399  236
00509220000306   357  270
00509220000307   266  236
00509220000308   280  240
00509220000309   305  247
00509220000310   319  248
00509220000311   316  236
00509220000312   314  216
00509220000313   345  234
00509220000314   325  253
00509220000315   337  244
00509220000316   340  243
00509220000317   325  249
00509220000318   320  255
00509220000319   314  272
00509220000320   359  249
00509220000321   353  238
00509220000322   371  266
00509220000323   317  234
00509220000324   316  239
00509220000325  -999  240
00509220000326   317  238
00509220000327   313  222
00509220000328   312  197
00509220000329   306  225
00509220000330   311  229
00509220000331   333  231
00509220000401   336  211
00509220000402   349  212
00509220000403   334  223
00509220000404   308  240
00509220000405   302  238
00509220000406   306  204
00509220000407   330  209
00509220000408   331  201
00509220000409   312  197
00509220000410   308  208
00509220000411   327  221
00509220000412   346  216
00509220000413   338  199
00509220000414   322  208
00509220000415   342  216
00509220000416   332  201
00509220000417   332  183
00509220000418   334  187
00509220000419   327  200
00509220000420   324  199
00509220000421   318  207
00509220000422   287  192
00509220000423   287  211
00509220000426   301  183
00509220000427   294  191
00509220000428   291  160
00509220000501   275  110
00509220000502   272  106
00509220000503  -999  115
00509220000505   285  115
00509220000506   278  126
00509220000507   267  106
00509220000510   278  131
00509220000511   284  144
00509220000512   243  116
00509220000513   253   92
00509220000514   248   77
00509220000515   275   86
00509220000516   287   95
00509220000517   263   97
00509220000518   258  113
00509220000519   265  112
00509220000520   264   91
00509220000521   253   92
00509220000522   238  127
00509220000523   265  159
00509220000524   264  154
00509220000525   278  124
00509220000526   277  117
00509220000527   254  142
00509220000528   236  155
00509220000529   243  112
00509220000530   243   99
00509220000531   241   79
00509220000601   245   84
00509220000602   249   63
00509220000603   245   67
00509220000604   244   65
00509220000605   241   91
00509220000606   238   64
00509220000607   236   70
00509220000608   232   79
00509220000609   224   64
00509220000610   235  187
00509220000611   246  170
00509220000612   236  110
00509220000613   230   98
00509220000614   231   82
00509220000615   259   68
00509220000616   272   98
00509220000617   269   84
00509220000618   264   95
00509220000619   278  115
00509220000620   238  102
00509220000621   260   88
00509220000622   273   99
00509220000623   276  117
00509220000624   255  106
00509220000625   268  109
00509220000626   259  139
00509220000627   255   90
00509220000628   219  114
00509220000629   243   69
00509220000630   233   78
00509220000701   223  124
00509220000702   247  116
00509220000703   247   93
00509220000704   258  103
00509220000705   202  148
00509220000706   248  167
00509220000707   242   93
00509220000708   238   93
00509220000709   243   77
00509220000710   245   94
00509220000711   253  105
00509220000712   267  110
00509220000713   267  119
00509220000714   248  161
00509220000715   234  104
00509220000716  -999  137
00509220000717   291 -999
00509220000718   273  151
00509220000719   246  132
00509220000720   277  124
00509220000721   277  128
00509220000722   262  112
00509220000723   256  103
00509220000724   260  113
00509220000725   272  122
00509220000726   238  118
00509220000727   228  107
00509220000728   237  141
00509220000729   248  114
00509220000730   255   95
00509220000731   253   82
00509220000801   278   98
00509220000802   290  117
00509220000803   282   99
00509220000804   248   72
00509220000805   258   73
00509220000806   209  135
00509220000807   232   92
00509220000808   235   86
00509220000809   254   65
00509220000810   241   87
00509220000811   233   67
00509220000812   241   50
00509220000813   273   88
00509220000814   285   87
00509220000815   268  120
00509220000816   266  169
00509220000817   255  104
00509220000818   250  100
00509220000819   283  108
00509220000820   298  119
00509220000821   295  125
00509220000822   264  136
00509220000823   246   92
00509220000824   272   85
00509220000825   272  119
00509220000826   285  130
00509220000827   264  160
00509220000828   271  181
00509220000829  -999  112
00509220000904   279 -999
00509220000905   308  160
00509220000906   279  165
00509220000907  -999  111
00509220000908   302  130
00509220000909   313  138
00509220000910   313  134
00509220000911   339  135
00509220000912   351  147
00509220000913   293  132
00509220000914   313  127
00509220000915   324  144
00509220000916   347  132
00509220000917   371  158
00509220000918   350  174
00509220000919   375  171
00509220000920   335  149
00509220000921   291  142
00509220000922   314  132
00509220000923   331  144
00509220000924   317  126
00509220000925   327  148
00509220000926   327  155
00509220000927   332  153
00509220000928   315  143
00509220000929   319  149
00509220000930   365  149
00509220001001   366  150
00509220001002   379  177
00509220001003   363  168
00509220001004   382  175
00509220001005   359  165
00509220001006   321  175
00509220001007   329  142
00509220001008   350  127
00509220001009   343  142
00509220001010   317  148
00509220001011   328  194
00509220001012   311  147
00509220001013   333  124
00509220001014   300  129
00509220001015   289  185
00509220001016   289  158
00509220001017   339  172
00509220001018   343  154
00509220001019   322  158
00509220001020   331  131
00509220001021   338  182
00509220001022  -999  146
00509220001023   324  137
00509220001024   343  158
00509220001025   328  172
00509220001026   294  176
00509220001027   307  172
00509220001028   319  161
00509220001029   336  204
00509220001030   331  176
00509220001031   337  159
00509220001101   292  163
00509220001102   307  179
00509220001103   333  166
00509220001104   368  166
00509220001105   354  180
00509220001106   328  164
00509220001107   295  164
00509220001108   303  139
00509220001109   329  135
00509220001110   352  163
00509220001111   335  189
00509220001112   315  192
00509220001113   340  188
00509220001114   330  193
00509220001115   316  164
00509220001116   325  181
00509220001117   330  200
00509220001118   394  179
00509220001119   346  187
00509220001120   354  186
00509220001121   374  203
00509220001122   355  170
00509220001123   355  143
00509220001124   344  173
00509220001125   347  195
00509220001126   316  171
00509220001127   342  167
00509220001128   384  169
00509220001129   408  178
00509220001130   434  186
00509220001201   391  215
00509220001202   365  201
00509220001203   381  206
00509220001204   415  246
00509220001205   425  235
00509220001206   378  230
00509220001207   392  224
00509220001208   396  242
00509220001209   399  239
00509220001210   373  225
00509220001211   344  245
00509220001212   343  224
00509220001213   346  227
00509220001215   330  232
00509220001216   352  240
00509220001217   405  223
00509220001218   377  231
00509220001219   385  246
00509220001220   370  220
00509220001221   370 -999
00509220001222   392 -999
00509220001223   365  203
00509220001224   395  225
00509220001225   412  233
00509220001226   367  244
00509220001227   333 -999
00509220001228   332  184
00509220001229   383  192
00509220001230   407  193
00509220001231   415  197
00509220010101   417  216
00509220010102   407  202
00509220010103   408  207
00509220010104   433  210
00509220010105   409  228
00509220010106   386  227
00509220010107   384  241
00509220010108   435  233
00509220010109   424  203
00509220010110   384  215
00509220010111   364  195
00509220010112  -999  209
00509220010113   412 -999
00509220010114   403  209
00509220010115   369  227
00509220010116   383  239
00509220010117   400  239
00509220010118   313  241
00509220010119   317  250
00509220010120  -999  254
00509220010121   368  251
00509220010122   387  230
00509220010123   382  223
00509220010124   358  212
00509220010125   307  217
00509220010126   355  235
00509220010127   368  261
00509220010128   384  221
00509220010129   414  256
00509220010130   416  253
00509220010131   310  219
00509220010201   341  188
00509220010202   374  175
00509220010203   391  197
00509220010204   364  223
00509220010205   394  236
00509220010206   398  249
00509220010207   411  228
00509220010208   391  249
00509220010209   354  267
00509220010210   358  254
00509220010211   371  256
00509220010212   374  260
00509220010213   403  254
00509220010214   392  263
00509220010215   377  254
00509220010216   360  242
00509220010217   351  253
00509220010218   351  219
00509220010219   362  219
00509220010220   309  235
00509220010221   385  234
00509220010222   369  246
00509220010223   327  250
00509220010224   321  230
00509220010225   344  239
00509220010226   371  244
00509220010227   372  245
00509220010228   365  243
00509220010301   407  226
00509220010302   384  235
00509220010303   411  226
00509220010304   390  244
00509220010305   383  243
00509220010306   342  254
00509220010307   333  206
00509220010308   331  185
00509220010309   370  212
00509220010310   377  249
00509220010311   344  262
00509220010312   362  236
00509220010313   345  230
00509220010314   374  230
00509220010315   370  190
00509220010316   361  170
00509220010317   371  191
00509220010318   381  221
00509220010319   390  218
00509220010320   404  245
00509220010321   330  269
00509220010322   336  223
00509220010323   376  198
00509220010324   360  208
00509220010325   315  190
00509220010326   304  151
00509220010327   324  160
00509220010328   342  162
00509220010329   341  158
00509220010330   343  182
00509220010331   363  173
00509220010401   353  189
00509220010402   359  173
00509220010403   373 -999
00509220010404   347  182
00509220010405   368  189
00509220010406   373  206
00509220010407   381  196
00509220010408   362  196
00509220010409   352  197
00509220010410   365  193
00509220010411   317  214
00509220010412   342  183
00509220010413   342  177
00509220010414   370  183
00509220010415   334  182
00509220010416   337  172
00509220010417   354  183
00509220010418   377  193
00509220010419   379  190
00509220010420   360  175
00509220010421   306  251
00509220010422   319  222
00509220010423   336  237
00509220010424   331  245
00509220010425   321  185
00509220010426   325  178
00509220010427   318  173
00509220010428   342  186
00509220010429   308  165
00509220010430   321  179
00509220010501   322  189
00509220010502   313  158
00509220010503   312  155
00509220010504   310  167
00509220010505   312  184
00509220010506   300  221
00509220010507   334  194
00509220010508   328  186
00509220010509   338  208
00509220010510   333  202
00509220010511   320  176
00509220010512   291  153
00509220010513   255  140
00509220010514   269   99
00509220010515   276  118
00509220010516   270  115
00509220010517   274  100
00509220010518   259  125
00509220010519   240  176
00509220010520   248  192
00509220010521   270  190
00509220010522   290  146
00509220010523   240  186
00509220010524   288  117
00509220010525   301  136
00509220010526   307  140
00509220010527   294  131
00509220010528   278  111
00509220010529   289  144
00509220010530   238  175
00509220010531   259  138
00509220010601   279  128
00509220010602   288  145
00509220010603   277  160
00509220010604   287  148
00509220010605   262  121
00509220010606   236   79
00509220010607   228   63
00509220010608   227   65
00509220010609   183  136
00509220010610   222   87
00509220010611   262  111
00509220010612   243   84
00509220010613   253   89
00509220010614   262  144
00509220010615   261  185
00509220010616   271  193
00509220010617   286  177
00509220010618   272  167
00509220010619   263  148
00509220010620   254  133
00509220010621   238  108
00509220010622   246   70
00509220010623   242   55
00509220010624   246   61
00509220010625   255   60
00509220010626   259   87
00509220010627   267  102
00509220010628   258   93
00509220010629   279  111
00509220010630   267  154
00509220010701   283  126
00509220010702   279  132
00509220010703   280  121
00509220010704   271  119
00509220010705   256  100
00509220010706   252  124
00509220010707   256  158
00509220010708   265  148
00509220010709   239  113
00509220010710   249  101
00509220010711   243   84
00509220010712   241   94
00509220010713   261   83
00509220010714   259  108
00509220010715   259   95
00509220010716   256  109
00509220010717   235  100
00509220010718   228   77
00509220010719   238   69
00509220010720   242   94
00509220010721   265  144
00509220010722   256  157
00509220010723   213  150
00509220010724   261  120
00509220010725   253  115
00509220010726   245   95
00509220010727   243  139
00509220010728   245  159
00509220010729   253  125
00509220010730   249  122
00509220010731   247  167
00509220010801   253  127
00509220010802   251  115
00509220010803   273  106
00509220010804   276  127
00509220010805   294  111
00509220010806   275  100
00509220010807   263  107
00509220010808   269   74
00509220010809   280  118
00509220010810   281  116
00509220010811   299  128
00509220010812   257  116
00509220010813   261  130
00509220010814   299  113
00509220010815   283  185
00509220010816   271  174
00509220010817   289  168
00509220010818   275  159
00509220010819   297  145
00509220010820   286  139
00509220010821   281  154
00509220010822   276  121
00509220010823   296  100
00509220010824   298  122
00509220010825   264  121
00509220010826   267  122
00509220010827   268  131
00509220010828   268  125
00509220010829   271  171
00509220010830   262  131
00509220010831   259   82
00509220010901   264   81
00509220010902   287  108
00509220010903   296  106
00509220010904   282  124
00509220010905   277  124
00509220010906   243  113
00509220010907   237  128
00509220010908   273  127
00509220010909   274  128
00509220010910   254  121
00509220010911   257   92
00509220010912   223  141
00509220010913   288  162
00509220010914   287  161
00509220010915   333  182
00509220010916   332  148
00509220010917   344  176
00509220010918   312  152
00509220010919   305  147
00509220010920   303  172
00509220010921   295  155
00509220010922   278  124
00509220010923   304  169
00509220010924   324  133
00509220010925   318  138
00509220010926   315  166
00509220010927   342  169
00509220010928   298  166
00509220010929   259  153
00509220010930   275  109
00509220011001   295  134
00509220011002   319  137
00509220011003   348  146
00509220011004   315  148
00509220011005   264  205
00509220011006   277  185
00509220011007   287  170
00509220011008   322  190
00509220011009   310  177
00509220011010  -999  142
