04824419971101   242  100
04824419971102   263  109
04824419971103   283  134
04824419971104   293  145
04824419971105   313  173
04824419971106   330  187
04824419971107   352  205
04824419971108   346  196
04824419971109   364  189
04824419971110  -999  236
04824419971111   341  198
04824419971112   323  167
04824419971113   368  180
04824419971114   317  188
04824419971115   262  153
04824419971116   279  168
04824419971117   256  153
04824419971118   254  157
04824419971119   283  128
04824419971120   318  151
04824419971121   327  174
04824419971122   351  187
04824419971123   384  225
04824419971124   399  228
04824419971125   400  244
04824419971126   400  254
04824419971127   400  268
04824419971128   400  240
04824419971129   400  241
04824419971130   282  212
04824419971201   344  157
04824419971202   369  210
04824419971203   300  189
04824419971204   343  151
04824419971205   387  209
04824419971206   385  227
04824419971207  -999 -999
04824419971208   348  236
04824419971209   360  238
04824419971210   347  212
04824419971211   331  188
04824419971212   342  199
04824419971213   348  199
04824419971214   357  213
04824419971215   310  174
04824419971216   341  160
04824419971217   390  197
04824419971218   386  227
04824419971219   362  235
04824419971220   370 -999
04824419971221   400  233
04824419971222  -999 -999
04824419971224   346  172
04824419971225   367  201
04824419971226   400  220
04824419971227   321  207
04824419971228   364  171
04824419971229   394  237
04824419971230   384  245
04824419971231  -999  202
04824419980101   382 -999
04824419980102  -999  240
04824419980103   400  251
04824419980104   400  249
04824419980105   370  247
04824419980106   351  222
04824419980107  -999  180
04824419980108   303  184
04824419980109   237  204
04824419980110   293  201
04824419980111   304  207
04824419980112   333  212
04824419980113   304  212
04824419980114   262  201
04824419980115   364  205
04824419980116   375  226
04824419980117   392  250
04824419980118   400  269
04824419980119   370  254
04824419980120   378  240
04824419980121   374  231
04824419980122   382  223
04824419980123   380  244
04824419980124   267  267
04824419980125   287  184
04824419980126   294  165
04824419980127   342  191
04824419980128   327  201
04824419980129   306  144
04824419980130   326  172
04824419980131   374  186
04824419980201   384  224
04824419980202   388  240
04824419980203   400  245
04824419980204   376  246
04824419980205   293  263
04824419980206   361  216
04824419980207   389  240
04824419980208   242  171
04824419980209   305  137
04824419980210   289  171
04824419980211   335  190
04824419980212   373  225
04824419980213   378  205
04824419980214   388  207
04824419980215   400  213
04824419980216  -999  211
04824419980217   273  127
04824419980218   330  127
04824419980219   376  167
04824419980220  -999  210
04824419980221   320  152
04824419980222   343  163
04824419980223   333  168
04824419980224   362  175
04824419980225   394  223
04824419980226   385  258
04824419980227   381  241
04824419980228   362  206
04824419980301   360  201
04824419980302   359  230
04824419980303   361  207
04824419980304   375  221
04824419980305   343  234
04824419980306   285  144
04824419980307   276  146
04824419980308   299  146
04824419980309   323  168
04824419980310   359  181
04824419980311   381  230
04824419980312  -999  255
04824419980313   400  242
04824419980314   353  241
04824419980315   319  172
04824419980316   298  194
04824419980317  -999  137
04824419980318   310 -999
04824419980319   347  176
04824419980320   373  224
04824419980321   384  193
04824419980322   394  230
04824419980323   394  236
04824419980324   264  179
04824419980325   304  113
04824419980326   322  179
04824419980327   328  185
04824419980328   355  201
04824419980329   269  145
04824419980330   272  119
04824419980331   254  119
04824419980401   237  154
04824419980402   289   89
04824419980403   295  119
04824419980404   292  113
04824419980405   316  136
04824419980406   346  158
04824419980407   338  162
04824419980408   341  199
04824419980409   282  206
04824419980410   233   82
04824419980411   262   92
04824419980412   300  167
04824419980413   251  128
04824419980414   208   66
04824419980415  -999   99
04824419980416   244  141
04824419980417   249  165
04824419980418   277  138
04824419980419   280  171
04824419980420   191  165
04824419980421   191  165
04824419980422   167  142
04824419980423   199   99
04824419980424  -999  139
04824419980426   165   80
04824419980427   196   78
04824419980428   193   93
04824419980429   180   93
04824419980430   238  137
04824419980501   202  122
04824419980502   204   99
04824419980503   224  113
04824419980504   236  133
04824419980505  -999  141
04824419980506   190  118
04824419980507   205   88
04824419980508   166   83
04824419980509   153   45
04824419980510   166   46
04824419980511   170   74
04824419980512   178   77
04824419980513   232  114
04824419980514   211  143
04824419980515   222  154
04824419980516   186  148
04824419980517   191  124
04824419980518   217  120
04824419980519   223   94
04824419980520   180  112
04824419980521   171   42
04824419980522   200   24
04824419980523   211  106
04824419980524   157   52
04824419980525   151  103
04824419980526   203   47
04824419980527   207   52
04824419980528   218   74
04824419980529   219   57
04824419980530   225   84
04824419980531   208   70
04824419980602   190 -999
04824419980603   215   83
04824419980604   215  103
04824419980605   231   92
04824419980606   240  108
04824419980607   134   89
04824419980608   148   35
04824419980609   177   31
04824419980610   180   39
04824419980611   201   48
04824419980612   204   97
04824419980613   155   55
04824419980614   185   73
04824419980615   162   67
04824419980616   148   60
04824419980617   154   16
04824419980618   173    8
04824419980619   187   29
04824419980620   203   88
04824419980621   160  132
04824419980622   141   86
04824419980623   105   39
04824419980624   107   30
04824419980625   127   49
04824419980626   134   18
04824419980627   138   17
04824419980628   170   39
04824419980629   180   49
04824419980630   111   82
04824419980701   117   26
04824419980702   130    4
04824419980703   103   33
04824419980704   183   54
04824419980705   162   66
04824419980706   153  118
04824419980707   166   67
04824419980708   167   92
04824419980709   122   49
04824419980710   116   12
04824419980711   118    0
04824419980712   141   -4
04824419980713   129   14
04824419980714   122   -9
04824419980715   129   -3
04824419980716   162   54
04824419980717   107   57
04824419980718   161   84
04824419980719   157   94
04824419980720   152  100
04824419980721   149   91
04824419980722   177   53
04824419980723   144   28
04824419980724   144   52
04824419980725   125   52
04824419980726   136   98
04824419980727   131   91
04824419980728   131   63
04824419980729   108   45
04824419980730    92   58
04824419980731   121   31
04824419980801   129    2
04824419980802   147   36
04824419980803   201   79
04824419980804   157  110
04824419980805   176  120
04824419980806   158   72
04824419980807   155   56
04824419980808   169   77
04824419980809   171   56
04824419980810  -999   44
04824419980812   192   86
04824419980813   213   96
04824419980814   209  104
04824419980815   185   89
04824419980816   181   89
04824419980817   188   85
04824419980818   191   69
04824419980819   191   56
04824419980820   200   69
04824419980821   224  103
04824419980822   201  140
04824419980823   160   44
04824419980824   167   34
04824419980825   177   47
04824419980826   132   71
04824419980827   175   71
04824419980828   178   74
04824419980829   199   65
04824419980830   218   64
04824419980831   224   85
04824419980901   235   93
04824419980902   261  115
04824419980903   260  119
04824419980904   246  164
04824419980905   190  141
04824419980906   157   42
04824419980907   166   39
04824419980908   207   45
04824419980909   204  107
04824419980910   199  141
04824419980911   204  141
04824419980912   245  156
04824419980913   200   84
04824419980914   122   85
04824419980915   161   82
04824419980916   162   52
04824419980917   189   58
04824419980918   240   70
04824419980919   265  148
04824419980920   216  136
04824419980921   206  131
04824419980922   251  161
04824419980923   220  159
04824419980924   144   97
04824419980925   172   56
04824419980926   203   74
04824419980927   235   84
04824419980928   264  128
04824419980929   300  141
04824419980930   320  150
04824419981001   307  177
04824419981002   313  157
04824419981003   309  167
04824419981004   239  137
04824419981005   265   95
04824419981006   239  124
04824419981007   177   60
04824419981008   184   63
04824419981009   158  102
04824419981010   190   88
04824419981011   212   94
04824419981012   262   89
04824419981013   227  141
04824419981014   244   84
04824419981015   297  124
04824419981016   283  108
04824419981017   342  148
04824419981018   359  195
04824419981019   227  141
04824419981020   176   78
04824419981021   213   53
04824419981022   236   81
04824419981023   256   79
04824419981024   257  118
04824419981025   282  134
04824419981026   276  140
04824419981027   183  109
04824419981028   192   51
04824419981029   226   77
04824419981030   219  139
04824419981031   250  108
04824419981101   234   79
04824419981102   238   97
04824419981103   263   97
04824419981104   302  112
04824419981105   334  162
04824419981106   335  166
04824419981107   353  183
04824419981108   285  182
04824419981109   312  140
04824419981110   320  156
04824419981111  -999  187
04824419981112   263  176
04824419981113   256  123
04824419981114   266  113
04824419981115   322  155
04824419981116   294  158
04824419981117   295  124
04824419981118   253  144
04824419981119   252  131
04824419981120   259  124
04824419981121   289  128
04824419981122  -999  174
04824419981123   265 -999
04824419981124  -999  151
04824419981125   271 -999
04824419981126   320  163
04824419981127   312  189
04824419981128   235  112
04824419981129   251   92
04824419981130   274  123
04824419981201   302  136
04824419981202   359  163
04824419981203   359  202
04824419981204   306  191
04824419981205   257  146
04824419981206   294  136
04824419981207   325  174
04824419981208   348  193
04824419981209   366  207
04824419981210   380  244
04824419981211   384  235
04824419981212   394  240
04824419981213   387  234
04824419981214   355  224
04824419981215   339  186
04824419981216   338 -999
04824419981217   367  187
04824419981218   358  217
04824419981219   382  206
04824419981220   340  251
04824419981221   265  122
04824419981222   301  135
04824419981223   352  178
04824419981224   371  212
04824419981225   379  230
04824419981226   410  240
04824419981227   318  127
04824419981228   308  129
04824419981229   347  194
04824419981230   355  187
04824419981231   359  221
04824419990101   325  198
04824419990102   327  185
04824419990103   377  189
04824419990104   403  225
04824419990105   401  253
04824419990106   392  244
04824419990107   407  235
04824419990108   421  246
04824419990109   379  253
04824419990110   382  217
04824419990111   395  246
04824419990112   389  232
04824419990113   400  255
04824419990114   413  244
04824419990115   394  231
04824419990116   404  279
04824419990117  -999  243
04824419990119   407 -999
04824419990120   407  229
04824419990121   357  219
04824419990122   338  184
04824419990123   368  232
04824419990124   356  198
04824419990125   354  211
04824419990126   355  252
04824419990127   335  233
04824419990128   341  209
04824419990129   355  203
04824419990130   272  202
04824419990131   320  201
04824419990201   295  186
04824419990202   314  176
04824419990203   316  209
04824419990204   334  194
04824419990205   337  202
04824419990206   371  209
04824419990207   271 -999
04824419990208   320  155
04824419990209   281  208
04824419990210   316  198
04824419990211   339  225
04824419990212   333  214
04824419990213   362  192
04824419990214   380  219
04824419990215   411  237
04824419990216   357  230
04824419990217   367  166
04824419990218  -999  177
04824419990219   284  127
04824419990220   328  170
04824419990221   351  213
04824419990222   340  199
04824419990223   327  196
04824419990224   279  215
04824419990225   278  156
04824419990226  -999  186
04824419990227   321 -999
04824419990228   260  187
04824419990301   294  203
04824419990302   292  214
04824419990303   348  190
04824419990304   361  210
04824419990305   384  214
04824419990306   392  226
04824419990307   213  170
04824419990308   315  170
04824419990309   308  175
04824419990310   324  158
04824419990311   338  174
04824419990312   344  205
04824419990313   355  197
04824419990314   306  178
04824419990315   306  149
04824419990316   307  169
04824419990317   336  167
04824419990318   337  208
04824419990319   339  178
04824419990320   312  195
04824419990321   326  187
04824419990322  -999  169
04824419990323   247   81
04824419990324   295  117
04824419990325   325  185
04824419990326   336  209
04824419990327   358  224
04824419990328  -999  117
04824419990329   227   82
04824419990330   251   88
04824419990331   258  102
04824419990401   222  148
04824419990402   263  157
04824419990403   242  157
04824419990404   242  176
04824419990405   260  181
04824419990406   234  117
04824419990407   244   91
04824419990408   262  124
04824419990409   273  126
04824419990410   264  129
04824419990411   267  144
04824419990412   270  122
04824419990413   269  111
04824419990414   276  139
04824419990415   258  135
04824419990416   260 -999
04824419990417   262  102
04824419990418   272  123
04824419990419   277  110
04824419990420   288  111
04824419990421   182  113
04824419990422   196   53
04824419990423   219   63
04824419990424   231   69
04824419990425   237   62
04824419990426   241   71
04824419990427   162   69
04824419990428   191   44
04824419990429   205   36
04824419990430   200   75
04824419990501   224   87
04824419990502   228   77
04824419990503   233   76
04824419990504   236   62
04824419990505   241   77
04824419990506   253  115
04824419990507   258  125
04824419990508   221  139
04824419990509   237  111
04824419990510   246  103
04824419990511   250  116
04824419990512   198  131
04824419990513   206   99
04824419990514   226  108
04824419990515   234  119
04824419990516   165   27
04824419990517   200 -999
04824419990518   252 -999
04824419990519   247  104
04824419990520   248   97
04824419990521   244  122
04824419990522   248   92
04824419990523   236  157
04824419990524   208  145
04824419990525   199  126
04824419990526   195   57
04824419990527   177   77
04824419990528   192   61
04824419990529   242   90
04824419990530   251  150
04824419990531   199  123
04824419990601   175   69
04824419990602   190   58
04824419990603   215   70
04824419990604   220   88
04824419990605  -999  116
04824419990606   174 -999
04824419990607   178  122
04824419990608   183   64
04824419990609  -999  100
04824419990610   156 -999
04824419990611   126   38
04824419990612   139   21
04824419990613   135   87
04824419990614   130   68
04824419990615   128    5
04824419990616   148   57
04824419990617   174   33
04824419990618   187   52
04824419990619   179   60
04824419990620   194   48
04824419990621   197   80
04824419990622   142   51
04824419990623   190   39
04824419990624   170   53
04824419990625   159   18
04824419990626   173   45
04824419990627   186   79
04824419990628   193   59
04824419990629   210   73
04824419990630   163  110
04824419990701   131   70
04824419990702   136   79
04824419990703   159   31
04824419990704   171   40
04824419990705   176   58
04824419990706   192   44
04824419990707   178   76
04824419990708   193   89
04824419990709   207   77
04824419990710   202  106
04824419990711   193   70
04824419990712   181   63
04824419990713   121   69
04824419990714   157 -999
04824419990715   149   93
04824419990716   178   89
04824419990717   187   59
04824419990718   178   93
04824419990719   186   50
04824419990720   156   41
04824419990721   159   65
04824419990722   151   43
04824419990723   137   63
04824419990724   174   27
04824419990725   174   16
04824419990726   177   46
04824419990727   182   36
04824419990728   176   48
04824419990729   199   43
04824419990730   227   98
04824419990731   175   48
04824419990801   166    9
04824419990802   175   17
04824419990803   167   14
04824419990804   164   14
04824419990805   186   20
04824419990806   193   20
04824419990807   164   75
04824419990808   151  105
04824419990809   160   71
04824419990810   180   61
04824419990811   193   54
04824419990812   251   89
04824419990813   188   80
04824419990814   143   37
04824419990815   156   16
04824419990816   164   27
04824419990817   170   32
04824419990818   208   26
04824419990819   254   72
04824419990820   233   75
04824419990821   199   70
04824419990822   195   73
04824419990823   235   87
04824419990824   240  103
04824419990825   256  105
04824419990826   195  137
04824419990827   162   92
04824419990828   147  106
04824419990829   218   86
04824419990830   248  113
04824419990831   249  107
04824419990901   263  122
04824419990902   266  125
04824419990903   260  115
04824419990904   295  151
04824419990905  -999  115
04824419990906   200   56
04824419990907   189   59
04824419990908   213   54
04824419990909   241   80
04824419990910   194  101
04824419990911   204   60
04824419990912   230   51
04824419990913   255   96
04824419990914   277   97
04824419990915   314  146
04824419990916   284 -999
04824419990917   195   89
04824419990918   164   66
04824419990919   200   36
04824419990920   222   55
04824419990921   271   75
04824419990922   303  133
04824419990923   305  148
04824419990924   343  206
04824419990925   308  176
04824419990926   292  155
04824419990927   283  128
04824419990928   284  158
04824419990929   290  167
04824419990930   215  163
04824419991001   238  153
04824419991002   238  144
04824419991003   249  155
04824419991004   230  138
04824419991005   258  112
04824419991006   244  120
04824419991007   256  117
04824419991008   306  133
04824419991009   348  185
04824419991010   275  212
04824419991011   263  149
04824419991012   256  118
04824419991013   264  167
04824419991014   282  134
04824419991015   320  164
04824419991016   296  157
04824419991017   352  153
04824419991018   299  181
04824419991019   203  110
04824419991020   215   76
04824419991021   269   71
04824419991022   291  121
04824419991023  -999  118
04824419991024   180   35
04824419991025   251   61
04824419991026   261  149
04824419991027   274  124
04824419991028   300  117
04824419991029   329  141
04824419991030   261  199
04824419991031   248  174
04824419991101   231   89
04824419991102   258  122
04824419991103   264  127
04824419991104   287  136
04824419991105   240  164
04824419991106   264  147
04824419991107   251  116
04824419991108   201  150
04824419991109   207   94
04824419991110   233   78
04824419991111   248   95
04824419991112   265   95
04824419991113   291  128
04824419991114   332  141
04824419991115   319  165
04824419991116   230  130
04824419991117   244   84
04824419991118   270  105
04824419991119   291  140
04824419991120   281  169
04824419991121   235  166
04824419991122   265  140
04824419991123   252  117
04824419991124   270  111
04824419991125   313  153
04824419991126   308  179
04824419991127   244  190
04824419991128   246  148
04824419991129   276  160
04824419991130   317  159
04824419991201   345  159
04824419991202   358  188
04824419991203   360  196
04824419991204   336  192
04824419991205   346  178
04824419991206   379  189
04824419991207   395  236
04824419991208   359  253
04824419991209   325  218
04824419991210   277  157
04824419991211   294  161
04824419991212   258  148
04824419991213   300  127
04824419991214   336  185
04824419991215   352  206
04824419991216   271  241
04824419991217   222  140
04824419991218   278  118
04824419991219   282  118
04824419991220   289  118
04824419991221   303  152
04824419991222   202  156
04824419991223   224  157
04824419991224   273  155
04824419991225   269  183
04824419991226   213  189
04824419991227   232  163
04824419991228   262  172
04824419991229   254  138
04824419991230   273  142
04824420000101   268  112
04824420000102   303  158
04824420000103   330  187
04824420000104   293  209
04824420000105   257  129
04824420000106   291  129
04824420000107   284  138
04824420000108   310  167
04824420000109   299  192
04824420000110   323  170
04824420000111   313  185
04824420000112   312  177
04824420000113   311  174
04824420000114   318  177
04824420000115   338  185
04824420000116   373  213
04824420000117   402  236
04824420000118   404  227
04824420000119   419  272
04824420000120   390  220
04824420000121   299  198
04824420000122   279  139
04824420000123   266  131
04824420000124   309  131
04824420000125   326  192
04824420000126   360  231
04824420000127   268  204
04824420000128   285  160
04824420000129   295  142
04824420000130   323  150
04824420000131   349  178
04824420000201   370  196
04824420000202   385  242
04824420000203   373  242
04824420000204   383  224
04824420000205   384  220
04824420000206   403  234
04824420000207   372  230
04824420000208   366  236
04824420000209   364  233
04824420000210   379  216
04824420000211   350  238
04824420000212   234  201
04824420000213   272  188
04824420000214   277  151
04824420000215   295  150
04824420000216   313  170
04824420000217   334  192
04824420000218   348  213
04824420000219   347  198
04824420000220   299  219
04824420000221   228  187
04824420000222   214  179
04824420000223   254  186
04824420000224   315  196
04824420000225   327  211
04824420000226   330  204
04824420000227   340  229
04824420000228   335  216
04824420000229   335  211
04824420000301   334  199
04824420000302   344  216
04824420000303   357  220
04824420000304   332  234
04824420000305   274  198
04824420000306   295  160
04824420000307   234  195
04824420000308   202  147
04824420000309   284  161
04824420000310   224  182
04824420000311   261  180
04824420000312   278  204
04824420000313   322  212
04824420000314   310  227
04824420000315   317  183
04824420000316   284  203
04824420000317   323  209
04824420000318   325  211
04824420000319   321  211
04824420000320   299  211
04824420000321   226  182
04824420000322   224  147
04824420000323   259  153
04824420000324   274 -999
04824420000325   272  128
04824420000326   276  134
04824420000327  -999  152
04824420000328  -999 -999
04824420000329   274 -999
04824420000330   288  139
04824420000331   306  164
04824420000401   257  152
04824420000402   263  159
04824420000403   310  190
04824420000404   292  194
04824420000405   221  162
04824420000406   239  122
04824420000407   229  123
04824420000408   249  150
04824420000409   256  150
04824420000410   204  172
04824420000411   253  154
04824420000412   209  167
04824420000413   204  159
04824420000414   261  160
04824420000415   253  134
04824420000416   188  147
04824420000417   222  147
04824420000418   212  116
04824420000419   218   91
04824420000420   218  104
04824420000421   219   97
04824420000422   191   72
04824420000423   190   59
04824420000424   214   58
04824420000425   219   79
04824420000426   237   95
04824420000427   241  124
04824420000428   253  132
04824420000429   252  140
04824420000430   270  157
04824420000501   250  129
04824420000502   263 -999
04824420000503   184  173
04824420000504   203  173
04824420000505   194  143
04824420000506   145   98
04824420000507   177   52
04824420000508   214   76
04824420000509   201   83
04824420000510   201   70
04824420000511   206   76
04824420000512   217   84
04824420000513   232  103
04824420000514   174   76
04824420000515   160 -999
04824420000516   167   78
04824420000517   179   48
04824420000518   183   67
04824420000519   183   59
04824420000520   162   36
04824420000521   189   52
04824420000522   195   53
04824420000523   198   53
04824420000524   200   87
04824420000525   184  120
04824420000526   193   54
04824420000527   135   78
04824420000528   125    2
04824420000529   112   51
04824420000530   112   51
04824420000531   124   24
04824420000601   111   39
04824420000602   138   42
04824420000603   119   -4
04824420000604   134    2
04824420000605   128   34
04824420000606   131   23
04824420000607   151   14
04824420000608   144 -999
04824420000609   144   31
04824420000610   152   31
04824420000611   170   19
04824420000612   168   36
04824420000613   173   36
04824420000614   182   44
04824420000615   192   42
04824420000616   199   71
04824420000617   198   89
04824420000618   166  105
04824420000619   182   95
04824420000620   152  116
04824420000621   199   95
04824420000622   175   48
04824420000623   151   45
04824420000624   155   39
04824420000625   161   24
04824420000626   179   32
04824420000627   188   82
04824420000628   193   72
04824420000629   106   53
04824420000630   129   45
04824420000701   150   26
04824420000702   175    7
04824420000703   176   44
04824420000704   182   86
04824420000705   191   55
04824420000706   196 -999
04824420000707   124   74
04824420000708   156   24
04824420000709   180 -999
04824420000710   165   38
04824420000711   136   14
04824420000712   152    8
04824420000713   150   53
04824420000714   151   53
04824420000715   192   55
04824420000716   180   47
04824420000717   166   18
04824420000718   184   26
04824420000719   161   85
04824420000720   158   25
04824420000721   164   47
04824420000722   162   19
04824420000723   188   47
04824420000724   233 -999
04824420000725   209   77
04824420000726   121   20
04824420000727   114   12
04824420000728   136    3
04824420000729   153    3
04824420000730   192   25
04824420000731   206   52
04824420000801   221   71
04824420000802   195   48
04824420000803   202   35
04824420000804   207   47
04824420000805   127   73
04824420000806   194   77
04824420000807   204   76
04824420000808   158  117
04824420000809   175   55
04824420000810   176   54
04824420000811   157   33
04824420000812   143   16
04824420000813   155   44
04824420000814   162   13
04824420000815   171   36
04824420000816   136    9
04824420000817   167  -12
04824420000818   153   39
04824420000819   146   66
04824420000820   182   44
04824420000821   188   44
04824420000822   219   80
04824420000823   144   21
04824420000824   130   65
04824420000825   165   59
04824420000826   184   61
04824420000827   208   61
04824420000828   170   44
04824420000829   173   34
04824420000830   220   43
04824420000831   192   58
04824420000901   174   74
04824420000902   174   72
04824420000903   217 -999
04824420000904   217   82
04824420000905   218   93
04824420000906   220   57
04824420000907   266  106
04824420000908   196  104
04824420000909   211   50
04824420000910   185   54
04824420000911   222   60
04824420000912   178   36
04824420000913   230   36
04824420000914   271   83
04824420000915   267  102
04824420000916   295  109
04824420000917   317  126
04824420000918   255   87
04824420000919   281   90
04824420000920   298  119
04824420000921   326  140
04824420000922   301  102
04824420000923   287  125
04824420000924   296 -999
04824420000925   321  141
04824420000926   343  165
04824420000927   310 -999
04824420000928   324  219
04824420000929   335  155
04824420000930   272   85
04824420001001   214  111
04824420001002   229   52
04824420001003   253   70
04824420001004   277   99
04824420001005   315  107
04824420001006   360  162
04824420001007   362  174
04824420001008   272  189
04824420001009   170  142
04824420001010  -999   83
04824420001011   252 -999
04824420001012   293  119
04824420001013   230  156
04824420001014   191   85
04824420001015   240   92
04824420001016   248   99
04824420001017   277  100
04824420001018   275  183
04824420001019   230  106
04824420001020   179  107
04824420001021   267  103
04824420001022   282  157
04824420001023   201  169
04824420001024   263  167
04824420001025   267  122
04824420001026   241  143
04824420001027   242  109
04824420001028   210   94
04824420001029   242   75
04824420001030   190  133
04824420001031   230  137
04824420001101   285  153
04824420001102   310  130
04824420001103   301  137
04824420001104   287  129
04824420001105   262  116
04824420001106   261  113
04824420001107   277  119
04824420001108   282  119
04824420001109   242  170
04824420001110   215  149
04824420001111   274  155
04824420001112   252  156
04824420001113   263  162
04824420001114   265  161
04824420001115  -999  153
