 1870 2022
1870    -0.373    -0.256     0.277     0.027    -0.400    -0.434    -0.554    -0.409    -0.622    -0.476    -0.278    -0.306
1871    -0.208    -0.090    -0.112    -0.073    -0.035    -0.049    -0.347    -0.263    -0.230    -0.368    -0.094    -0.159
1872     0.028     0.121     0.024    -0.009    -0.069     0.030    -0.189    -0.213    -0.227    -0.111     0.017    -0.041
1873     0.127    -0.239    -0.304    -0.196    -0.331    -0.473    -0.593    -0.688    -0.588    -0.319    -0.229    -0.233
1874    -0.316    -0.308    -0.486    -0.678    -0.361    -0.351    -0.242    -0.232    -0.708    -0.999    -0.480    -0.720
1875    -0.384    -0.107     0.002     0.105    -0.055     0.020    -0.414    -0.135    -0.291    -0.499    -0.767    -0.390
1876    -0.295    -0.424    -0.302    -0.401    -0.392    -0.310    -0.294    -0.155     0.027    -0.053    -0.235    -0.227
1877    -0.246     0.447     0.230    -0.205    -0.605    -0.376    -0.491     0.326     0.626     0.577     0.681     0.224
1878    -0.196    -0.318     0.084    -0.010    -0.275    -0.197    -0.286    -0.160    -0.102    -0.515    -0.338    -0.401
1879    -0.364    -0.337    -0.352    -0.466    -0.433    -0.160    -0.278    -0.528    -0.485    -0.629    -0.638    -0.536
1880    -0.398    -0.182    -0.227     0.077    -0.060    -0.186    -0.431    -0.474    -0.468    -0.596    -0.430    -0.278
1881    -0.108    -0.427    -0.249    -0.375    -0.060     0.294    -0.019     0.035    -0.193    -0.302    -0.253    -0.427
1882    -0.492    -0.600    -0.049    -0.058     0.012     0.042    -0.136    -0.384    -0.546    -0.350    -0.254    -0.361
1883    -0.640    -0.127    -0.203    -0.051    -0.110     0.030    -0.191    -0.012    -0.396    -0.188    -0.236    -0.255
1884    -0.342    -0.103    -0.212     0.150     0.329    -0.089     0.094    -0.194    -0.365    -0.209    -0.351    -0.347
1885    -0.398    -0.010    -0.069    -0.123    -0.120    -0.016    -0.121    -0.117    -0.245    -0.059    -0.352    -0.315
1886    -0.548    -0.686    -0.355    -0.207    -0.366    -0.233    -0.628    -0.806    -0.882    -0.738    -0.561    -0.490
1887    -0.394    -0.310    -0.182    -0.183    -0.212    -0.058    -0.135     0.103    -0.179    -0.357    -0.166    -0.226
1888    -0.274    -0.523    -0.633    -0.787    -0.424    -0.311    -0.352    -0.258    -0.420    -0.277    -0.430    -0.383
1889    -0.598    -0.166    -0.553    -0.742    -0.584    -0.448    -0.419    -0.552    -0.806    -0.980    -0.747    -0.341
1890    -0.040     0.014    -0.098    -0.126    -0.257    -0.656    -0.820    -0.594    -0.985    -1.007    -0.783    -0.513
1891    -0.254    -0.493    -0.511    -0.211    -0.245     0.014    -0.205     0.106     0.038     0.043    -0.007     0.138
1892    -0.168    -0.243    -0.108    -0.243    -0.206    -0.373    -0.562    -0.929    -1.075    -0.655    -0.331    -0.427
1893    -0.380    -0.389    -0.313    -0.507    -0.443    -0.413    -0.452    -0.645    -0.586    -0.637    -0.394    -0.295
1894    -0.012    -0.181    -0.163    -0.241    -0.134     0.019    -0.083     0.237    -0.223    -0.166    -0.152    -0.182
1895    -0.118     0.023    -0.008    -0.102    -0.077     0.009    -0.314     0.041    -0.200     0.004    -0.358    -0.302
1896    -0.321    -0.507    -0.462    -0.217    -0.137    -0.042    -0.004    -0.020     0.094     0.461     0.163     0.167
1897    -0.118    -0.234    -0.183    -0.102    -0.104    -0.139    -0.148    -0.108    -0.454    -0.965    -0.781    -0.675
1898    -0.484    -0.366    -0.231    -0.303    -0.414    -0.319    -0.726    -0.706    -0.783    -0.756    -0.538    -0.403
1899    -0.353    -0.213    -0.076    -0.054    -0.011    -0.262    -0.477    -0.340    -0.828    -0.268    -0.314    -0.674
1900    -0.403    -0.213    -0.364    -0.244    -0.080     0.072    -0.222    -0.378    -0.432    -0.270    -0.073    -0.563
1901    -0.475    -0.788    -0.620    -0.438    -0.473    -0.504    -0.616    -0.712    -0.923    -0.615    -0.618    -0.611
1902    -0.408    -0.373    -0.151     0.127     0.038     0.024     0.027     0.445     0.315    -0.078     0.076    -0.196
1903    -0.414    -0.491    -0.264    -0.553    -0.187    -0.221    -0.518    -0.339    -0.584    -0.876    -0.505    -0.372
1904    -0.154    -0.154    -0.119     0.046    -0.179    -0.172    -0.190    -0.301    -0.572    -0.077    -0.229    -0.574
1905    -0.536    -0.292    -0.372    -0.393    -0.125    -0.334    -0.178    -0.108     0.130    -0.302    -0.313    -0.490
1906    -0.540    -0.405    -0.410    -0.712    -0.345    -0.276    -0.889    -0.973    -1.528    -0.852    -0.671    -0.280
1907    -0.304    -0.105     0.049    -0.291    -0.228    -0.232    -0.505    -0.821    -0.420    -0.244    -0.265    -0.151
1908    -0.327    -0.270    -0.151    -0.713    -0.150     0.155    -0.501    -0.348    -0.212    -0.309    -0.384    -0.513
1909    -0.667    -0.421    -0.459    -0.369    -0.722    -0.804    -0.935    -0.874    -0.813    -0.570    -0.301    -0.187
1910    -0.486    -0.089    -0.389    -0.319    -0.451    -0.346    -0.939    -0.708    -0.916    -0.893    -0.559    -0.226
1911    -0.129    -0.406    -0.635    -0.668    -0.356    -0.700    -0.677    -0.474    -0.438    -0.509    -0.106    -0.084
1912    -0.187    -0.222     0.048    -0.182     0.018     0.111    -0.576    -0.654    -0.619    -0.449    -0.611    -0.433
1913    -0.171    -0.056    -0.035    -0.191    -0.107     0.215    -0.241    -0.370    -0.362     0.025    -0.117    -0.179
1914    -0.222    -0.092    -0.253    -0.163    -0.026     0.667     0.199     0.089     0.040     0.102    -0.434    -0.642
1915    -0.564    -0.608    -0.302    -0.205    -0.416    -0.089    -0.608    -0.328    -0.271    -0.156    -0.104     0.043
1916    -0.065     0.049     0.158     0.213    -0.077    -0.284    -0.589    -0.740    -1.162    -0.810    -0.583    -0.210
1917     0.035     0.033     0.008    -0.161    -0.328    -0.227    -0.494    -0.322    -0.766    -0.905    -0.774    -0.601
1918     0.079     0.215     0.207    -0.219    -0.341    -0.089    -0.032     0.034     0.106     0.312     0.318     0.127
1919     0.039    -0.037    -0.170    -0.332    -0.320    -0.243    -0.079    -0.207    -0.114    -0.189    -0.139    -0.337
1920     0.083     0.134     0.239     0.133     0.349     0.056    -0.493    -0.489    -0.503    -0.287    -0.454    -0.318
1921    -0.231    -0.085     0.019    -0.114     0.038    -0.100    -0.344    -0.819    -0.442    -0.314    -0.361    -0.313
1922    -0.317    -0.116     0.179    -0.314    -0.296     0.046    -0.452    -0.302    -0.405    -0.369    -0.424    -0.235
1923    -0.139    -0.334    -0.182    -0.163    -0.232     0.012    -0.306     0.112     0.347     0.435     0.571    -0.133
1924    -0.369    -0.517    -0.328    -0.191    -0.335    -0.333    -0.298    -0.305    -0.546    -0.049    -0.285    -0.295
1925    -0.252     0.052     0.093     0.557     0.037     0.195    -0.071     0.072     0.495     0.263     0.241    -0.083
1926     0.062    -0.279     0.059    -0.172    -0.005     0.260    -0.134     0.106    -0.299     0.044    -0.367    -0.352
1927    -0.136     0.122    -0.102    -0.323    -0.177    -0.054    -0.479    -0.499    -0.558    -0.442    -0.164    -0.308
1928    -0.312    -0.280    -0.177    -0.238    -0.188    -0.352    -0.543    -0.779    -0.764    -0.573    -0.083    -0.303
1929    -0.219    -0.282    -0.138    -0.147    -0.281    -0.133    -0.292    -0.375    -0.199    -0.196    -0.158     0.045
1930    -0.357    -0.434    -0.220    -0.170    -0.365    -0.024    -0.308    -0.218    -0.696    -0.258     0.236    -0.044
1931     0.008    -0.254    -0.448    -0.449    -0.178    -0.166    -0.316    -0.390    -0.904    -0.437    -0.061    -0.742
1932    -0.360    -0.500    -0.338    -0.050    -0.298    -0.282    -0.149    -0.376    -0.297    -0.569    -0.191     0.037
1933    -0.124    -0.012     0.139     0.253    -0.264    -0.193    -0.372    -0.518    -1.461    -0.826    -0.481    -0.402
1934    -0.545    -0.171    -0.065    -0.058    -0.120     0.098    -0.228     0.100    -0.391    -0.162    -0.032    -0.090
1935     0.073     0.025     0.219    -0.141     0.143     0.205     0.149     0.088    -0.141    -0.145     0.242     0.091
1936     0.151    -0.309    -0.111     0.007    -0.113     0.178     0.024    -0.325    -0.340    -0.532     0.060    -0.249
1937    -0.048    -0.151    -0.156    -0.327     0.122    -0.183    -0.450    -0.140     0.015    -0.144     0.008    -0.068
1938    -0.019    -0.137     0.109    -0.270     0.096    -0.294    -0.524    -0.037    -0.352    -0.452    -0.589    -0.472
1939    -0.060     0.289     0.121    -0.190    -0.257    -0.064    -0.308    -0.348    -0.179    -0.031    -0.196    -0.036
1940     0.145    -0.144    -0.376    -0.417    -0.380     0.085    -0.267    -0.141    -0.284    -0.312    -0.218    -0.246
1941    -0.297    -0.539    -0.160    -0.202    -0.190    -0.262    -0.332    -0.307    -0.227    -0.030     0.397    -0.113
1942    -0.128    -0.218    -0.150    -0.335    -0.519    -0.830    -0.600    -0.988    -0.840    -0.429    -0.475    -0.489
1943    -0.425    -0.168    -0.205    -0.150    -0.108     0.265     0.192     0.148    -0.542    -0.376    -0.265    -0.317
1944    -0.089     0.327    -0.077    -0.166     0.363    -0.000     0.150     0.163     0.107    -0.441    -0.126     0.248
1945    -0.075     0.169     0.305    -0.254    -0.492    -0.449    -0.427    -0.543    -0.488    -0.353    -0.200    -0.258
1946     0.133     0.066    -0.126    -0.482     0.377    -0.217    -0.062     0.277     0.034    -0.018     0.097    -0.180
1947    -0.222     0.109     0.100    -0.111     0.184     0.047    -0.536    -0.547    -0.864    -0.664    -0.196    -0.196
1948    -0.232    -0.075     0.125    -0.028    -0.005     0.173    -0.171    -0.350    -0.542    -0.133    -0.256    -0.437
1949     0.093     0.257    -0.021     0.241    -0.011     0.104     0.088     0.123     0.016     0.035    -0.272    -0.261
1950     0.022    -0.474    -0.592    -0.399    -0.229    -0.380    -0.251    -0.107    -0.525    -0.431    -0.104     0.043
1951     0.321     0.291     0.359    -0.438    -0.059    -0.076    -0.123     0.236     0.101    -0.008     0.246    -0.003
1952    -0.004     0.160     0.226     0.149    -0.069     0.134    -0.333    -0.351    -0.501    -0.386    -0.047     0.039
1953     0.370     0.365     0.288     0.021     0.396     0.000    -0.081    -0.119    -0.134    -0.153    -0.013    -0.049
1954    -0.273    -0.191    -0.062     0.066    -0.471    -0.391    -0.758    -0.519    -0.612    -0.676    -0.327     0.017
1955     0.016    -0.073     0.119     0.031    -0.616    -0.273    -0.342    -0.317    -0.632    -0.571    -0.146    -0.231
1956    -0.036     0.059     0.099    -0.224    -0.491    -0.712    -0.986    -0.660    -0.697    -0.512    -0.393    -0.081
1957    -0.371    -0.484    -0.097    -0.225    -0.247    -0.351    -0.392    -0.154    -0.277    -0.363    -0.359    -0.180
1958    -0.331    -0.154    -0.274    -0.272    -0.417    -0.741    -0.966    -1.148    -1.197    -0.807    -0.551    -0.569
1959     0.038    -0.452    -0.424    -0.281    -0.662    -0.632    -0.570    -0.800    -0.733    -0.427    -0.451    -0.287
1960    -0.171     0.036    -0.333    -0.670    -0.659    -0.567    -0.638    -0.472    -0.476    -0.747    -0.688    -0.572
1961    -0.079    -0.000    -0.022    -0.537    -0.358     0.108     0.727     0.888     0.660     0.616     0.446     0.381
1962     0.577     0.624     0.457     0.056    -0.305    -0.344    -0.371    -0.191    -0.080    -0.168    -0.090    -0.001
1963     0.394     0.475     0.301     0.014    -0.244    -0.134     0.308     0.585     0.187     0.591     0.442     0.011
1964    -0.396    -0.612    -0.212    -0.149    -0.440    -0.230    -0.732    -0.571    -0.875    -0.868    -0.161    -0.113
1965    -0.266    -0.367    -0.086    -0.210    -0.460    -0.374    -0.376    -0.135    -0.091     0.177    -0.102    -0.220
1966    -0.167    -0.083    -0.241    -0.360    -0.343    -0.005     0.092     0.241     0.208    -0.145    -0.237    -0.167
1967    -0.171     0.007     0.348    -0.187    -0.086     0.158     0.236     0.243     0.251     0.318     0.146     0.123
1968     0.279     0.413     0.254     0.149    -0.044     0.205    -0.425    -0.343    -0.628    -0.372    -0.331    -0.144
1969    -0.097    -0.085     0.160     0.025    -0.086    -0.512    -0.310    -0.238    -0.142    -0.040     0.119    -0.016
1970     0.363     0.405     0.168     0.294     0.262    -0.272    -0.473    -0.238    -0.494    -0.478    -0.184    -0.166
1971     0.264     0.093     0.308     0.315     0.006    -0.123    -0.257    -0.435    -0.640    -0.469     0.141     0.284
1972     0.209    -0.136     0.131     0.207     0.237     0.853     0.805     0.623     0.469     0.487     0.794     0.547
1973     0.108     0.002     0.099    -0.041     0.164    -0.111    -0.399    -0.494    -0.667    -0.289    -0.034     0.117
1974     0.344     0.236     0.349     0.022    -0.159     0.087    -0.152    -0.385    -0.555    -0.686    -0.428    -0.291
1975    -0.301    -0.170    -0.364     0.163     0.146     0.169     0.058    -0.232    -0.751    -0.896    -0.205    -0.100
1976     0.070     0.157     0.120     0.197     0.076     0.483     0.690     0.219    -0.102    -0.072    -0.058     0.098
1977     0.063    -0.181     0.274     0.046    -0.261     0.019    -0.074    -0.148    -0.153     0.404    -0.004     0.049
1978    -0.574    -0.450    -0.482    -0.139    -0.453    -0.061    -0.010    -0.112    -0.155    -0.343    -0.335    -0.190
1979     0.382    -0.078     0.066    -0.132    -0.364     0.222    -0.218    -0.114    -0.174    -0.154    -0.128    -0.032
1980    -0.093    -0.120    -0.317    -0.020     0.014    -0.268    -0.564    -0.710    -0.639    -0.498    -0.294    -0.413
1981    -0.136     0.056     0.127     0.168     0.062    -0.126    -0.463    -0.516    -0.651    -0.447    -0.204     0.050
1982     0.209     0.246     0.154     0.194     0.302     0.369     0.362     0.369     0.548     0.783     0.407    -0.093
1983    -0.416    -0.507    -0.652    -0.481     0.021     0.484     0.621     0.457     0.037    -0.128    -0.220    -0.031
1984    -0.158    -0.069    -0.022     0.125    -0.225    -0.243    -0.269    -0.385    -0.502    -0.494    -0.295    -0.209
1985    -0.401    -0.547    -0.441    -0.125    -0.143    -0.516    -0.307    -0.346    -0.132    -0.339     0.197    -0.348
1986    -0.047    -0.056    -0.100    -0.211    -0.074    -0.165    -0.449    -0.288    -0.036     0.111    -0.120    -0.205
1987    -0.015     0.121    -0.037    -0.081     0.244     0.223     0.304     0.409     0.499     0.414     0.072     0.222
1988     0.418    -0.074    -0.212    -0.053    -0.434    -0.158    -0.053    -0.177    -0.288    -0.365    -0.060     0.226
1989    -0.215     0.035    -0.219    -0.405    -0.515    -0.666    -0.350    -0.209    -0.119    -0.253    -0.215    -0.097
1990    -0.033    -0.209    -0.043    -0.310    -0.269    -0.455    -0.149    -0.279    -0.077    -0.186     0.029     0.073
1991     0.131    -0.017     0.063     0.364     0.459     0.376     0.366     0.170     0.205     0.129     0.164     0.153
1992    -0.256    -0.309    -0.571    -0.478    -0.470    -0.747    -0.382    -0.656    -0.727    -0.467    -0.276    -0.247
1993    -0.131     0.115    -0.195    -0.106     0.053     0.006    -0.055    -0.193    -0.064     0.004    -0.026    -0.136
1994     0.090    -0.066     0.302     0.426     0.624     0.546     0.654     0.923     0.635     0.867     0.410     0.332
1995     0.205     0.243     0.050    -0.146    -0.172     0.036    -0.073    -0.032    -0.074    -0.207    -0.171     0.160
1996     0.045     0.047     0.015    -0.293    -0.186    -0.281    -0.546    -0.568    -0.606    -0.949    -0.674    -0.344
1997    -0.045     0.159     0.143     0.129     0.105     0.195     0.544     0.746     0.877     1.033     1.402     0.932
1998     0.590     0.502     0.045     0.122     0.219     0.261    -0.288    -0.467    -0.390    -0.584    -0.530    -0.266
1999    -0.065     0.042     0.202     0.073    -0.106    -0.032     0.208     0.135     0.056    -0.030     0.007    -0.079
2000    -0.060     0.071     0.240     0.217     0.192     0.091     0.174     0.243     0.010     0.017    -0.183    -0.178
2001    -0.366     0.063     0.090     0.212     0.217     0.241    -0.043    -0.189    -0.117    -0.291    -0.122     0.019
2002    -0.077    -0.018     0.108    -0.277    -0.249    -0.076    -0.164    -0.096     0.392     0.565     0.220    -0.088
2003    -0.174     0.097     0.061    -0.024    -0.084     0.252     0.228     0.220     0.045    -0.084    -0.036     0.258
2004     0.109     0.194     0.177    -0.005    -0.485    -0.270    -0.204    -0.020    -0.000     0.155    -0.030    -0.063
2005    -0.058    -0.480    -0.332     0.160     0.046    -0.062    -0.287    -0.233    -0.428    -0.276    -0.149    -0.230
2006    -0.070    -0.225    -0.126     0.060    -0.128     0.055     0.137     0.341     0.534     0.736     0.624     0.241
2007     0.290     0.230     0.216     0.175     0.349     0.144     0.141     0.349     0.341     0.227     0.100    -0.157
2008     0.180     0.008     0.197    -0.078     0.258     0.329     0.343     0.237     0.192     0.188    -0.005     0.016
2009     0.097     0.243     0.200     0.201     0.336     0.214    -0.095     0.008     0.003     0.147     0.056     0.230
2010     0.359     0.103     0.558     0.445     0.050    -0.026     0.096     0.051    -0.162    -0.277    -0.372    -0.142
2011     0.257     0.322     0.467     0.229    -0.010     0.169     0.319     0.457     0.308     0.516     0.459    -0.059
2012     0.111     0.002     0.126    -0.196    -0.290     0.115     0.643     0.764     0.559     0.270     0.024     0.337
2013     0.001     0.269     0.183    -0.222    -0.426    -0.383    -0.083    -0.082    -0.204    -0.009     0.323     0.210
2014    -0.036    -0.009    -0.051     0.017    -0.012     0.086    -0.266    -0.260    -0.039     0.300     0.133     0.116
2015    -0.034    -0.265    -0.141     0.067     0.320     0.410     0.322     0.680     0.400     0.642     0.470     0.341
2016     0.331    -0.030     0.091     0.222    -0.034    -0.329    -0.661    -0.332    -0.331    -0.212    -0.259    -0.241
2017    -0.020     0.181     0.457     0.574     0.616     0.537     0.617     0.461     0.140     0.175     0.412     0.179
2018    -0.135     0.295    -0.020    -0.008     0.202     0.269     0.150     0.234     0.710     0.844     0.623     0.379
2019     0.452     0.496     0.325     0.333     0.619     0.719     0.693     0.548     0.999     1.123     0.958     0.312
2020     0.238     0.134     0.119     0.064     0.378     0.568     0.417    -0.070    -0.084     0.233     0.143     0.100
2021     0.116     0.323     0.367     0.325     0.089     0.112    -0.132     0.014     0.048     0.068     0.192    -0.050
2022     0.009 -9999.000 -9999.000 -9999.000 -9999.000 -9999.000 -9999.000 -9999.000 -9999.000 -9999.000 -9999.000 -9999.000
-9999
DMI HadISST1.1
Created Fri Mar 25 08:39:11 MDT 2022
using SST anomaly 10S:10N,50E-70E minus 10S:0,90E-110E area averaged
Timeseries output created at NOAA PSL
https://psl.noaa/gov/data/timeseries/DMI
Preliminary. 
