TMAX       200283 19390101 20201231 missing_value=99999.9 WILLIS ISLAND                             
19390101 19390131    30.2
19390201 19390228    29.7
19390301 19390331    30.0
19390401 19390430    28.5
19390501 19390531    27.5
19390601 19390630    26.2
19390701 19390731    25.9
19390801 19390831    25.2
19390901 19390930    26.9
19391001 19391031    28.5
19391101 19391130    29.8
19391201 19391231    31.2
19400101 19400131    31.4
19400201 19400229    30.5
19400301 19400331    29.1
19400401 19400430    27.7
19400501 19400531    27.2
19400601 19400630    26.6
19400701 19400731    25.7
19400801 19400831    25.5
19400901 19400930    26.8
19401001 19401031    27.9
19401101 19401130    29.5
19401201 19401231    30.7
19410101 19410131    30.9
19410201 19410228    30.1
19410301 19410331    29.6
19410401 19410430    27.9
19410501 19410531    27.2
19410601 19410630    26.4
19410701 19410731    25.5
19410801 19410831    24.9
19410901 19410930    27.1
19411001 19411031    27.9
19411101 19411130    29.6
19411201 19411231    30.4
19420101 19420131    32.0
19420201 19420228    31.8
19420301 19420331    31.2
19420401 19420430    29.9
19420501 19420531    28.4
19420601 19420630    27.6
19420701 19420731    26.4
19420801 19420831    26.7
19420901 19420930    26.9
19421001 19421031    27.9
19421101 19421130    28.9
19421201 19421231    29.8
19430101 19430131    29.4
19430201 19430228    29.7
19430301 19430331    29.3
19430401 19430430    29.5
19430501 19430531    28.2
19430601 19430630    26.3
19430701 19430731    25.8
19430801 19430831    26.7
19430901 19430930    28.2
19431001 19431031    29.2
19431101 19431130    30.4
19431201 19431231    31.6
19440101 19440131    31.8
19440201 19440229    31.0
19440301 19440331    28.7
19440401 19440430    28.2
19440501 19440531    27.5
19440601 19440630    26.4
19440701 19440731    25.7
19440801 19440831    25.9
19440901 19440930    26.9
19441001 19441031    27.7
19441101 19441130    29.1
19441201 19441231    30.5
19450101 19450131    30.4
19450201 19450228    30.7
19450301 19450331    29.3
19450401 19450430    28.6
19450501 19450531    27.6
19450601 19450630    26.5
19450701 19450731    25.3
19450801 19450831    26.4
19450901 19450930    27.6
19451001 19451031    28.4
19451101 19451130    29.2
19451201 19451231    30.7
19460101 19460131    30.9
19460201 19460228    31.0
19460301 19460331    30.3
19460401 19460430    28.7
19460501 19460531    28.0
19460601 19460630    26.3
19460701 19460731    25.8
19460801 19460831    26.0
19460901 19460930    27.3
19461001 19461031    28.1
19461101 19461130    29.5
19461201 19461231    30.3
19470101 19470131    31.1
19470201 19470228    30.2
19470301 19470331    30.3
19470401 19470430    29.3
19470501 19470531    27.6
19470601 19470630    26.7
19470701 19470731    26.4
19470801 19470831    26.4
19470901 19470930    28.3
19471001 19471031    28.4
19471101 19471130    30.1
19471201 19471231    30.8
19480101 19480131    31.3
19480201 19480229    30.9
19480301 19480331    29.9
19480401 19480430    28.7
19480501 19480531    28.5
19480601 19480630    26.6
19480701 19480731    26.6
19480801 19480831    25.9
19480901 19480930    27.5
19481001 19481031    28.6
19481101 19481130    29.8
19481201 19481231    30.2
19490101 19490131    30.2
19490201 19490228    30.6
19490301 19490331    30.2
19490401 19490430    27.9
19490501 19490531    26.7
19490601 19490630    25.7
19490701 19490731    25.7
19490801 19490831    25.8
19490901 19490930    27.7
19491001 19491031    29.6
19491101 19491130    29.4
19491201 19491231    30.5
19500101 19500131    30.5
19500201 19500228    30.8
19500301 19500331    30.0
19500401 19500430    28.5
19500501 19500531    27.7
19500601 19500630    26.7
19500701 19500731    26.5
19500801 19500831    26.2
19500901 19500930    27.2
19501001 19501031    28.9
19501101 19501130    29.3
19501201 19501231    28.7
19510101 19510131    29.4
19510201 19510228    29.9
19510301 19510331    29.2
19510401 19510430    28.1
19510501 19510531    26.7
19510601 19510630    25.9
19510701 19510731    25.8
19510801 19510831    26.2
19510901 19510930    26.8
19511001 19511031    28.3
19511101 19511130    29.8
19511201 19511231    30.6
19520101 19520131    30.6
19520201 19520229    30.7
19520301 19520331    29.4
19520401 19520430    29.0
19520501 19520531    28.5
19520601 19520630    27.5
19520701 19520731    26.1
19520801 19520831    26.5
19520901 19520930    27.3
19521001 19521031    28.3
19521101 19521130    30.4
19521201 19521231    30.8
19530101 19530131    30.4
19530201 19530228    30.6
19530301 19530331    28.9
19530401 19530430    28.4
19530501 19530531    27.5
19530601 19530630    26.7
19530701 19530731    25.5
19530801 19530831    25.0
19530901 19530930    26.7
19531001 19531031    28.8
19531101 19531130    30.6
19531201 19531231    30.7
19540101 19540131    30.1
19540201 19540228    30.6
19540301 19540331    29.3
19540401 19540430    28.3
19540501 19540531    27.5
19540601 19540630    26.4
19540701 19540731    25.9
19540801 19540831    26.2
19540901 19540930    27.1
19541001 19541031    28.7
19541101 19541130    29.5
19541201 19541231    29.8
19550101 19550131    30.6
19550201 19550228    30.7
19550301 19550331    29.2
19550401 19550430    29.1
19550501 19550531    28.0
19550601 19550630    26.8
19550701 19550731    26.2
19550801 19550831    26.6
19550901 19550930    26.9
19551001 19551031    28.9
19551101 19551130    29.3
19551201 19551231    30.5
19560101 19560131    30.8
19560201 19560229    30.6
19560301 19560331    29.6
19560401 19560430    28.9
19560501 19560531    29.0
19560601 19560630    27.3
19560701 19560731    26.7
19560801 19560831    25.8
19560901 19560930    27.1
19561001 19561031    29.8
19561101 19561130    30.4
19561201 19561231    30.9
19570101 19570131    30.4
19570201 19570228    29.0
19570301 19570331    29.8
19570401 19570430    28.6
19570501 19570531    27.1
19570601 19570630    26.0
19570701 19570731    25.9
19570801 19570831    25.6
19570901 19570930    27.0
19571001 19571031    28.8
19571101 19571130    29.9
19571201 19571231    30.9
19580101 19580131    31.0
19580201 19580228    31.2
19580301 19580331    30.9
19580401 19580430    30.1
19580501 19580531    29.3
19580601 19580630    27.3
19580701 19580731    26.6
19580801 19580831    27.0
19580901 19580930    28.0
19581001 19581031    28.7
19581101 19581130    29.6
19581201 19581231    30.5
19590101 19590131    30.4
19590201 19590228    29.4
19590301 19590331    28.5
19590401 19590430    28.5
19590501 19590531    27.3
19590601 19590630    26.3
19590701 19590731    25.0
19590801 19590831    25.3
19590901 19590930    27.2
19591001 19591031    28.3
19591101 19591130    30.5
19591201 19591231    31.6
19600101 19600131    31.2
19600201 19600229    30.8
19600301 19600331    28.6
19600401 19600430    28.4
19600501 19600531    27.5
19600601 19600630    26.2
19600701 19600731    25.1
19600801 19600831    25.7
19600901 19600930    27.5
19601001 19601031    28.8
19601101 19601130    30.2
19601201 19601231    30.5
19610101 19610131    29.5
19610201 19610228    31.3
19610301 19610331    30.1
19610401 19610430    29.3
19610501 19610531    27.2
19610601 19610630    26.3
19610701 19610731    26.1
19610801 19610831    25.9
19610901 19610930    26.5
19611001 19611031    27.9
19611101 19611130    29.7
19611201 19611231    30.5
19620101 19620131    31.2
19620201 19620228    30.4
19620301 19620331    30.2
19620401 19620430    29.1
19620501 19620531    28.0
19620601 19620630    27.1
19620701 19620731    26.1
19620801 19620831    25.9
19620901 19620930    27.5
19621001 19621031    29.8
19621101 19621130    30.3
19621201 19621231    30.5
19630101 19630131    30.9
19630201 19630228    30.8
19630301 19630331    29.9
19630401 19630430    28.6
19630501 19630531    28.0
19630601 19630630    26.7
19630701 19630731    25.6
19630801 19630831    26.3
19630901 19630930    27.4
19631001 19631031    28.0
19631101 19631130    29.8
19631201 19631231    30.8
19640101 19640131    32.2
19640201 19640229    32.2
19640301 19640331    29.9
19640401 19640430    29.1
19640501 19640531    27.7
19640601 19640630    27.2
19640701 19640731    26.9
19640801 19640831    26.4
19640901 19640930    27.7
19641001 19641031    29.4
19641101 19641130    29.7
19641201 19641231    30.2
19650101 19650131    30.0
19650201 19650228    30.0
19650301 19650331    29.6
19650401 19650430    28.4
19650501 19650531    28.1
19650601 19650630    26.5
19650701 19650731    24.4
19650801 19650831    25.5
19650901 19650930    27.0
19651001 19651031    27.9
19651101 19651130    29.6
19651201 19651231    30.7
19660101 19660131    31.0
19660201 19660228    31.4
19660301 19660331    30.6
19660401 19660430    29.3
19660501 19660531    27.6
19660601 19660630    26.6
19660701 19660731    26.0
19660801 19660831    25.5
19660901 19660930    27.0
19661001 19661031    27.7
19661101 19661130    28.6
19661201 19661231    29.3
19670101 19670131    30.3
19670201 19670228    30.3
19670301 19670331    29.3
19670401 19670430    28.0
19670501 19670531    26.8
19670601 19670630    25.8
19670701 19670731    25.0
19670801 19670831    26.1
19670901 19670930    26.9
19671001 19671031    28.5
19671101 19671130    29.4
19671201 19671231    30.6
19680101 19680131    30.8
19680201 19680229    30.2
19680301 19680331    29.8
19680401 19680430    28.9
19680501 19680531    28.4
19680601 19680630    27.2
19680701 19680731    26.5
19680801 19680831    26.6
19680901 19680930    27.3
19681001 19681031    28.3
19681101 19681130    29.6
19681201 19681231    30.5
19690101 19690131    30.3
19690201 19690228    30.6
19690301 19690331    30.2
19690401 19690430    28.1
19690501 19690531    28.4
19690601 19690630    26.9
19690701 19690731    26.2
19690801 19690831    26.2
19690901 19690930    27.1
19691001 19691031    28.1
19691101 19691130    29.8
19691201 19691231    31.1
19700101 19700131    31.0
19700201 19700228    30.3
19700301 19700331    29.4
19700401 19700430    28.8
19700501 19700531    27.8
19700601 19700630    27.2
19700701 19700731    26.1
19700801 19700831    26.0
19700901 19700930    27.6
19701001 19701031    28.4
19701101 19701130    29.6
19701201 19701231    30.1
19710101 19710131    31.5
19710201 19710228    31.3
19710301 19710331    29.7
19710401 19710430    28.5
19710501 19710531    28.0
19710601 19710630    26.7
19710701 19710731    25.8
19710801 19710831    26.7
19710901 19710930    27.8
19711001 19711031    30.1
19711101 19711130    30.9
19711201 19711231    31.2
19720101 19720131    30.8
19720201 19720229    30.0
19720301 19720331    29.2
19720401 19720430    28.1
19720501 19720531    26.7
19720601 19720630    26.0
19720701 19720731    25.9
19720801 19720831    25.9
19720901 19720930    26.3
19721001 19721031    28.3
19721101 19721130    29.5
19721201 19721231    30.0
19730101 19730131    31.4
19730201 19730228    32.3
19730301 19730331    29.9
19730401 19730430    29.0
19730501 19730531    28.6
19730601 19730630    27.9
19730701 19730731    26.8
19730801 19730831    26.6
19730901 19730930    27.3
19731001 19731031    28.8
19731101 19731130    30.4
19731201 19731231    30.3
19740101 19740131    29.9
19740201 19740228    30.2
19740301 19740331    29.3
19740401 19740430    29.1
19740501 19740531    27.7
19740601 19740630    26.3
19740701 19740731    25.9
19740801 19740831    27.0
19740901 19740930    28.3
19741001 19741031    29.4
19741101 19741130    30.5
19741201 19741231    30.9
19750101 19750131    31.2
19750201 19750228    30.3
19750301 19750331    30.2
19750401 19750430    29.2
19750501 19750531    27.7
19750601 19750630    26.3
19750701 19750731    26.9
19750801 19750831    27.0
19750901 19750930    28.0
19751001 19751031    29.9
19751101 19751130    30.5
19751201 19751231    30.1
19760101 19760131    30.7
19760201 19760229    30.1
19760301 19760331    30.0
19760401 19760430    28.3
19760501 19760531    27.6
19760601 19760630    26.6
19760701 19760731    25.8
19760801 19760831    24.8
19760901 19760930    26.5
19761001 19761031    28.6
19761101 19761130    30.8
19761201 19761231    32.0
19770101 19770131    31.3
19770201 19770228    31.2
19770301 19770331    29.8
19770401 19770430    28.8
19770501 19770531    27.7
19770601 19770630    25.9
19770701 19770731    25.5
19770801 19770831    25.8
19770901 19770930    26.9
19771001 19771031    28.1
19771101 19771130    29.7
19771201 19771231    30.1
19780101 19780131    30.8
19780201 19780228    30.8
19780301 19780331    30.1
19780401 19780430    28.9
19780501 19780531    27.2
19780601 19780630    26.5
19780701 19780731    26.1
19780801 19780831    26.0
19780901 19780930    27.4
19781001 19781031    27.7
19781101 19781130    29.2
19781201 19781231    30.6
19790101 19790131    29.8
19790201 19790228    30.4
19790301 19790331    28.8
19790401 19790430    27.9
19790501 19790531    27.5
19790601 19790630    26.4
19790701 19790731    25.4
19790801 19790831    25.3
19790901 19790930    27.0
19791001 19791031    28.5
19791101 19791130    29.3
19791201 19791231    30.9
19800101 19800131    31.5
19800201 19800229    31.1
19800301 19800331    29.5
19800401 19800430    28.3
19800501 19800531    27.8
19800601 19800630    26.9
19800701 19800731    26.2
19800801 19800831    25.9
19800901 19800930    26.9
19801001 19801031    28.3
19801101 19801130    29.1
19801201 19801231    29.9
19810101 19810131    29.3
19810201 19810228    30.6
19810301 19810331    29.3
19810401 19810430    29.7
19810501 19810531    27.9
19810601 19810630    27.4
19810701 19810731    27.0
19810801 19810831    26.7
19810901 19810930    27.1
19811001 19811031    28.4
19811101 19811130    30.4
19811201 19811231    31.7
19820101 19820131    31.5
19820201 19820228    30.8
19820301 19820331    29.7
19820401 19820430    28.1
19820501 19820531    27.2
19820601 19820630    25.4
19820701 19820731    25.3
19820801 19820831    24.8
19820901 19820930    26.5
19821001 19821031    27.4
19821101 19821130    28.3
19821201 19821231    30.9
19830101 19830131    31.3
19830201 19830228    30.1
19830301 19830331    29.8
19830401 19830430    29.7
19830501 19830531    28.5
19830601 19830630    26.8
19830701 19830731    25.6
19830801 19830831    25.7
19830901 19830930    28.0
19831001 19831031    29.4
19831101 19831130    30.7
19831201 19831231    29.1
19840101 19840131    29.8
19840201 19840229    29.5
19840301 19840331    29.3
19840401 19840430    29.1
19840501 19840531    27.6
19840601 19840630    26.5
19840701 19840731    25.9
19840801 19840831    26.2
19840901 19840930    28.0
19841001 19841031    28.5
19841101 19841130    29.9
19841201 19841231    31.2
19850101 19850131    30.4
19850201 19850228    30.1
19850301 19850331    29.5
19850401 19850430    29.2
19850501 19850531    27.7
19850601 19850630    26.1
19850701 19850731    25.0
19850801 19850831    25.8
19850901 19850930    26.9
19851001 19851031    29.3
19851101 19851130    30.1
19851201 19851231    30.7
19860101 19860131    30.8
19860201 19860228    30.4
19860301 19860331    29.2
19860401 19860430    28.7
19860501 19860531    27.6
19860601 19860630    26.7
19860701 19860731    26.8
19860801 19860831    26.7
19860901 19860930    27.7
19861001 19861031    29.8
19861101 19861130    29.9
19861201 19861231    30.4
19870101 19870131    31.8
19870201 19870228    31.1
19870301 19870331    30.3
19870401 19870430    28.8
19870501 19870531    28.0
19870601 19870630    27.1
19870701 19870731    25.6
19870801 19870831    26.1
19870901 19870930    27.0
19871001 19871031    29.2
19871101 19871130    30.6
19871201 19871231    31.0
19880101 19880131    31.5
19880201 19880229    29.8
19880301 19880331    29.4
19880401 19880430    29.2
19880501 19880531    28.1
19880601 19880630    26.6
19880701 19880731    26.4
19880801 19880831    26.2
19880901 19880930    26.9
19881001 19881031    29.3
19881101 19881130    29.9
19881201 19881231    30.3
19890101 19890131    29.9
19890201 19890228    29.8
19890301 19890331    30.2
19890401 19890430    28.4
19890501 19890531    27.6
19890601 19890630    26.1
19890701 19890731    25.7
19890801 19890831    25.8
19890901 19890930    27.7
19891001 19891031    29.2
19891101 19891130    30.0
19891201 19891231    29.6
19900101 19900131    30.3
19900201 19900228    31.5
19900301 19900331    30.1
19900401 19900430    28.7
19900501 19900531    28.4
19900601 19900630    27.0
19900701 19900731    26.4
19900801 19900831    25.7
19900901 19900930    26.3
19901001 19901031    28.1
19901101 19901130    29.4
19901201 19901231    29.5
19910101 19910131    30.1
19910201 19910228    29.5
19910301 19910331    28.5
19910401 19910430    28.0
19910501 19910531    26.9
19910601 19910630    26.5
19910701 19910731    25.9
19910801 19910831    26.2
19910901 19910930    26.8
19911001 19911031    28.1
19911101 19911130    29.3
19911201 19911231    30.9
19920101 19920131    31.3
19920201 19920229    31.3
19920301 19920331    30.0
19920401 19920430    28.9
19920501 19920531    28.1
19920601 19920630    26.2
19920701 19920731    25.8
19920801 19920831    26.1
19920901 19920930    27.6
19921001 19921031    27.5
19921101 19921130    28.7
19921201 19921231    29.5
19930101 19930131    28.9
19930201 19930228    28.7
19930301 19930331    29.2
19930401 19930430    27.8
19930501 19930531    26.7
19930601 19930630    26.4
19930701 19930731    26.2
19930801 19930831    26.1
19930901 19930930    26.8
19931001 19931031    27.7
19931101 19931130    29.3
19931201 19931231    30.1
19940101 19940131    31.2
19940201 19940228    31.3
19940301 19940331    30.7
19940401 19940430    28.0
19940501 19940531    27.1
19940601 19940630    25.8
19940701 19940731    25.0
19940801 19940831    24.9
19940901 19940930    26.4
19941001 19941031    28.0
19941101 19941130    29.6
19941201 19941231    29.8
19950101 19950131    30.8
19950201 19950228    31.5
19950301 19950331    29.7
19950401 19950430    29.0
19950501 19950531    27.6
19950601 19950630    25.9
19950701 19950731    25.9
19950801 19950831    25.5
19950901 19950930    27.2
19951001 19951031    28.7
19951101 19951130    30.2
19951201 19951231    31.0
19960101 19960131    30.6
19960201 19960229    30.0
19960301 19960331    29.7
19960401 19960430    29.8
19960501 19960531    28.1
19960601 19960630    27.0
19960701 19960731    25.4
19960801 19960831    26.2
19960901 19960930    26.9
19961001 19961031    28.7
19961101 19961130    30.2
19961201 19961231    31.4
19970101 19970131    30.5
19970201 19970228    30.3
19970301 19970331    27.5
19970401 19970430    27.8
19970501 19970531    27.1
19970601 19970630    26.0
19970701 19970731    25.6
19970801 19970831    25.3
19970901 19970930    26.3
19971001 19971031    27.4
19971101 19971130    29.1
19971201 19971231    30.7
19980101 19980131    29.4
19980201 19980228    30.7
19980301 19980331    30.1
19980401 19980430    29.9
19980501 19980531    28.3
19980601 19980630    27.3
19980701 19980731    26.9
19980801 19980831    27.0
19980901 19980930    28.2
19981001 19981031    29.8
19981101 19981130    29.6
19981201 19981231    30.1
19990101 19990131    30.6
19990201 19990228    30.2
19990301 19990331    29.8
19990401 19990430    28.7
19990501 19990531    27.8
19990601 19990630    26.9
19990701 19990731    25.4
19990801 19990831    25.5
19990901 19990930    26.8
19991001 19991031    28.7
19991101 19991130    29.7
19991201 19991231    29.9
20000101 20000131    29.9
20000201 20000229    29.4
20000301 20000331    29.4
20000401 20000430    28.9
20000501 20000531    27.6
20000601 20000630    25.8
20000701 20000731    25.4
20000801 20000831    26.7
20000901 20000930    27.7
20001001 20001031    29.3
20001101 20001130    30.7
20001201 20001231    30.2
20010101 20010131    30.3
20010201 20010228    29.9
20010301 20010331    30.1
20010401 20010430    29.0
20010501 20010531    27.8
20010601 20010630    26.8
20010701 20010731    26.2
20010801 20010831    26.3
20010901 20010930    28.2
20011001 20011031    29.5
20011101 20011130    31.1
20011201 20011231    32.5
20020101 20020131    32.4
20020201 20020228    32.6
20020301 20020331    30.5
20020401 20020430    29.4
20020501 20020531    28.1
20020601 20020630    27.3
20020701 20020731    26.2
20020801 20020831    26.6
20020901 20020930    27.6
20021001 20021031    28.9
20021101 20021130    29.7
20021201 20021231    31.3
20030101 20030131    31.1
20030201 20030228    31.5
20030301 20030331    30.7
20030401 20030430    29.6
20030501 20030531    28.1
20030601 20030630    27.0
20030701 20030731    26.2
20030801 20030831    26.2
20030901 20030930    27.2
20031001 20031031    29.0
20031101 20031130    29.5
20031201 20031231    31.3
20040101 20040131    32.2
20040201 20040229    32.0
20040301 20040331    29.8
20040401 20040430    28.3
20040501 20040531    27.8
20040601 20040630    26.0
20040701 20040731    26.1
20040801 20040831    26.0
20040901 20040930    27.6
20041001 20041031    27.9
20041101 20041130 99999.9
20041201 20041231 99999.9
20050101 20050131 99999.9
20050201 20050228 99999.9
20050301 20050331 99999.9
20050401 20050430 99999.9
20050501 20050531 99999.9
20050601 20050630 99999.9
20050701 20050731 99999.9
20050801 20050831 99999.9
20050901 20050930 99999.9
20051001 20051031 99999.9
20051101 20051130 99999.9
20051201 20051231 99999.9
20060101 20060131 99999.9
20060201 20060228 99999.9
20060301 20060331 99999.9
20060401 20060430 99999.9
20060501 20060531 99999.9
20060601 20060630 99999.9
20060701 20060731 99999.9
20060801 20060831 99999.9
20060901 20060930 99999.9
20061001 20061031 99999.9
20061101 20061130 99999.9
20061201 20061231 99999.9
20070101 20070131    30.4
20070201 20070228    29.6
20070301 20070331    29.7
20070401 20070430    28.4
20070501 20070531    28.5
20070601 20070630    26.4
20070701 20070731    25.6
20070801 20070831    26.2
20070901 20070930    26.9
20071001 20071031    28.6
20071101 20071130    29.0
20071201 20071231    30.4
20080101 20080131    30.3
20080201 20080229    30.2
20080301 20080331    29.1
20080401 20080430    28.7
20080501 20080531    27.1
20080601 20080630    26.7
20080701 20080731    26.1
20080801 20080831    26.3
20080901 20080930    27.8
20081001 20081031    28.3
20081101 20081130    30.5
20081201 20081231    31.9
20090101 20090131    31.2
20090201 20090228    30.7
20090301 20090331    29.9
20090401 20090430    28.9
20090501 20090531    27.5
20090601 20090630    27.3
20090701 20090731    26.5
20090801 20090831    27.3
20090901 20090930    28.3
20091001 20091031    28.5
20091101 20091130    29.6
20091201 20091231    30.5
20100101 20100131    30.5
20100201 20100228    30.9
20100301 20100331    30.5
20100401 20100430    29.6
20100501 20100531    28.4
20100601 20100630    27.9
20100701 20100731    27.6
20100801 20100831    27.6
20100901 20100930    28.9
20101001 20101031    29.8
20101101 20101130    29.7
20101201 20101231    31.0
20110101 20110131    30.2
20110201 20110228    30.3
20110301 20110331    30.6
20110401 20110430    29.2
20110501 20110531    27.2
20110601 20110630    25.9
20110701 20110731    25.8
20110801 20110831    26.4
20110901 20110930    26.7
20111001 20111031    28.9
20111101 20111130    29.8
20111201 20111231    31.3
20120101 20120131    31.3
20120201 20120229    30.7
20120301 20120331    30.1
20120401 20120430    29.1
20120501 20120531    27.8
20120601 20120630    26.4
20120701 20120731    26.3
20120801 20120831    26.1
20120901 20120930    27.2
20121001 20121031    28.2
20121101 20121130    29.3
20121201 20121231    30.5
20130101 20130131    30.9
20130201 20130228    30.9
20130301 20130331    29.5
20130401 20130430    28.9
20130501 20130531    27.7
20130601 20130630    26.7
20130701 20130731    26.1
20130801 20130831    26.6
20130901 20130930    27.6
20131001 20131031    29.0
20131101 20131130    29.8
20131201 20131231    30.2
20140101 20140131    30.7
20140201 20140228    30.6
20140301 20140331    29.6
20140401 20140430    29.1
20140501 20140531    28.0
20140601 20140630    27.0
20140701 20140731    25.8
20140801 20140831    25.9
20140901 20140930    26.9
20141001 20141031    28.0
20141101 20141130    29.8
20141201 20141231    31.2
20150101 20150131    31.0
20150201 20150228    30.6
20150301 20150331    30.0
20150401 20150430    29.1
20150501 20150531    28.1
20150601 20150630    27.3
20150701 20150731    26.4
20150801 20150831    26.5
20150901 20150930    27.5
20151001 20151031    28.0
20151101 20151130    30.0
20151201 20151231    30.8
20160101 20160131    31.8
20160201 20160229    32.3
20160301 20160331    31.5
20160401 20160430    29.9
20160501 20160531    29.3
20160601 20160630    27.9
20160701 20160731    27.4
20160801 20160831    26.4
20160901 20160930    28.2
20161001 20161031    29.3
20161101 20161130    30.5
20161201 20161231    31.3
20170101 20170131    31.8
20170201 20170228    31.5
20170301 20170331    30.3
20170401 20170430    29.5
20170501 20170531    28.6
20170601 20170630    27.1
20170701 20170731    27.1
20170801 20170831    27.1
20170901 20170930    27.5
20171001 20171031    29.3
20171101 20171130    30.1
20171201 20171231    31.5
20180101 20180131    31.5
20180201 20180228    30.8
20180301 20180331    30.5
20180401 20180430    28.9
20180501 20180531    27.9
20180601 20180630    26.6
20180701 20180731    26.7
20180801 20180831    27.1
20180901 20180930    27.5
20181001 20181031    29.1
20181101 20181130    30.7
20181201 20181231    31.3
20190101 20190131    29.8
20190201 20190228    30.2
20190301 20190331    30.2
20190401 20190430    29.6
20190501 20190531    28.0
20190601 20190630    26.8
20190701 20190731    26.6
20190801 20190831    27.1
20190901 20190930    27.4
20191001 20191031    28.5
20191101 20191130    30.0
20191201 20191231    31.1
20200101 20200131    31.9
20200201 20200229    32.8
20200301 20200331    31.2
20200401 20200430    30.1
20200501 20200531    28.0
20200601 20200630    27.5
20200701 20200731    26.7
20200801 20200831    27.2
20200901 20200930    27.9
20201001 20201031    29.1
20201101 20201130    30.2
20201201 20201231    31.3
