TMAX       200839 19400101 20201231 missing_value=99999.9 LORD HOWE ISL. AERO                       
19400101 19400131    25.6
19400201 19400229    25.4
19400301 19400331    24.6
19400401 19400430    22.9
19400501 19400531    20.1
19400601 19400630    19.5
19400701 19400731    18.5
19400801 19400831    18.7
19400901 19400930    19.5
19401001 19401031    19.7
19401101 19401130    21.1
19401201 19401231    24.1
19410101 19410131    24.7
19410201 19410228    24.8
19410301 19410331    24.0
19410401 19410430    22.5
19410501 19410531    21.0
19410601 19410630    18.7
19410701 19410731    18.7
19410801 19410831    17.7
19410901 19410930    19.4
19411001 19411031    19.5
19411101 19411130    21.5
19411201 19411231    23.1
19420101 19420131    25.1
19420201 19420228    24.9
19420301 19420331    25.3
19420401 19420430    22.6
19420501 19420531    21.6
19420601 19420630    20.3
19420701 19420731    19.1
19420801 19420831    20.1
19420901 19420930    19.8
19421001 19421031    20.9
19421101 19421130    21.7
19421201 19421231    23.2
19430101 19430131    25.6
19430201 19430228    25.7
19430301 19430331    25.8
19430401 19430430    23.3
19430501 19430531    21.7
19430601 19430630    19.3
19430701 19430731    18.8
19430801 19430831    17.5
19430901 19430930    19.2
19431001 19431031    20.2
19431101 19431130    21.6
19431201 19431231    24.1
19440101 19440131    25.9
19440201 19440229    25.3
19440301 19440331    23.5
19440401 19440430    23.0
19440501 19440531    20.9
19440601 19440630    19.1
19440701 19440731    18.4
19440801 19440831    17.9
19440901 19440930    18.9
19441001 19441031    20.4
19441101 19441130    22.6
19441201 19441231    24.1
19450101 19450131    24.7
19450201 19450228    25.5
19450301 19450331    24.9
19450401 19450430    23.1
19450501 19450531    20.4
19450601 19450630 99999.9
19450701 19450731    18.0
19450801 19450831    19.3
19450901 19450930    18.6
19451001 19451031    20.0
19451101 19451130    22.6
19451201 19451231    24.1
19460101 19460131    25.9
19460201 19460228    26.9
19460301 19460331    25.4
19460401 19460430    23.3
19460501 19460531    21.5
19460601 19460630    19.3
19460701 19460731    18.8
19460801 19460831    18.7
19460901 19460930    18.6
19461001 19461031    19.5
19461101 19461130    22.1
19461201 19461231    23.8
19470101 19470131    25.2
19470201 19470228    25.9
19470301 19470331    24.5
19470401 19470430    22.5
19470501 19470531    21.4
19470601 19470630    20.0
19470701 19470731    18.5
19470801 19470831    18.4
19470901 19470930    19.1
19471001 19471031    19.6
19471101 19471130    20.9
19471201 19471231    23.6
19480101 19480131    23.7
19480201 19480229    25.2
19480301 19480331    24.9
19480401 19480430    22.7
19480501 19480531    21.1
19480601 19480630    19.0
19480701 19480731    18.1
19480801 19480831    18.8
19480901 19480930    19.8
19481001 19481031    20.3
19481101 19481130    21.1
19481201 19481231    24.1
19490101 19490131    24.6
19490201 19490228    25.8
19490301 19490331    24.6
19490401 19490430    21.5
19490501 19490531    20.6
19490601 19490630    19.1
19490701 19490731    19.0
19490801 19490831    17.5
19490901 19490930    19.2
19491001 19491031    21.4
19491101 19491130    21.7
19491201 19491231    23.6
19500101 19500131    25.3
19500201 19500228    26.6
19500301 19500331    26.8
19500401 19500430    23.2
19500501 19500531    21.8
19500601 19500630    19.4
19500701 19500731    19.0
19500801 19500831    18.5
19500901 19500930    19.7
19501001 19501031    20.4
19501101 19501130    20.8
19501201 19501231    22.9
19510101 19510131    24.1
19510201 19510228    24.2
19510301 19510331    24.2
19510401 19510430    22.0
19510501 19510531    20.5
19510601 19510630    18.8
19510701 19510731    18.6
19510801 19510831    17.8
19510901 19510930    19.4
19511001 19511031    20.1
19511101 19511130    20.7
19511201 19511231    22.9
19520101 19520131    25.6
19520201 19520229    25.4
19520301 19520331    24.0
19520401 19520430    23.9
19520501 19520531    21.3
19520601 19520630    20.0
19520701 19520731    18.2
19520801 19520831    18.8
19520901 19520930    19.4
19521001 19521031    20.7
19521101 19521130    21.5
19521201 19521231    23.2
19530101 19530131    24.2
19530201 19530228    24.4
19530301 19530331    24.1
19530401 19530430    23.7
19530501 19530531    22.0
19530601 19530630    19.4
19530701 19530731    18.2
19530801 19530831    18.6
19530901 19530930    19.1
19531001 19531031    20.4
19531101 19531130    22.8
19531201 19531231    25.0
19540101 19540131    25.2
19540201 19540228    26.5
19540301 19540331    24.8
19540401 19540430    23.4
19540501 19540531    20.9
19540601 19540630    19.9
19540701 19540731    18.5
19540801 19540831    18.5
19540901 19540930    19.3
19541001 19541031    20.3
19541101 19541130    23.0
19541201 19541231    23.1
19550101 19550131    25.2
19550201 19550228    25.6
19550301 19550331    25.4
19550401 19550430    23.6
19550501 19550531    21.1
19550601 19550630    19.0
19550701 19550731    18.0
19550801 19550831    18.8
19550901 19550930    19.3
19551001 19551031    20.5
19551101 19551130    21.8
19551201 19551231    23.1
19560101 19560131    24.9
19560201 19560229    24.8
19560301 19560331    24.8
19560401 19560430    24.4
19560501 19560531    21.1
19560601 19560630    19.5
19560701 19560731    18.0
19560801 19560831    18.1
19560901 19560930    18.7
19561001 19561031    20.2
19561101 19561130    21.2
19561201 19561231    23.6
19570101 19570131    24.5
19570201 19570228    24.8
19570301 19570331    23.5
19570401 19570430    22.9
19570501 19570531    20.8
19570601 19570630    19.3
19570701 19570731    17.4
19570801 19570831    18.2
19570901 19570930    19.0
19571001 19571031    20.4
19571101 19571130    22.6
19571201 19571231    24.4
19580101 19580131    25.0
19580201 19580228    25.4
19580301 19580331    25.3
19580401 19580430    23.2
19580501 19580531    22.4
19580601 19580630    19.3
19580701 19580731    18.3
19580801 19580831    19.0
19580901 19580930    19.0
19581001 19581031    20.6
19581101 19581130    22.4
19581201 19581231    23.8
19590101 19590131    25.4
19590201 19590228    25.3
19590301 19590331    25.0
19590401 19590430    22.9
19590501 19590531    19.9
19590601 19590630    19.1
19590701 19590731    18.7
19590801 19590831    18.2
19590901 19590930    19.2
19591001 19591031    19.4
19591101 19591130    21.6
19591201 19591231    24.1
19600101 19600131    25.4
19600201 19600229    25.2
19600301 19600331    23.6
19600401 19600430    22.8
19600501 19600531    20.4
19600601 19600630    18.0
19600701 19600731    18.0
19600801 19600831    17.6
19600901 19600930    18.8
19601001 19601031    20.4
19601101 19601130    21.0
19601201 19601231    22.7
19610101 19610131    24.1
19610201 19610228    24.6
19610301 19610331    23.6
19610401 19610430    22.3
19610501 19610531    20.0
19610601 19610630    18.8
19610701 19610731    17.9
19610801 19610831    17.7
19610901 19610930    18.9
19611001 19611031    20.9
19611101 19611130    21.9
19611201 19611231    23.9
19620101 19620131    25.2
19620201 19620228    25.8
19620301 19620331    24.1
19620401 19620430    22.4
19620501 19620531    21.1
19620601 19620630    20.0
19620701 19620731    18.5
19620801 19620831    18.1
19620901 19620930    19.0
19621001 19621031    20.1
19621101 19621130    21.3
19621201 19621231    23.0
19630101 19630131    24.7
19630201 19630228    25.4
19630301 19630331    24.8
19630401 19630430    22.6
19630501 19630531    21.2
19630601 19630630    18.7
19630701 19630731    17.7
19630801 19630831    18.0
19630901 19630930    18.7
19631001 19631031    19.8
19631101 19631130    21.0
19631201 19631231    22.9
19640101 19640131    25.5
19640201 19640229    25.1
19640301 19640331    24.3
19640401 19640430    23.0
19640501 19640531    20.9
19640601 19640630    19.5
19640701 19640731    18.7
19640801 19640831    18.4
19640901 19640930    19.0
19641001 19641031    19.5
19641101 19641130    21.0
19641201 19641231    23.2
19650101 19650131    23.8
19650201 19650228    23.8
19650301 19650331    24.3
19650401 19650430    23.1
19650501 19650531    21.2
19650601 19650630    18.6
19650701 19650731    17.5
19650801 19650831    18.3
19650901 19650930    20.7
19651001 19651031    20.8
19651101 19651130    21.7
19651201 19651231    23.6
19660101 19660131    24.0
19660201 19660228    25.4
19660301 19660331    24.1
19660401 19660430    22.7
19660501 19660531    19.9
19660601 19660630    18.9
19660701 19660731    18.0
19660801 19660831    17.9
19660901 19660930    18.9
19661001 19661031    19.5
19661101 19661130    21.9
19661201 19661231    23.1
19670101 19670131    24.6
19670201 19670228    24.2
19670301 19670331    23.3
19670401 19670430    22.1
19670501 19670531    20.7
19670601 19670630    19.5
19670701 19670731    18.5
19670801 19670831    18.4
19670901 19670930    19.2
19671001 19671031    21.3
19671101 19671130    21.6
19671201 19671231    22.1
19680101 19680131    24.6
19680201 19680229    25.5
19680301 19680331    26.2
19680401 19680430    24.2
19680501 19680531    21.1
19680601 19680630    18.5
19680701 19680731    17.3
19680801 19680831    18.4
19680901 19680930    18.7
19681001 19681031    20.9
19681101 19681130    22.8
19681201 19681231    22.6
19690101 19690131    25.4
19690201 19690228    24.4
19690301 19690331    24.4
19690401 19690430    23.5
19690501 19690531    21.1
19690601 19690630    19.1
19690701 19690731    18.3
19690801 19690831    18.8
19690901 19690930    18.7
19691001 19691031    20.0
19691101 19691130    22.0
19691201 19691231    23.9
19700101 19700131    25.8
19700201 19700228    25.3
19700301 19700331    25.1
19700401 19700430    23.1
19700501 19700531    20.2
19700601 19700630    19.5
19700701 19700731    18.5
19700801 19700831    18.5
19700901 19700930    18.8
19701001 19701031    20.7
19701101 19701130    21.4
19701201 19701231    24.9
19710101 19710131    26.0
19710201 19710228    26.1
19710301 19710331    24.8
19710401 19710430    23.5
19710501 19710531    21.3
19710601 19710630    19.2
19710701 19710731    18.1
19710801 19710831    18.8
19710901 19710930    19.4
19711001 19711031    20.5
19711101 19711130    20.9
19711201 19711231    23.1
19720101 19720131    24.3
19720201 19720229    24.2
19720301 19720331    23.7
19720401 19720430    22.7
19720501 19720531    20.3
19720601 19720630    19.1
19720701 19720731    18.4
19720801 19720831    18.0
19720901 19720930    19.3
19721001 19721031    20.6
19721101 19721130    21.5
19721201 19721231    23.9
19730101 19730131    25.8
19730201 19730228    25.6
19730301 19730331    25.5
19730401 19730430    23.9
19730501 19730531    22.4
19730601 19730630    20.1
19730701 19730731    18.9
19730801 19730831    19.3
19730901 19730930    20.0
19731001 19731031    21.5
19731101 19731130    23.2
19731201 19731231    24.4
19740101 19740131    25.0
19740201 19740228    25.8
19740301 19740331    24.6
19740401 19740430    23.1
19740501 19740531    20.8
19740601 19740630    19.9
19740701 19740731    19.2
19740801 19740831    18.0
19740901 19740930    19.0
19741001 19741031    19.7
19741101 19741130    21.2
19741201 19741231    22.9
19750101 19750131    24.1
19750201 19750228    25.3
19750301 19750331    24.9
19750401 19750430    22.9
19750501 19750531    22.0
19750601 19750630    19.6
19750701 19750731    19.3
19750801 19750831    18.9
19750901 19750930    19.2
19751001 19751031    20.2
19751101 19751130    22.2
19751201 19751231    24.4
19760101 19760131    24.6
19760201 19760229    23.9
19760301 19760331    24.9
19760401 19760430    22.6
19760501 19760531    20.8
19760601 19760630    19.4
19760701 19760731    18.8
19760801 19760831    18.6
19760901 19760930    18.4
19761001 19761031    20.1
19761101 19761130    22.1
19761201 19761231    24.2
19770101 19770131    24.2
19770201 19770228    25.5
19770301 19770331    25.6
19770401 19770430    23.6
19770501 19770531    21.5
19770601 19770630    19.2
19770701 19770731    18.3
19770801 19770831    19.0
19770901 19770930    19.2
19771001 19771031    21.4
19771101 19771130    22.5
19771201 19771231    24.0
19780101 19780131    25.5
19780201 19780228    26.1
19780301 19780331    25.5
19780401 19780430    23.4
19780501 19780531    21.1
19780601 19780630    19.5
19780701 19780731    18.4
19780801 19780831    18.2
19780901 19780930    19.1
19781001 19781031    19.2
19781101 19781130    21.8
19781201 19781231    23.4
19790101 19790131    25.4
19790201 19790228    25.2
19790301 19790331    24.6
19790401 19790430    22.8
19790501 19790531    20.4
19790601 19790630    19.6
19790701 19790731    18.6
19790801 19790831    18.5
19790901 19790930    19.0
19791001 19791031    20.0
19791101 19791130    22.8
19791201 19791231    25.0
19800101 19800131    25.5
19800201 19800229    24.7
19800301 19800331    24.5
19800401 19800430    22.1
19800501 19800531    21.1
19800601 19800630    19.1
19800701 19800731    18.1
19800801 19800831    19.0
19800901 19800930    20.2
19801001 19801031    20.9
19801101 19801130    22.6
19801201 19801231    23.9
19810101 19810131    25.5
19810201 19810228    27.1
19810301 19810331    25.4
19810401 19810430    23.7
19810501 19810531    21.4
19810601 19810630    19.6
19810701 19810731    18.4
19810801 19810831    18.5
19810901 19810930    20.0
19811001 19811031    20.5
19811101 19811130    21.4
19811201 19811231    24.7
19820101 19820131    25.0
19820201 19820228    25.5
19820301 19820331    24.9
19820401 19820430    23.0
19820501 19820531    21.3
19820601 19820630    18.7
19820701 19820731    18.0
19820801 19820831    18.7
19820901 19820930    18.9
19821001 19821031    19.9
19821101 19821130    21.4
19821201 19821231    23.8
19830101 19830131    24.9
19830201 19830228    26.0
19830301 19830331    25.2
19830401 19830430    22.8
19830501 19830531    21.6
19830601 19830630    18.9
19830701 19830731    17.9
19830801 19830831    18.5
19830901 19830930    20.4
19831001 19831031    20.5
19831101 19831130    21.6
19831201 19831231    22.7
19840101 19840131    24.0
19840201 19840229    24.7
19840301 19840331    23.9
19840401 19840430    22.3
19840501 19840531    20.7
19840601 19840630    19.5
19840701 19840731    18.6
19840801 19840831    18.9
19840901 19840930    19.3
19841001 19841031    19.9
19841101 19841130    22.0
19841201 19841231    23.4
19850101 19850131    24.4
19850201 19850228    24.4
19850301 19850331    24.5
19850401 19850430    23.1
19850501 19850531    20.4
19850601 19850630    19.0
19850701 19850731    18.5
19850801 19850831    18.1
19850901 19850930    19.0
19851001 19851031    20.2
19851101 19851130    21.1
19851201 19851231    23.4
19860101 19860131    24.7
19860201 19860228    25.7
19860301 19860331    24.2
19860401 19860430    24.1
19860501 19860531    21.8
19860601 19860630    19.3
19860701 19860731    18.6
19860801 19860831    18.1
19860901 19860930    19.3
19861001 19861031    21.1
19861101 19861130    21.6
19861201 19861231    22.8
19870101 19870131    25.2
19870201 19870228    25.1
19870301 19870331    23.5
19870401 19870430    22.2
19870501 19870531    21.2
19870601 19870630    19.9
19870701 19870731    18.7
19870801 19870831    19.3
19870901 19870930    19.8
19871001 19871031    20.4
19871101 19871130    21.1
19871201 19871231    23.7
19880101 19880131    24.6
19880201 19880229    24.5
19880301 19880331    23.7
19880401 19880430    22.8
19880501 19880531    21.5
19880601 19880630    20.1
19880701 19880731    19.0
19880801 19880831    18.9
19880901 19880930    20.2
19881001 19881031    22.4
19881101 19881130    22.8
19881201 19881231    24.8
19890101 19890131    24.9
19890201 19890228    24.8
19890301 19890331    25.0
19890401 19890430    23.9
19890501 19890531    21.9
19890601 19890630    19.9
19890701 19890731    18.7
19890801 19890831    18.4
19890901 19890930    19.5
19891001 19891031    20.6
19891101 19891130    21.8
19891201 19891231    23.0
19900101 19900131    24.2
19900201 19900228    25.9
19900301 19900331    24.8
19900401 19900430    23.6
19900501 19900531    21.7
19900601 19900630    19.4
19900701 19900731    19.0
19900801 19900831    18.2
19900901 19900930    18.6
19901001 19901031    20.6
19901101 19901130    21.6
19901201 19901231    25.4
19910101 19910131    26.3
19910201 19910228    26.0
19910301 19910331    25.1
19910401 19910430    23.1
19910501 19910531    21.5
19910601 19910630    20.6
19910701 19910731    19.0
19910801 19910831    19.3
19910901 19910930    19.9
19911001 19911031    21.0
19911101 19911130    22.0
19911201 19911231    23.9
19920101 19920131    25.1
19920201 19920229    25.6
19920301 19920331    24.1
19920401 19920430    22.6
19920501 19920531    21.1
19920601 19920630    19.2
19920701 19920731    18.8
19920801 19920831    18.8
19920901 19920930    19.4
19921001 19921031    19.7
19921101 19921130    21.6
19921201 19921231    22.8
19930101 19930131    25.8
19930201 19930228    25.7
19930301 19930331    24.2
19930401 19930430    22.3
19930501 19930531    21.2
19930601 19930630    20.0
19930701 19930731    20.1
19930801 19930831    19.5
19930901 19930930    19.6
19931001 19931031    20.9
19931101 19931130    21.5
19931201 19931231    23.6
19940101 19940131    26.1
19940201 19940228    25.6
19940301 19940331    23.7
19940401 19940430    22.4
19940501 19940531    21.6
19940601 19940630    19.7
19940701 19940731    18.5
19940801 19940831    18.5
19940901 19940930    19.7
19941001 19941031    20.4
19941101 19941130    22.8
19941201 19941231    24.1
19950101 19950131    24.9
19950201 19950228    24.7
19950301 19950331    24.4
19950401 19950430    22.6
19950501 19950531    21.5
19950601 19950630    19.2
19950701 19950731    18.8
19950801 19950831    19.2
19950901 19950930    20.0
19951001 19951031    21.2
19951101 19951130    22.9
19951201 19951231    24.0
19960101 19960131    25.7
19960201 19960229    25.6
19960301 19960331    23.9
19960401 19960430    23.5
19960501 19960531    21.2
19960601 19960630    20.0
19960701 19960731    18.9
19960801 19960831    19.8
19960901 19960930    21.0
19961001 19961031    20.9
19961101 19961130    22.1
19961201 19961231    23.1
19970101 19970131    24.0
19970201 19970228    25.1
19970301 19970331    24.9
19970401 19970430    22.9
19970501 19970531    21.7
19970601 19970630    19.5
19970701 19970731    18.2
19970801 19970831    18.5
19970901 19970930    19.7
19971001 19971031    20.4
19971101 19971130    23.1
19971201 19971231    25.5
19980101 19980131    26.4
19980201 19980228    26.7
19980301 19980331    25.5
19980401 19980430    24.0
19980501 19980531    22.3
19980601 19980630    21.0
19980701 19980731    19.2
19980801 19980831    18.9
19980901 19980930    20.0
19981001 19981031    21.4
19981101 19981130    21.0
19981201 19981231    23.4
19990101 19990131    25.3
19990201 19990228    25.3
19990301 19990331    25.1
19990401 19990430    22.7
19990501 19990531    21.8
19990601 19990630    19.4
19990701 19990731    18.7
19990801 19990831    18.6
19990901 19990930    20.2
19991001 19991031    21.6
19991101 19991130    21.2
19991201 19991231    22.4
20000101 20000131    23.8
20000201 20000229    24.8
20000301 20000331    25.2
20000401 20000430    23.1
20000501 20000531    21.4
20000601 20000630    19.4
20000701 20000731    19.0
20000801 20000831    19.0
20000901 20000930    20.4
20001001 20001031    20.9
20001101 20001130    21.5
20001201 20001231    24.0
20010101 20010131    24.9
20010201 20010228    25.5
20010301 20010331    25.1
20010401 20010430    23.4
20010501 20010531    21.3
20010601 20010630    20.0
20010701 20010731    19.0
20010801 20010831    19.0
20010901 20010930    20.0
20011001 20011031    20.7
20011101 20011130    21.4
20011201 20011231    23.8
20020101 20020131    24.6
20020201 20020228    25.3
20020301 20020331    24.6
20020401 20020430    22.8
20020501 20020531    21.4
20020601 20020630    20.2
20020701 20020731    18.9
20020801 20020831    18.5
20020901 20020930    20.4
20021001 20021031    21.0
20021101 20021130    22.5
20021201 20021231    24.4
20030101 20030131    24.9
20030201 20030228    25.3
20030301 20030331    24.3
20030401 20030430    22.6
20030501 20030531    21.5
20030601 20030630    20.8
20030701 20030731    18.6
20030801 20030831    18.6
20030901 20030930    20.0
20031001 20031031    20.6
20031101 20031130    21.9
20031201 20031231    24.0
20040101 20040131    26.1
20040201 20040229    26.5
20040301 20040331    24.6
20040401 20040430    23.7
20040501 20040531    21.9
20040601 20040630    20.5
20040701 20040731    19.3
20040801 20040831    19.3
20040901 20040930    19.9
20041001 20041031    21.1
20041101 20041130    22.7
20041201 20041231    23.8
20050101 20050131    24.9
20050201 20050228    25.9
20050301 20050331    24.7
20050401 20050430    23.7
20050501 20050531    21.4
20050601 20050630    20.2
20050701 20050731    19.5
20050801 20050831    18.9
20050901 20050930    20.0
20051001 20051031    21.8
20051101 20051130    22.5
20051201 20051231    24.8
20060101 20060131    25.6
20060201 20060228    26.5
20060301 20060331    25.4
20060401 20060430    23.2
20060501 20060531    20.9
20060601 20060630    19.1
20060701 20060731    18.7
20060801 20060831    18.7
20060901 20060930    20.3
20061001 20061031    20.3
20061101 20061130    22.5
20061201 20061231    22.7
20070101 20070131    25.3
20070201 20070228    25.7
20070301 20070331    24.9
20070401 20070430    23.2
20070501 20070531    22.7
20070601 20070630    20.1
20070701 20070731    18.5
20070801 20070831    19.4
20070901 20070930    19.9
20071001 20071031    21.5
20071101 20071130    22.7
20071201 20071231    24.4
20080101 20080131    25.4
20080201 20080229    25.1
20080301 20080331    24.5
20080401 20080430    23.1
20080501 20080531    20.6
20080601 20080630    19.8
20080701 20080731    18.8
20080801 20080831    18.4
20080901 20080930    19.7
20081001 20081031    20.6
20081101 20081130    22.0
20081201 20081231    23.7
20090101 20090131    25.0
20090201 20090228    26.0
20090301 20090331    25.2
20090401 20090430    23.3
20090501 20090531    20.3
20090601 20090630    19.8
20090701 20090731    19.0
20090801 20090831    19.7
20090901 20090930    20.7
20091001 20091031    20.8
20091101 20091130    24.2
20091201 20091231    26.2
20100101 20100131    27.3
20100201 20100228    26.7
20100301 20100331    25.6
20100401 20100430    24.3
20100501 20100531    21.3
20100601 20100630    19.5
20100701 20100731    19.0
20100801 20100831    19.4
20100901 20100930    20.5
20101001 20101031    20.3
20101101 20101130    22.2
20101201 20101231    24.8
20110101 20110131    25.3
20110201 20110228    26.5
20110301 20110331    25.1
20110401 20110430    23.4
20110501 20110531    20.8
20110601 20110630    19.4
20110701 20110731    18.5
20110801 20110831    18.6
20110901 20110930    19.8
20111001 20111031    21.0
20111101 20111130    23.5
20111201 20111231    22.5
20120101 20120131    23.9
20120201 20120229    25.5
20120301 20120331    24.5
20120401 20120430    23.0
20120501 20120531    21.1
20120601 20120630    19.6
20120701 20120731    18.5
20120801 20120831    18.8
20120901 20120930    19.7
20121001 20121031    20.6
20121101 20121130    21.7
20121201 20121231    24.3
20130101 20130131    26.2
20130201 20130228    25.1
20130301 20130331    24.5
20130401 20130430    23.5
20130501 20130531    21.2
20130601 20130630    19.7
20130701 20130731    19.5
20130801 20130831    19.8
20130901 20130930    20.7
20131001 20131031    21.5
20131101 20131130    22.3
20131201 20131231    23.3
20140101 20140131    24.8
20140201 20140228    25.6
20140301 20140331    25.4
20140401 20140430    24.1
20140501 20140531    21.8
20140601 20140630    20.9
20140701 20140731    19.4
20140801 20140831    18.9
20140901 20140930    19.8
20141001 20141031    21.4
20141101 20141130    23.3
20141201 20141231    24.8
20150101 20150131    26.1
20150201 20150228    25.5
20150301 20150331    26.0
20150401 20150430    24.3
20150501 20150531    22.0
20150601 20150630    19.9
20150701 20150731    18.9
20150801 20150831    19.5
20150901 20150930    19.3
20151001 20151031    21.7
20151101 20151130    22.9
20151201 20151231    23.8
20160101 20160131    24.7
20160201 20160229    25.8
20160301 20160331    26.0
20160401 20160430    24.4
20160501 20160531    23.2
20160601 20160630    20.4
20160701 20160731    20.3
20160801 20160831    19.4
20160901 20160930    20.9
20161001 20161031    21.1
20161101 20161130    22.9
20161201 20161231    25.3
20170101 20170131    26.8
20170201 20170228    27.4
20170301 20170331    25.1
20170401 20170430    22.9
20170501 20170531    21.7
20170601 20170630    19.7
20170701 20170731    19.2
20170801 20170831    19.5
20170901 20170930    20.2
20171001 20171031    21.9
20171101 20171130    22.2
20171201 20171231    25.5
20180101 20180131    26.0
20180201 20180228    26.3
20180301 20180331    25.6
20180401 20180430    24.6
20180501 20180531    21.6
20180601 20180630    19.8
20180701 20180731    19.5
20180801 20180831    19.3
20180901 20180930    19.6
20181001 20181031    21.4
20181101 20181130    23.1
20181201 20181231    24.3
20190101 20190131    27.9
20190201 20190228    27.3
20190301 20190331    26.5
20190401 20190430    23.8
20190501 20190531    22.7
20190601 20190630    20.4
20190701 20190731    19.9
20190801 20190831    19.6
20190901 20190930    20.0
20191001 20191031    20.9
20191101 20191130    22.8
20191201 20191231    24.6
20200101 20200131    27.0
20200201 20200229    26.7
20200301 20200331    25.0
20200401 20200430    24.4
20200501 20200531    21.8
20200601 20200630    19.9
20200701 20200731    19.5
20200801 20200831    19.8
20200901 20200930    20.3
20201001 20201031    22.7
20201101 20201130    23.1
20201201 20201231    24.6
