TMAX       300001 19580101 20201231 missing_value=99999.9 MAWSON                                    
19580101 19580131     2.5
19580201 19580228    -2.7
19580301 19580331    -6.8
19580401 19580430   -11.4
19580501 19580531   -12.1
19580601 19580630   -13.7
19580701 19580731   -13.2
19580801 19580831   -16.6
19580901 19580930   -15.6
19581001 19581031   -11.3
19581101 19581130    -3.2
19581201 19581231     1.8
19590101 19590131     0.5
19590201 19590228    -2.4
19590301 19590331    -4.9
19590401 19590430   -10.5
19590501 19590531   -11.4
19590601 19590630   -12.8
19590701 19590731   -14.7
19590801 19590831   -14.2
19590901 19590930   -17.3
19591001 19591031    -9.4
19591101 19591130    -3.9
19591201 19591231     2.2
19600101 19600131     2.1
19600201 19600229    -0.2
19600301 19600331    -9.1
19600401 19600430   -14.7
19600501 19600531   -15.5
19600601 19600630   -19.6
19600701 19600731   -18.7
19600801 19600831   -16.2
19600901 19600930   -15.4
19601001 19601031   -10.7
19601101 19601130    -2.5
19601201 19601231     1.2
19610101 19610131     2.2
19610201 19610228     0.9
19610301 19610331    -6.6
19610401 19610430   -10.8
19610501 19610531   -10.9
19610601 19610630   -12.5
19610701 19610731   -13.1
19610801 19610831   -14.5
19610901 19610930   -10.5
19611001 19611031    -9.5
19611101 19611130    -1.6
19611201 19611231     1.4
19620101 19620131     0.7
19620201 19620228    -1.5
19620301 19620331    -7.8
19620401 19620430   -11.5
19620501 19620531   -16.5
19620601 19620630   -11.4
19620701 19620731   -19.2
19620801 19620831   -20.8
19620901 19620930   -16.6
19621001 19621031   -10.9
19621101 19621130    -3.1
19621201 19621231     1.3
19630101 19630131     2.9
19630201 19630228    -2.3
19630301 19630331    -8.9
19630401 19630430   -12.3
19630501 19630531   -14.0
19630601 19630630   -13.1
19630701 19630731   -13.2
19630801 19630831   -11.7
19630901 19630930   -10.0
19631001 19631031   -11.6
19631101 19631130    -3.3
19631201 19631231     0.9
19640101 19640131     2.1
19640201 19640229    -1.0
19640301 19640331    -7.9
19640401 19640430   -12.6
19640501 19640531   -15.9
19640601 19640630   -10.8
19640701 19640731   -12.7
19640801 19640831   -12.1
19640901 19640930   -17.9
19641001 19641031   -10.9
19641101 19641130    -1.6
19641201 19641231     3.0
19650101 19650131     2.6
19650201 19650228    -0.2
19650301 19650331    -8.7
19650401 19650430   -13.5
19650501 19650531   -10.9
19650601 19650630   -18.9
19650701 19650731   -18.9
19650801 19650831   -15.5
19650901 19650930   -17.5
19651001 19651031   -10.0
19651101 19651130    -4.3
19651201 19651231     2.2
19660101 19660131     1.8
19660201 19660228    -0.5
19660301 19660331    -5.2
19660401 19660430   -15.2
19660501 19660531   -10.3
19660601 19660630   -15.9
19660701 19660731   -12.2
19660801 19660831   -19.8
19660901 19660930   -13.0
19661001 19661031   -11.0
19661101 19661130    -2.6
19661201 19661231     2.0
19670101 19670131     3.6
19670201 19670228    -2.6
19670301 19670331    -6.1
19670401 19670430   -11.0
19670501 19670531   -12.4
19670601 19670630   -13.8
19670701 19670731   -13.7
19670801 19670831   -19.2
19670901 19670930   -13.3
19671001 19671031   -10.5
19671101 19671130    -1.8
19671201 19671231     2.4
19680101 19680131     2.1
19680201 19680229    -1.6
19680301 19680331    -7.1
19680401 19680430    -9.5
19680501 19680531   -11.9
19680601 19680630   -15.1
19680701 19680731   -17.1
19680801 19680831   -17.0
19680901 19680930   -15.6
19681001 19681031    -9.1
19681101 19681130    -3.1
19681201 19681231     1.7
19690101 19690131     2.4
19690201 19690228    -1.6
19690301 19690331    -6.6
19690401 19690430   -11.4
19690501 19690531   -14.0
19690601 19690630   -13.5
19690701 19690731   -16.7
19690801 19690831   -18.5
19690901 19690930   -15.0
19691001 19691031    -8.8
19691101 19691130    -3.1
19691201 19691231     1.7
19700101 19700131     1.9
19700201 19700228    -2.7
19700301 19700331    -5.6
19700401 19700430   -11.0
19700501 19700531   -12.7
19700601 19700630   -16.9
19700701 19700731   -14.8
19700801 19700831   -17.5
19700901 19700930   -13.0
19701001 19701031   -10.0
19701101 19701130    -2.4
19701201 19701231     2.5
19710101 19710131     3.2
19710201 19710228    -0.8
19710301 19710331    -7.4
19710401 19710430   -12.5
19710501 19710531   -13.1
19710601 19710630   -14.6
19710701 19710731   -16.2
19710801 19710831   -14.1
19710901 19710930   -12.9
19711001 19711031    -9.2
19711101 19711130    -3.4
19711201 19711231     3.1
19720101 19720131     4.3
19720201 19720229    -1.3
19720301 19720331    -7.3
19720401 19720430    -9.0
19720501 19720531   -16.0
19720601 19720630   -12.9
19720701 19720731   -14.5
19720801 19720831   -10.8
19720901 19720930   -13.2
19721001 19721031   -11.6
19721101 19721130    -3.4
19721201 19721231     2.3
19730101 19730131     3.0
19730201 19730228    -2.0
19730301 19730331    -9.2
19730401 19730430   -11.7
19730501 19730531   -10.8
19730601 19730630   -12.0
19730701 19730731   -17.8
19730801 19730831   -17.4
19730901 19730930    -9.8
19731001 19731031    -8.7
19731101 19731130    -1.7
19731201 19731231     1.2
19740101 19740131     3.9
19740201 19740228    -1.1
19740301 19740331    -8.3
19740401 19740430   -10.6
19740501 19740531   -15.7
19740601 19740630   -10.9
19740701 19740731   -15.3
19740801 19740831   -11.7
19740901 19740930   -15.6
19741001 19741031    -6.6
19741101 19741130    -1.3
19741201 19741231     3.6
19750101 19750131     4.2
19750201 19750228    -1.8
19750301 19750331    -7.1
19750401 19750430   -11.9
19750501 19750531   -10.5
19750601 19750630   -11.8
19750701 19750731   -17.0
19750801 19750831   -17.3
19750901 19750930   -15.8
19751001 19751031    -9.7
19751101 19751130    -1.2
19751201 19751231     2.6
19760101 19760131     3.6
19760201 19760229    -0.9
19760301 19760331    -8.1
19760401 19760430   -12.2
19760501 19760531   -17.8
19760601 19760630   -14.1
19760701 19760731   -14.7
19760801 19760831   -19.8
19760901 19760930   -17.5
19761001 19761031    -7.6
19761101 19761130    -1.7
19761201 19761231     4.7
19770101 19770131     4.9
19770201 19770228    -0.8
19770301 19770331    -8.4
19770401 19770430   -12.5
19770501 19770531   -12.0
19770601 19770630   -11.9
19770701 19770731   -11.0
19770801 19770831   -12.3
19770901 19770930   -15.4
19771001 19771031   -11.4
19771101 19771130    -4.0
19771201 19771231     2.2
19780101 19780131     2.1
19780201 19780228    -1.0
19780301 19780331    -6.5
19780401 19780430   -10.2
19780501 19780531   -11.3
19780601 19780630   -12.6
19780701 19780731   -13.6
19780801 19780831   -20.0
19780901 19780930   -14.4
19781001 19781031   -11.7
19781101 19781130    -1.6
19781201 19781231     2.7
19790101 19790131     2.0
19790201 19790228    -2.4
19790301 19790331    -7.9
19790401 19790430   -10.8
19790501 19790531   -15.6
19790601 19790630   -15.2
19790701 19790731   -18.5
19790801 19790831   -16.8
19790901 19790930   -13.1
19791001 19791031    -9.1
19791101 19791130    -1.8
19791201 19791231     3.5
19800101 19800131     3.2
19800201 19800229    -1.2
19800301 19800331    -5.6
19800401 19800430    -9.2
19800501 19800531   -16.5
19800601 19800630   -16.6
19800701 19800731   -10.9
19800801 19800831   -14.8
19800901 19800930   -11.4
19801001 19801031   -10.5
19801101 19801130     1.0
19801201 19801231     2.8
19810101 19810131     3.2
19810201 19810228    -0.3
19810301 19810331    -6.0
19810401 19810430   -14.1
19810501 19810531   -15.1
19810601 19810630   -14.9
19810701 19810731   -14.3
19810801 19810831   -10.9
19810901 19810930   -14.2
19811001 19811031   -11.5
19811101 19811130    -2.1
19811201 19811231     2.2
19820101 19820131     2.7
19820201 19820228    -2.2
19820301 19820331    -9.9
19820401 19820430   -15.7
19820501 19820531   -14.9
19820601 19820630   -19.9
19820701 19820731   -14.1
19820801 19820831   -20.7
19820901 19820930   -19.2
19821001 19821031    -9.7
19821101 19821130    -1.1
19821201 19821231     3.9
19830101 19830131     3.3
19830201 19830228    -1.1
19830301 19830331    -8.2
19830401 19830430    -9.4
19830501 19830531   -11.9
19830601 19830630   -15.1
19830701 19830731   -18.5
19830801 19830831   -13.8
19830901 19830930   -11.1
19831001 19831031    -9.5
19831101 19831130    -5.2
19831201 19831231     0.9
19840101 19840131     3.3
19840201 19840229    -1.6
19840301 19840331    -7.8
19840401 19840430   -12.2
19840501 19840531   -11.4
19840601 19840630   -16.2
19840701 19840731   -17.4
19840801 19840831   -13.7
19840901 19840930   -12.2
19841001 19841031   -13.3
19841101 19841130    -2.5
19841201 19841231     2.6
19850101 19850131     3.2
19850201 19850228    -2.3
19850301 19850331    -7.1
19850401 19850430   -10.4
19850501 19850531   -14.6
19850601 19850630   -11.7
19850701 19850731   -20.1
19850801 19850831   -15.9
19850901 19850930   -15.1
19851001 19851031   -11.4
19851101 19851130    -4.6
19851201 19851231     0.5
19860101 19860131     1.4
19860201 19860228     1.3
19860301 19860331    -6.6
19860401 19860430   -12.6
19860501 19860531   -11.1
19860601 19860630   -16.8
19860701 19860731   -16.3
19860801 19860831   -16.5
19860901 19860930   -13.4
19861001 19861031    -8.2
19861101 19861130    -3.4
19861201 19861231     1.4
19870101 19870131     3.0
19870201 19870228    -1.2
19870301 19870331    -6.8
19870401 19870430   -12.6
19870501 19870531   -16.0
19870601 19870630   -11.6
19870701 19870731   -13.4
19870801 19870831   -18.6
19870901 19870930   -16.9
19871001 19871031   -10.2
19871101 19871130    -3.3
19871201 19871231     2.1
19880101 19880131     3.3
19880201 19880229    -2.8
19880301 19880331    -3.9
19880401 19880430   -12.4
19880501 19880531   -11.8
19880601 19880630   -11.5
19880701 19880731   -15.5
19880801 19880831   -12.6
19880901 19880930   -12.4
19881001 19881031    -7.0
19881101 19881130    -3.9
19881201 19881231     1.1
19890101 19890131     2.3
19890201 19890228    -1.0
19890301 19890331    -8.4
19890401 19890430   -13.9
19890501 19890531   -18.4
19890601 19890630   -14.6
19890701 19890731   -15.8
19890801 19890831   -12.0
19890901 19890930   -11.1
19891001 19891031    -7.5
19891101 19891130    -4.4
19891201 19891231     3.3
19900101 19900131     3.5
19900201 19900228    -1.5
19900301 19900331    -7.0
19900401 19900430    -7.8
19900501 19900531   -11.7
19900601 19900630   -13.6
19900701 19900731   -13.5
19900801 19900831   -17.0
19900901 19900930   -16.0
19901001 19901031    -9.1
19901101 19901130    -2.3
19901201 19901231     2.1
19910101 19910131     1.6
19910201 19910228    -0.1
19910301 19910331    -5.1
19910401 19910430    -7.6
19910501 19910531   -12.5
19910601 19910630   -11.1
19910701 19910731   -10.1
19910801 19910831   -14.0
19910901 19910930   -14.5
19911001 19911031   -10.8
19911101 19911130    -2.9
19911201 19911231     4.2
19920101 19920131     3.4
19920201 19920229     0.2
19920301 19920331    -6.3
19920401 19920430   -12.3
19920501 19920531   -12.9
19920601 19920630   -13.9
19920701 19920731   -16.4
19920801 19920831   -14.4
19920901 19920930   -17.8
19921001 19921031    -9.5
19921101 19921130    -3.0
19921201 19921231     0.4
19930101 19930131     2.9
19930201 19930228    -0.9
19930301 19930331    -8.1
19930401 19930430   -13.8
19930501 19930531   -15.8
19930601 19930630   -15.5
19930701 19930731   -18.7
19930801 19930831   -18.3
19930901 19930930   -16.1
19931001 19931031    -9.8
19931101 19931130    -3.9
19931201 19931231     0.9
19940101 19940131     1.5
19940201 19940228    -1.7
19940301 19940331    -8.5
19940401 19940430   -12.7
19940501 19940531   -17.4
19940601 19940630    -9.4
19940701 19940731   -12.5
19940801 19940831   -17.3
19940901 19940930   -11.7
19941001 19941031    -9.1
19941101 19941130    -3.5
19941201 19941231     0.7
19950101 19950131     0.4
19950201 19950228    -2.2
19950301 19950331    -7.1
19950401 19950430    -9.5
19950501 19950531   -13.8
19950601 19950630   -14.7
19950701 19950731    -6.5
19950801 19950831   -17.3
19950901 19950930   -14.9
19951001 19951031   -11.0
19951101 19951130    -3.0
19951201 19951231     1.8
19960101 19960131     2.4
19960201 19960229    -0.7
19960301 19960331    -6.8
19960401 19960430   -12.4
19960501 19960531   -18.2
19960601 19960630   -11.9
19960701 19960731   -15.0
19960801 19960831   -10.7
19960901 19960930   -10.7
19961001 19961031    -9.5
19961101 19961130    -1.6
19961201 19961231     1.8
19970101 19970131     1.9
19970201 19970228    -1.7
19970301 19970331    -5.5
19970401 19970430   -12.8
19970501 19970531   -15.5
19970601 19970630   -12.2
19970701 19970731   -15.9
19970801 19970831   -15.3
19970901 19970930   -17.3
19971001 19971031   -10.4
19971101 19971130    -1.9
19971201 19971231     1.6
19980101 19980131     1.6
19980201 19980228    -1.7
19980301 19980331    -8.0
19980401 19980430   -16.0
19980501 19980531   -14.4
19980601 19980630   -11.7
19980701 19980731   -15.5
19980801 19980831   -13.5
19980901 19980930   -14.6
19981001 19981031   -11.2
19981101 19981130    -2.6
19981201 19981231     1.9
19990101 19990131     1.3
19990201 19990228    -2.3
19990301 19990331    -7.0
19990401 19990430   -13.9
19990501 19990531   -14.8
19990601 19990630   -11.3
19990701 19990731   -16.7
19990801 19990831   -15.3
19990901 19990930   -14.5
19991001 19991031   -10.7
19991101 19991130    -3.8
19991201 19991231     0.1
20000101 20000131     1.0
20000201 20000229    -3.1
20000301 20000331    -7.6
20000401 20000430    -8.7
20000501 20000531   -15.1
20000601 20000630   -11.8
20000701 20000731   -15.0
20000801 20000831   -12.7
20000901 20000930   -12.2
20001001 20001031   -13.0
20001101 20001130    -1.7
20001201 20001231     1.7
20010101 20010131     2.3
20010201 20010228    -1.7
20010301 20010331    -7.2
20010401 20010430   -12.9
20010501 20010531   -11.8
20010601 20010630   -12.8
20010701 20010731   -14.0
20010801 20010831   -17.6
20010901 20010930   -15.6
20011001 20011031    -9.3
20011101 20011130    -2.7
20011201 20011231     1.0
20020101 20020131     2.7
20020201 20020228    -1.9
20020301 20020331    -6.2
20020401 20020430    -9.9
20020501 20020531    -8.8
20020601 20020630   -12.0
20020701 20020731   -13.2
20020801 20020831   -17.5
20020901 20020930   -12.7
20021001 20021031    -8.8
20021101 20021130    -3.3
20021201 20021231     0.9
20030101 20030131     2.5
20030201 20030228     0.8
20030301 20030331    -7.0
20030401 20030430   -13.1
20030501 20030531   -14.0
20030601 20030630   -13.2
20030701 20030731   -15.0
20030801 20030831   -16.0
20030901 20030930   -13.3
20031001 20031031   -10.5
20031101 20031130    -3.2
20031201 20031231     2.9
20040101 20040131     2.6
20040201 20040229    -0.2
20040301 20040331    -7.5
20040401 20040430   -12.3
20040501 20040531   -12.1
20040601 20040630   -15.6
20040701 20040731   -16.9
20040801 20040831   -13.5
20040901 20040930   -16.5
20041001 20041031    -8.4
20041101 20041130    -2.8
20041201 20041231     3.2
20050101 20050131     3.0
20050201 20050228    -1.8
20050301 20050331    -5.4
20050401 20050430   -12.5
20050501 20050531   -15.4
20050601 20050630    -9.7
20050701 20050731   -15.0
20050801 20050831   -14.4
20050901 20050930   -13.5
20051001 20051031    -9.7
20051101 20051130    -4.1
20051201 20051231     3.4
20060101 20060131     2.5
20060201 20060228    -2.4
20060301 20060331    -7.7
20060401 20060430    -9.2
20060501 20060531   -15.0
20060601 20060630   -12.9
20060701 20060731   -18.3
20060801 20060831   -12.7
20060901 20060930   -13.4
20061001 20061031   -10.6
20061101 20061130    -2.8
20061201 20061231     0.8
20070101 20070131     2.1
20070201 20070228    -1.7
20070301 20070331    -7.5
20070401 20070430    -9.0
20070501 20070531    -6.9
20070601 20070630   -11.7
20070701 20070731   -11.0
20070801 20070831   -12.7
20070901 20070930   -14.8
20071001 20071031    -9.0
20071101 20071130    -1.5
20071201 20071231     0.4
20080101 20080131     1.0
20080201 20080229    -2.3
20080301 20080331    -7.6
20080401 20080430    -9.1
20080501 20080531   -11.4
20080601 20080630   -17.3
20080701 20080731   -12.8
20080801 20080831   -18.1
20080901 20080930   -14.8
20081001 20081031   -12.0
20081101 20081130    -2.4
20081201 20081231     1.8
20090101 20090131     1.8
20090201 20090228    -1.4
20090301 20090331    -6.8
20090401 20090430   -12.6
20090501 20090531   -10.5
20090601 20090630    -9.4
20090701 20090731    -9.6
20090801 20090831   -16.4
20090901 20090930   -12.4
20091001 20091031    -8.8
20091101 20091130    -2.3
20091201 20091231     1.5
20100101 20100131     3.5
20100201 20100228    -0.6
20100301 20100331    -6.8
20100401 20100430   -12.9
20100501 20100531   -13.9
20100601 20100630   -15.1
20100701 20100731   -18.3
20100801 20100831   -17.2
20100901 20100930   -10.3
20101001 20101031   -10.5
20101101 20101130    -4.1
20101201 20101231     1.2
20110101 20110131     2.5
20110201 20110228    -2.9
20110301 20110331    -5.9
20110401 20110430   -11.4
20110501 20110531   -13.4
20110601 20110630   -11.7
20110701 20110731   -10.8
20110801 20110831   -13.2
20110901 20110930   -13.0
20111001 20111031   -12.0
20111101 20111130    -2.5
20111201 20111231     1.5
20120101 20120131     1.4
20120201 20120229    -1.7
20120301 20120331    -8.8
20120401 20120430   -11.4
20120501 20120531   -14.8
20120601 20120630   -13.1
20120701 20120731   -17.3
20120801 20120831   -15.8
20120901 20120930   -15.7
20121001 20121031    -8.3
20121101 20121130    -1.6
20121201 20121231     2.4
20130101 20130131     2.1
20130201 20130228    -1.4
20130301 20130331    -8.7
20130401 20130430   -11.9
20130501 20130531   -16.7
20130601 20130630   -12.0
20130701 20130731   -14.7
20130801 20130831   -14.6
20130901 20130930    -8.9
20131001 20131031    -7.7
20131101 20131130    -1.4
20131201 20131231     1.8
20140101 20140131     3.5
20140201 20140228    -1.4
20140301 20140331    -9.6
20140401 20140430   -14.7
20140501 20140531   -10.2
20140601 20140630   -15.4
20140701 20140731   -17.0
20140801 20140831   -14.3
20140901 20140930   -10.5
20141001 20141031    -9.2
20141101 20141130    -1.1
20141201 20141231     1.3
20150101 20150131     2.3
20150201 20150228    -1.4
20150301 20150331    -7.7
20150401 20150430   -12.9
20150501 20150531   -17.9
20150601 20150630   -14.1
20150701 20150731   -19.3
20150801 20150831   -17.3
20150901 20150930   -13.6
20151001 20151031    -9.6
20151101 20151130    -1.5
20151201 20151231     2.4
20160101 20160131     2.0
20160201 20160229    -2.3
20160301 20160331    -8.3
20160401 20160430   -12.1
20160501 20160531   -13.5
20160601 20160630   -17.8
20160701 20160731   -16.3
20160801 20160831   -11.6
20160901 20160930   -16.3
20161001 20161031    -8.3
20161101 20161130     0.2
20161201 20161231     2.8
20170101 20170131     3.5
20170201 20170228    -1.0
20170301 20170331    -6.7
20170401 20170430   -15.1
20170501 20170531   -10.1
20170601 20170630   -16.8
20170701 20170731   -13.3
20170801 20170831   -16.7
20170901 20170930   -15.1
20171001 20171031   -10.3
20171101 20171130    -1.2
20171201 20171231     1.7
20180101 20180131     2.4
20180201 20180228    -1.5
20180301 20180331    -8.1
20180401 20180430    -8.1
20180501 20180531   -12.2
20180601 20180630   -11.0
20180701 20180731   -13.1
20180801 20180831   -10.1
20180901 20180930   -14.8
20181001 20181031    -9.4
20181101 20181130    -4.1
20181201 20181231     2.0
20190101 20190131     2.7
20190201 20190228     0.2
20190301 20190331    -7.1
20190401 20190430   -10.9
20190501 20190531   -14.2
20190601 20190630   -12.8
20190701 20190731   -15.4
20190801 20190831   -13.1
20190901 20190930   -14.5
20191001 20191031    -7.0
20191101 20191130    -1.7
20191201 20191231     2.8
20200101 20200131     2.9
20200201 20200229    -1.6
20200301 20200331    -8.3
20200401 20200430   -11.1
20200501 20200531   -10.2
20200601 20200630   -12.5
20200701 20200731   -12.5
20200801 20200831   -10.8
20200901 20200930   -11.1
20201001 20201031    -8.3
20201101 20201130    -1.6
20201201 20201231     1.8
