TMAX       300017 19700101 20201231 missing_value=99999.9 CASEY                                     
19700101 19700131     1.9
19700201 19700228    -0.2
19700301 19700331    -4.9
19700401 19700430   -10.0
19700501 19700531    -8.5
19700601 19700630   -13.1
19700701 19700731   -12.5
19700801 19700831   -16.7
19700901 19700930   -11.1
19701001 19701031    -8.2
19701101 19701130    -2.1
19701201 19701231     1.6
19710101 19710131     3.1
19710201 19710228    -0.8
19710301 19710331    -3.6
19710401 19710430    -5.8
19710501 19710531    -6.6
19710601 19710630    -7.2
19710701 19710731   -12.1
19710801 19710831   -10.1
19710901 19710930   -11.8
19711001 19711031    -6.1
19711101 19711130    -2.9
19711201 19711231     1.9
19720101 19720131     3.2
19720201 19720229    -0.1
19720301 19720331    -3.0
19720401 19720430    -6.9
19720501 19720531   -10.5
19720601 19720630    -6.3
19720701 19720731    -9.4
19720801 19720831    -8.6
19720901 19720930   -13.2
19721001 19721031   -11.9
19721101 19721130    -4.1
19721201 19721231     1.5
19730101 19730131     2.0
19730201 19730228    -0.4
19730301 19730331    -3.2
19730401 19730430    -5.5
19730501 19730531    -8.0
19730601 19730630    -8.4
19730701 19730731    -9.8
19730801 19730831   -10.7
19730901 19730930    -9.8
19731001 19731031    -7.4
19731101 19731130    -0.2
19731201 19731231     0.9
19740101 19740131     2.6
19740201 19740228    -1.1
19740301 19740331    -3.9
19740401 19740430   -10.4
19740501 19740531    -9.6
19740601 19740630    -7.9
19740701 19740731   -13.0
19740801 19740831   -10.6
19740901 19740930    -9.8
19741001 19741031    -4.4
19741101 19741130    -0.8
19741201 19741231     3.2
19750101 19750131     3.1
19750201 19750228     0.5
19750301 19750331    -2.7
19750401 19750430   -10.7
19750501 19750531    -7.1
19750601 19750630    -8.6
19750701 19750731    -6.9
19750801 19750831   -16.2
19750901 19750930   -14.9
19751001 19751031    -8.0
19751101 19751130    -1.1
19751201 19751231     1.9
19760101 19760131     3.2
19760201 19760229     0.8
19760301 19760331    -4.9
19760401 19760430   -13.1
19760501 19760531   -11.1
19760601 19760630    -8.5
19760701 19760731   -13.8
19760801 19760831   -11.3
19760901 19760930    -8.8
19761001 19761031    -5.0
19761101 19761130    -0.9
19761201 19761231     3.3
19770101 19770131     4.4
19770201 19770228     0.7
19770301 19770331    -2.5
19770401 19770430    -8.7
19770501 19770531    -6.9
19770601 19770630   -12.2
19770701 19770731    -8.2
19770801 19770831    -8.7
19770901 19770930   -13.5
19771001 19771031    -7.5
19771101 19771130    -2.3
19771201 19771231     2.1
19780101 19780131     1.6
19780201 19780228     0.8
19780301 19780331    -6.0
19780401 19780430    -8.0
19780501 19780531    -8.4
19780601 19780630    -7.2
19780701 19780731    -9.2
19780801 19780831   -12.4
19780901 19780930   -11.3
19781001 19781031    -8.0
19781101 19781130    -1.6
19781201 19781231     1.8
19790101 19790131     2.3
19790201 19790228    -1.4
19790301 19790331    -3.6
19790401 19790430    -5.7
19790501 19790531    -9.2
19790601 19790630   -11.3
19790701 19790731   -11.3
19790801 19790831   -10.0
19790901 19790930   -11.0
19791001 19791031    -3.6
19791101 19791130    -1.1
19791201 19791231     3.3
19800101 19800131     3.9
19800201 19800229     1.2
19800301 19800331    -1.0
19800401 19800430    -4.0
19800501 19800531    -7.3
19800601 19800630    -8.7
19800701 19800731    -3.9
19800801 19800831    -9.5
19800901 19800930    -7.1
19801001 19801031    -7.9
19801101 19801130    -0.1
19801201 19801231     2.4
19810101 19810131     2.4
19810201 19810228     0.4
19810301 19810331    -1.1
19810401 19810430    -6.9
19810501 19810531   -10.7
19810601 19810630    -6.5
19810701 19810731    -8.0
19810801 19810831    -5.2
19810901 19810930    -7.3
19811001 19811031    -6.3
19811101 19811130    -3.3
19811201 19811231     1.4
19820101 19820131     2.9
19820201 19820228     0.3
19820301 19820331    -6.7
19820401 19820430    -9.8
19820501 19820531    -8.6
19820601 19820630   -11.1
19820701 19820731    -8.6
19820801 19820831   -18.8
19820901 19820930   -15.0
19821001 19821031    -7.3
19821101 19821130    -2.4
19821201 19821231     3.6
19830101 19830131     3.2
19830201 19830228     1.3
19830301 19830331    -5.1
19830401 19830430    -6.3
19830501 19830531    -7.2
19830601 19830630    -9.3
19830701 19830731   -15.8
19830801 19830831   -10.2
19830901 19830930    -6.8
19831001 19831031   -10.6
19831101 19831130    -2.7
19831201 19831231     1.9
19840101 19840131     3.1
19840201 19840229     0.9
19840301 19840331    -0.7
19840401 19840430    -6.6
19840501 19840531    -4.5
19840601 19840630   -12.4
19840701 19840731   -10.2
19840801 19840831    -7.1
19840901 19840930   -10.7
19841001 19841031    -8.6
19841101 19841130    -3.7
19841201 19841231     2.8
19850101 19850131     3.6
19850201 19850228    -0.3
19850301 19850331    -1.3
19850401 19850430    -6.1
19850501 19850531   -15.5
19850601 19850630   -10.8
19850701 19850731   -11.9
19850801 19850831    -7.6
19850901 19850930   -10.6
19851001 19851031    -7.9
19851101 19851130    -1.9
19851201 19851231     0.6
19860101 19860131     1.7
19860201 19860228     3.6
19860301 19860331    -2.6
19860401 19860430    -7.0
19860501 19860531    -8.7
19860601 19860630   -13.0
19860701 19860731   -11.5
19860801 19860831    -8.6
19860901 19860930    -8.8
19861001 19861031    -4.1
19861101 19861130    -2.0
19861201 19861231     2.0
19870101 19870131     4.4
19870201 19870228     1.1
19870301 19870331    -3.7
19870401 19870430    -7.6
19870501 19870531   -12.2
19870601 19870630    -6.7
19870701 19870731    -8.8
19870801 19870831   -17.5
19870901 19870930    -9.7
19871001 19871031    -4.8
19871101 19871130    -1.3
19871201 19871231     2.3
19880101 19880131     2.7
19880201 19880229     0.5
19880301 19880331    -5.4
19880401 19880430    -8.3
19880501 19880531    -7.8
19880601 19880630   -10.5
19880701 19880731   -14.1
19880801 19880831   -11.1
19880901 19880930   -11.0
19881001 19881031    -5.3
19881101 19881130    -1.7
19881201 19881231     1.5
19890101 19890131     2.0
19890201 19890228    -1.0
19890301 19890331    -5.9
19890401 19890430    -7.7
19890501 19890531   -10.4
19890601 19890630   -14.9
19890701 19890731   -10.0
19890801 19890831    -9.0
19890901 19890930    -6.1
19891001 19891031    -4.0
19891101 19891130    -4.7
19891201 19891231     3.1
19900101 19900131     3.1
19900201 19900228    -0.1
19900301 19900331    -3.5
19900401 19900430    -6.2
19900501 19900531   -10.5
19900601 19900630   -15.6
19900701 19900731    -8.0
19900801 19900831   -10.9
19900901 19900930   -11.3
19901001 19901031    -9.5
19901101 19901130    -2.6
19901201 19901231     2.5
19910101 19910131     2.5
19910201 19910228     0.9
19910301 19910331    -3.1
19910401 19910430    -3.8
19910501 19910531   -12.2
19910601 19910630    -7.0
19910701 19910731    -9.0
19910801 19910831    -6.8
19910901 19910930   -11.2
19911001 19911031    -6.5
19911101 19911130    -0.9
19911201 19911231     4.0
19920101 19920131     3.3
19920201 19920229     0.5
19920301 19920331    -3.3
19920401 19920430    -7.6
19920501 19920531   -12.3
19920601 19920630    -7.9
19920701 19920731   -12.0
19920801 19920831    -8.6
19920901 19920930   -12.2
19921001 19921031    -9.2
19921101 19921130    -2.7
19921201 19921231     1.2
19930101 19930131     3.8
19930201 19930228     1.8
19930301 19930331    -3.8
19930401 19930430    -6.5
19930501 19930531   -11.7
19930601 19930630   -13.9
19930701 19930731   -12.3
19930801 19930831   -13.8
19930901 19930930   -11.5
19931001 19931031   -10.5
19931101 19931130    -3.5
19931201 19931231     0.2
19940101 19940131     1.4
19940201 19940228     0.6
19940301 19940331    -3.5
19940401 19940430    -9.9
19940501 19940531   -14.4
19940601 19940630    -6.1
19940701 19940731   -10.0
19940801 19940831   -14.5
19940901 19940930    -8.2
19941001 19941031    -7.1
19941101 19941130    -2.8
19941201 19941231    -0.4
19950101 19950131     0.6
19950201 19950228    -1.6
19950301 19950331    -4.8
19950401 19950430    -9.0
19950501 19950531   -14.3
19950601 19950630    -8.6
19950701 19950731    -7.2
19950801 19950831    -8.1
19950901 19950930    -8.8
19951001 19951031   -10.0
19951101 19951130    -2.0
19951201 19951231     0.1
19960101 19960131     1.5
19960201 19960229    -0.3
19960301 19960331    -2.9
19960401 19960430    -5.0
19960501 19960531   -12.4
19960601 19960630   -10.9
19960701 19960731    -7.2
19960801 19960831    -7.5
19960901 19960930    -8.6
19961001 19961031    -7.7
19961101 19961130    -1.6
19961201 19961231     1.8
19970101 19970131     2.4
19970201 19970228     0.1
19970301 19970331    -5.0
19970401 19970430    -8.2
19970501 19970531   -12.6
19970601 19970630    -6.1
19970701 19970731   -12.9
19970801 19970831   -13.2
19970901 19970930   -11.3
19971001 19971031    -9.5
19971101 19971130    -1.3
19971201 19971231     2.1
19980101 19980131     2.0
19980201 19980228    -0.1
19980301 19980331    -5.8
19980401 19980430    -9.4
19980501 19980531    -7.2
19980601 19980630   -11.0
19980701 19980731   -13.0
19980801 19980831    -9.6
19980901 19980930   -13.3
19981001 19981031    -8.4
19981101 19981130    -2.1
19981201 19981231     1.8
19990101 19990131     0.8
19990201 19990228    -0.5
19990301 19990331    -5.6
19990401 19990430   -14.9
19990501 19990531   -13.7
19990601 19990630   -10.5
19990701 19990731   -14.4
19990801 19990831   -11.1
19990901 19990930   -11.7
19991001 19991031    -8.0
19991101 19991130    -3.4
19991201 19991231    -0.1
20000101 20000131     0.6
20000201 20000229    -0.2
20000301 20000331    -5.1
20000401 20000430   -11.9
20000501 20000531   -12.0
20000601 20000630   -11.8
20000701 20000731    -9.0
20000801 20000831    -8.3
20000901 20000930    -5.5
20001001 20001031    -9.2
20001101 20001130    -0.9
20001201 20001231     1.3
20010101 20010131     2.1
20010201 20010228    -1.4
20010301 20010331    -2.2
20010401 20010430    -7.1
20010501 20010531    -8.1
20010601 20010630   -10.6
20010701 20010731    -6.8
20010801 20010831   -12.5
20010901 20010930    -7.9
20011001 20011031    -8.5
20011101 20011130    -3.4
20011201 20011231     0.9
20020101 20020131     2.6
20020201 20020228    -0.8
20020301 20020331    -3.4
20020401 20020430    -5.1
20020501 20020531    -7.3
20020601 20020630    -7.4
20020701 20020731    -8.8
20020801 20020831   -10.8
20020901 20020930   -10.3
20021001 20021031    -8.3
20021101 20021130    -1.3
20021201 20021231     0.2
20030101 20030131     2.7
20030201 20030228     0.5
20030301 20030331    -3.9
20030401 20030430    -7.1
20030501 20030531   -12.7
20030601 20030630   -13.6
20030701 20030731   -11.5
20030801 20030831   -10.0
20030901 20030930    -9.9
20031001 20031031    -8.1
20031101 20031130    -3.3
20031201 20031231     1.6
20040101 20040131     1.9
20040201 20040229     1.3
20040301 20040331    -4.7
20040401 20040430    -7.4
20040501 20040531    -9.9
20040601 20040630   -10.5
20040701 20040731   -11.8
20040801 20040831    -8.5
20040901 20040930    -9.6
20041001 20041031    -7.1
20041101 20041130    -3.1
20041201 20041231     2.3
20050101 20050131     3.2
20050201 20050228     0.2
20050301 20050331    -4.5
20050401 20050430    -7.1
20050501 20050531   -11.5
20050601 20050630    -9.1
20050701 20050731   -14.3
20050801 20050831   -13.3
20050901 20050930    -9.5
20051001 20051031    -7.1
20051101 20051130    -2.8
20051201 20051231     3.8
20060101 20060131     2.0
20060201 20060228     0.4
20060301 20060331    -3.3
20060401 20060430    -4.0
20060501 20060531   -15.2
20060601 20060630   -11.2
20060701 20060731    -8.1
20060801 20060831    -8.2
20060901 20060930   -10.5
20061001 20061031    -9.2
20061101 20061130    -3.5
20061201 20061231     1.0
20070101 20070131     3.2
20070201 20070228     0.1
20070301 20070331    -2.2
20070401 20070430    -4.6
20070501 20070531    -8.8
20070601 20070630    -9.7
20070701 20070731    -6.9
20070801 20070831    -9.9
20070901 20070930    -9.1
20071001 20071031    -6.6
20071101 20071130    -1.4
20071201 20071231     0.8
20080101 20080131     1.0
20080201 20080229    -1.5
20080301 20080331    -5.4
20080401 20080430    -5.9
20080501 20080531    -8.3
20080601 20080630    -9.6
20080701 20080731    -9.1
20080801 20080831   -10.1
20080901 20080930   -10.5
20081001 20081031    -8.9
20081101 20081130    -1.7
20081201 20081231     1.2
20090101 20090131     1.5
20090201 20090228     0.7
20090301 20090331    -2.6
20090401 20090430    -8.0
20090501 20090531    -7.4
20090601 20090630    -8.0
20090701 20090731    -5.4
20090801 20090831   -10.8
20090901 20090930    -6.1
20091001 20091031    -6.2
20091101 20091130    -2.7
20091201 20091231     1.1
20100101 20100131     4.4
20100201 20100228    -0.9
20100301 20100331    -4.7
20100401 20100430   -11.0
20100501 20100531   -10.5
20100601 20100630    -9.9
20100701 20100731   -11.3
20100801 20100831   -11.0
20100901 20100930    -9.7
20101001 20101031    -7.5
20101101 20101130    -2.8
20101201 20101231     0.9
20110101 20110131     3.9
20110201 20110228    -1.5
20110301 20110331    -3.8
20110401 20110430    -5.0
20110501 20110531   -13.5
20110601 20110630   -13.1
20110701 20110731   -12.4
20110801 20110831    -7.7
20110901 20110930    -9.9
20111001 20111031    -7.8
20111101 20111130    -3.2
20111201 20111231     1.4
20120101 20120131     0.7
20120201 20120229    -0.1
20120301 20120331    -4.2
20120401 20120430    -7.4
20120501 20120531    -9.9
20120601 20120630   -12.4
20120701 20120731   -13.3
20120801 20120831   -11.6
20120901 20120930   -11.7
20121001 20121031    -6.7
20121101 20121130    -2.6
20121201 20121231     1.3
20130101 20130131     2.9
20130201 20130228    -0.8
20130301 20130331    -6.5
20130401 20130430   -10.6
20130501 20130531    -7.8
20130601 20130630    -8.4
20130701 20130731   -15.1
20130801 20130831   -12.2
20130901 20130930    -4.8
20131001 20131031    -8.6
20131101 20131130    -2.9
20131201 20131231     1.4
20140101 20140131     3.2
20140201 20140228     0.1
20140301 20140331    -5.9
20140401 20140430   -10.0
20140501 20140531    -9.6
20140601 20140630   -14.6
20140701 20140731   -10.9
20140801 20140831   -15.9
20140901 20140930    -9.1
20141001 20141031    -7.2
20141101 20141130    -1.0
20141201 20141231     2.0
20150101 20150131     2.6
20150201 20150228     1.2
20150301 20150331    -3.5
20150401 20150430   -10.1
20150501 20150531   -12.3
20150601 20150630    -9.8
20150701 20150731   -13.6
20150801 20150831   -11.6
20150901 20150930   -11.0
20151001 20151031    -9.8
20151101 20151130    -1.7
20151201 20151231     1.8
20160101 20160131     1.2
20160201 20160229    -1.2
20160301 20160331    -4.3
20160401 20160430    -8.2
20160501 20160531    -6.4
20160601 20160630   -13.0
20160701 20160731   -13.1
20160801 20160831    -9.0
20160901 20160930   -11.4
20161001 20161031    -6.3
20161101 20161130    -0.8
20161201 20161231     2.1
20170101 20170131     2.9
20170201 20170228     1.1
20170301 20170331    -3.2
20170401 20170430    -6.3
20170501 20170531    -9.6
20170601 20170630   -15.6
20170701 20170731   -13.7
20170801 20170831   -13.0
20170901 20170930   -12.3
20171001 20171031   -10.2
20171101 20171130    -1.6
20171201 20171231     1.5
20180101 20180131     2.0
20180201 20180228    -0.1
20180301 20180331    -5.0
20180401 20180430    -4.2
20180501 20180531   -10.2
20180601 20180630    -9.4
20180701 20180731    -7.1
20180801 20180831   -15.5
20180901 20180930   -12.6
20181001 20181031    -7.0
20181101 20181130    -2.3
20181201 20181231     1.3
20190101 20190131     2.6
20190201 20190228     0.3
20190301 20190331    -3.5
20190401 20190430    -7.0
20190501 20190531   -12.2
20190601 20190630   -11.7
20190701 20190731    -8.7
20190801 20190831   -10.8
20190901 20190930   -13.0
20191001 20191031    -7.8
20191101 20191130    -1.2
20191201 20191231     2.2
20200101 20200131     4.3
20200201 20200229    -0.4
20200301 20200331    -5.8
20200401 20200430    -3.6
20200501 20200531   -11.5
20200601 20200630   -11.2
20200701 20200731   -10.0
20200801 20200831   -12.6
20200901 20200930    -8.4
20201001 20201031    -6.6
20201101 20201130    -2.2
20201201 20201231     0.4
