TMAX       200284 19600101 20201231 missing_value=99999.9 COCOS ISLAND AIRPORT                      
19600101 19600131    29.6
19600201 19600229    29.5
19600301 19600331    29.9
19600401 19600430    29.5
19600501 19600531    28.9
19600601 19600630    28.5
19600701 19600731    27.8
19600801 19600831    28.1
19600901 19600930    28.2
19601001 19601031    29.1
19601101 19601130    29.4
19601201 19601231    29.6
19610101 19610131    30.4
19610201 19610228    29.7
19610301 19610331    29.9
19610401 19610430    29.2
19610501 19610531    29.0
19610601 19610630    29.0
19610701 19610731    28.7
19610801 19610831    28.1
19610901 19610930    28.8
19611001 19611031    29.0
19611101 19611130    29.6
19611201 19611231    30.1
19620101 19620131    30.5
19620201 19620228    29.7
19620301 19620331    29.6
19620401 19620430    29.9
19620501 19620531    29.9
19620601 19620630    28.9
19620701 19620731    28.3
19620801 19620831    28.4
19620901 19620930    28.4
19621001 19621031    28.7
19621101 19621130    29.0
19621201 19621231    29.4
19630101 19630131    29.6
19630201 19630228    29.4
19630301 19630331    29.5
19630401 19630430    29.9
19630501 19630531    29.2
19630601 19630630    28.3
19630701 19630731    28.6
19630801 19630831    28.2
19630901 19630930    28.2
19631001 19631031    28.7
19631101 19631130    29.8
19631201 19631231    30.5
19640101 19640131    30.4
19640201 19640229    30.4
19640301 19640331    29.9
19640401 19640430    29.8
19640501 19640531    29.3
19640601 19640630    28.5
19640701 19640731    28.1
19640801 19640831    28.0
19640901 19640930    28.3
19641001 19641031    28.5
19641101 19641130    29.3
19641201 19641231    29.3
19650101 19650131    29.7
19650201 19650228    29.5
19650301 19650331    29.6
19650401 19650430    29.9
19650501 19650531    29.6
19650601 19650630    28.7
19650701 19650731    28.4
19650801 19650831    27.8
19650901 19650930    28.5
19651001 19651031    28.9
19651101 19651130    28.9
19651201 19651231    29.7
19660101 19660131    29.9
19660201 19660228    29.8
19660301 19660331    29.6
19660401 19660430    29.9
19660501 19660531    29.3
19660601 19660630    28.6
19660701 19660731    28.0
19660801 19660831    28.3
19660901 19660930    28.5
19661001 19661031    29.0
19661101 19661130    29.2
19661201 19661231    29.5
19670101 19670131    30.4
19670201 19670228    30.7
19670301 19670331    30.2
19670401 19670430    30.3
19670501 19670531    30.3
19670601 19670630    29.5
19670701 19670731    28.3
19670801 19670831    27.7
19670901 19670930    28.2
19671001 19671031    29.1
19671101 19671130    29.6
19671201 19671231    29.2
19680101 19680131    29.5
19680201 19680229    29.4
19680301 19680331    29.6
19680401 19680430    29.6
19680501 19680531    29.2
19680601 19680630    27.7
19680701 19680731    27.3
19680801 19680831    27.3
19680901 19680930    27.4
19681001 19681031    28.1
19681101 19681130    30.3
19681201 19681231    29.9
19690101 19690131    30.4
19690201 19690228    30.0
19690301 19690331    30.0
19690401 19690430    30.1
19690501 19690531    29.8
19690601 19690630    29.2
19690701 19690731    29.0
19690801 19690831    28.7
19690901 19690930    28.5
19691001 19691031    29.1
19691101 19691130    30.0
19691201 19691231    29.8
19700101 19700131    30.1
19700201 19700228    30.2
19700301 19700331    30.3
19700401 19700430    29.8
19700501 19700531    29.4
19700601 19700630    28.6
19700701 19700731    28.5
19700801 19700831    29.0
19700901 19700930    28.5
19701001 19701031    29.0
19701101 19701130    28.7
19701201 19701231    29.4
19710101 19710131    29.9
19710201 19710228    29.6
19710301 19710331    29.5
19710401 19710430    30.2
19710501 19710531    29.7
19710601 19710630    28.6
19710701 19710731    28.6
19710801 19710831    29.0
19710901 19710930    29.0
19711001 19711031    28.8
19711101 19711130    28.6
19711201 19711231    29.5
19720101 19720131    30.2
19720201 19720229    30.1
19720301 19720331    30.3
19720401 19720430    30.5
19720501 19720531    29.6
19720601 19720630    28.7
19720701 19720731    28.4
19720801 19720831    28.0
19720901 19720930    28.7
19721001 19721031    28.9
19721101 19721130    29.9
19721201 19721231    30.8
19730101 19730131    31.6
19730201 19730228    30.4
19730301 19730331    30.4
19730401 19730430    30.2
19730501 19730531    29.4
19730601 19730630    28.5
19730701 19730731    28.1
19730801 19730831    28.9
19730901 19730930    29.0
19731001 19731031    29.4
19731101 19731130    28.5
19731201 19731231    29.4
19740101 19740131    29.6
19740201 19740228    29.5
19740301 19740331    30.1
19740401 19740430    29.4
19740501 19740531    29.4
19740601 19740630    29.1
19740701 19740731    28.2
19740801 19740831    28.0
19740901 19740930    28.7
19741001 19741031    28.4
19741101 19741130    29.0
19741201 19741231    29.3
19750101 19750131    29.7
19750201 19750228    29.7
19750301 19750331    29.9
19750401 19750430    29.9
19750501 19750531    29.3
19750601 19750630    28.8
19750701 19750731    27.8
19750801 19750831    28.7
19750901 19750930    28.8
19751001 19751031    28.2
19751101 19751130    28.8
19751201 19751231    29.5
19760101 19760131    30.1
19760201 19760229    30.3
19760301 19760331    29.8
19760401 19760430    30.3
19760501 19760531    29.8
19760601 19760630    29.2
19760701 19760731    28.6
19760801 19760831    28.2
19760901 19760930    28.7
19761001 19761031    29.0
19761101 19761130    29.4
19761201 19761231    29.7
19770101 19770131    30.8
19770201 19770228    30.4
19770301 19770331    30.1
19770401 19770430    30.7
19770501 19770531    29.9
19770601 19770630    29.2
19770701 19770731    28.8
19770801 19770831    28.7
19770901 19770930    28.1
19771001 19771031    29.0
19771101 19771130    29.9
19771201 19771231    30.1
19780101 19780131    30.1
19780201 19780228    30.3
19780301 19780331    30.6
19780401 19780430    30.3
19780501 19780531    28.9
19780601 19780630    28.1
19780701 19780731    27.4
19780801 19780831    27.8
19780901 19780930    28.2
19781001 19781031    29.0
19781101 19781130    29.4
19781201 19781231    30.3
19790101 19790131    31.0
19790201 19790228    31.9
19790301 19790331    30.8
19790401 19790430    29.7
19790501 19790531    29.1
19790601 19790630    28.8
19790701 19790731    28.8
19790801 19790831    27.8
19790901 19790930    28.5
19791001 19791031    29.2
19791101 19791130    30.2
19791201 19791231    30.2
19800101 19800131    30.8
19800201 19800229    30.5
19800301 19800331    31.2
19800401 19800430    30.4
19800501 19800531    29.4
19800601 19800630    28.1
19800701 19800731    27.5
19800801 19800831    28.3
19800901 19800930    28.4
19801001 19801031    28.7
19801101 19801130    28.8
19801201 19801231    29.7
19810101 19810131    29.9
19810201 19810228    29.6
19810301 19810331    29.7
19810401 19810430    29.5
19810501 19810531    29.5
19810601 19810630    28.4
19810701 19810731    28.2
19810801 19810831    28.3
19810901 19810930    28.8
19811001 19811031    29.1
19811101 19811130    28.9
19811201 19811231    29.9
19820101 19820131    29.8
19820201 19820228    29.7
19820301 19820331    29.7
19820401 19820430    29.4
19820501 19820531    29.1
19820601 19820630    28.5
19820701 19820731    28.0
19820801 19820831    28.2
19820901 19820930    27.9
19821001 19821031    28.7
19821101 19821130    29.5
19821201 19821231    30.6
19830101 19830131    31.0
19830201 19830228    31.3
19830301 19830331    31.3
19830401 19830430    30.9
19830501 19830531    29.6
19830601 19830630    29.1
19830701 19830731    28.3
19830801 19830831    29.0
19830901 19830930    29.2
19831001 19831031    29.6
19831101 19831130    29.5
19831201 19831231    29.7
19840101 19840131    30.6
19840201 19840229    29.9
19840301 19840331    29.8
19840401 19840430    29.9
19840501 19840531    29.8
19840601 19840630    29.6
19840701 19840731    28.9
19840801 19840831    28.5
19840901 19840930    28.8
19841001 19841031    29.1
19841101 19841130    29.7
19841201 19841231    29.7
19850101 19850131    30.7
19850201 19850228    30.1
19850301 19850331    30.0
19850401 19850430    30.0
19850501 19850531    29.5
19850601 19850630    29.2
19850701 19850731    28.4
19850801 19850831    28.8
19850901 19850930    28.7
19851001 19851031    28.9
19851101 19851130    29.1
19851201 19851231    30.0
19860101 19860131    29.9
19860201 19860228    30.1
19860301 19860331    30.0
19860401 19860430    29.5
19860501 19860531    28.9
19860601 19860630    27.9
19860701 19860731    27.5
19860801 19860831    27.3
19860901 19860930    27.8
19861001 19861031    28.2
19861101 19861130    29.2
19861201 19861231    29.4
19870101 19870131    29.7
19870201 19870228    30.5
19870301 19870331    30.6
19870401 19870430    30.8
19870501 19870531    29.6
19870601 19870630    29.2
19870701 19870731    28.8
19870801 19870831    28.7
19870901 19870930    28.7
19871001 19871031    29.1
19871101 19871130    29.3
19871201 19871231    29.4
19880101 19880131    30.2
19880201 19880229    30.7
19880301 19880331    30.0
19880401 19880430    30.5
19880501 19880531    29.2
19880601 19880630    28.9
19880701 19880731    28.4
19880801 19880831    28.7
19880901 19880930    28.9
19881001 19881031    29.0
19881101 19881130    29.0
19881201 19881231    29.5
19890101 19890131    30.0
19890201 19890228    30.2
19890301 19890331    30.4
19890401 19890430    30.0
19890501 19890531    29.3
19890601 19890630    28.5
19890701 19890731    28.5
19890801 19890831    28.6
19890901 19890930    28.8
19891001 19891031    28.9
19891101 19891130    29.3
19891201 19891231    29.7
19900101 19900131    29.8
19900201 19900228    30.7
19900301 19900331    30.2
19900401 19900430    30.1
19900501 19900531    29.3
19900601 19900630    28.3
19900701 19900731    28.2
19900801 19900831    28.0
19900901 19900930    28.5
19901001 19901031    29.0
19901101 19901130    29.3
19901201 19901231    30.1
19910101 19910131    30.4
19910201 19910228    30.3
19910301 19910331    30.3
19910401 19910430    29.6
19910501 19910531    30.1
19910601 19910630    29.3
19910701 19910731    28.7
19910801 19910831    28.5
19910901 19910930    28.3
19911001 19911031    28.6
19911101 19911130    28.6
19911201 19911231    29.1
19920101 19920131    30.2
19920201 19920229    29.5
19920301 19920331    30.4
19920401 19920430    30.3
19920501 19920531    29.7
19920601 19920630    28.7
19920701 19920731    28.7
19920801 19920831    28.2
19920901 19920930    27.8
19921001 19921031    27.9
19921101 19921130    28.3
19921201 19921231    29.1
19930101 19930131    29.9
19930201 19930228    30.0
19930301 19930331    29.6
19930401 19930430    29.6
19930501 19930531    29.2
19930601 19930630    28.3
19930701 19930731    28.8
19930801 19930831    28.2
19930901 19930930    28.8
19931001 19931031    28.6
19931101 19931130    29.2
19931201 19931231    29.8
19940101 19940131    30.6
19940201 19940228    30.0
19940301 19940331    29.7
19940401 19940430    29.8
19940501 19940531    29.2
19940601 19940630    28.4
19940701 19940731    27.6
19940801 19940831    27.9
19940901 19940930    28.0
19941001 19941031    29.1
19941101 19941130    29.9
19941201 19941231    30.0
19950101 19950131    30.8
19950201 19950228    30.0
19950301 19950331    30.5
19950401 19950430    30.2
19950501 19950531    30.3
19950601 19950630    28.6
19950701 19950731    28.3
19950801 19950831    28.8
19950901 19950930    28.7
19951001 19951031    29.2
19951101 19951130    29.0
19951201 19951231    29.6
19960101 19960131    30.5
19960201 19960229    30.8
19960301 19960331    30.3
19960401 19960430    30.1
19960501 19960531    29.8
19960601 19960630    29.4
19960701 19960731    28.8
19960801 19960831    28.4
19960901 19960930    29.1
19961001 19961031    29.4
19961101 19961130    29.3
19961201 19961231    29.7
19970101 19970131    30.4
19970201 19970228    29.6
19970301 19970331    30.2
19970401 19970430    30.1
19970501 19970531    29.6
19970601 19970630    29.8
19970701 19970731    28.3
19970801 19970831    27.6
19970901 19970930    28.4
19971001 19971031    28.4
19971101 19971130    29.2
19971201 19971231    30.2
19980101 19980131    30.5
19980201 19980228    31.2
19980301 19980331    31.3
19980401 19980430    31.2
19980501 19980531    30.1
19980601 19980630    28.7
19980701 19980731    28.3
19980801 19980831    28.5
19980901 19980930    29.0
19981001 19981031    29.4
19981101 19981130    29.7
19981201 19981231    29.9
19990101 19990131    30.2
19990201 19990228    30.2
19990301 19990331    30.4
19990401 19990430    30.3
19990501 19990531    29.9
19990601 19990630    29.5
19990701 19990731    28.8
19990801 19990831    29.2
19990901 19990930    29.5
19991001 19991031    30.1
19991101 19991130    29.6
19991201 19991231    29.3
20000101 20000131    29.8
20000201 20000229    29.6
20000301 20000331    29.6
20000401 20000430    29.4
20000501 20000531    28.8
20000601 20000630    28.4
20000701 20000731    28.4
20000801 20000831    28.0
20000901 20000930    28.6
20001001 20001031    28.4
20001101 20001130    28.6
20001201 20001231    29.1
20010101 20010131    29.3
20010201 20010228    29.0
20010301 20010331    29.5
20010401 20010430    29.0
20010501 20010531    28.8
20010601 20010630    29.0
20010701 20010731    28.7
20010801 20010831    28.5
20010901 20010930    28.1
20011001 20011031    29.0
20011101 20011130    29.2
20011201 20011231    30.1
20020101 20020131    30.0
20020201 20020228    30.5
20020301 20020331    30.5
20020401 20020430    30.7
20020501 20020531    30.2
20020601 20020630    29.3
20020701 20020731    28.6
20020801 20020831    28.7
20020901 20020930    28.5
20021001 20021031    29.2
20021101 20021130    29.7
20021201 20021231    30.0
20030101 20030131    30.3
20030201 20030228    30.4
20030301 20030331    30.3
20030401 20030430    30.2
20030501 20030531    29.9
20030601 20030630    29.4
20030701 20030731    29.0
20030801 20030831    28.1
20030901 20030930    28.3
20031001 20031031    28.7
20031101 20031130    29.2
20031201 20031231    29.9
20040101 20040131    30.9
20040201 20040229    30.6
20040301 20040331    30.2
20040401 20040430    30.5
20040501 20040531    29.5
20040601 20040630    29.0
20040701 20040731    28.1
20040801 20040831    28.0
20040901 20040930    28.0
20041001 20041031    29.1
20041101 20041130    29.5
20041201 20041231    30.0
20050101 20050131    30.9
20050201 20050228    30.5
20050301 20050331    30.8
20050401 20050430    29.7
20050501 20050531    29.8
20050601 20050630    28.1
20050701 20050731    27.8
20050801 20050831    27.7
20050901 20050930    28.4
20051001 20051031    28.6
20051101 20051130    29.0
20051201 20051231    29.6
20060101 20060131    30.3
20060201 20060228    29.9
20060301 20060331    30.3
20060401 20060430    29.7
20060501 20060531    29.1
20060601 20060630    28.2
20060701 20060731    27.9
20060801 20060831    28.2
20060901 20060930    28.4
20061001 20061031    28.6
20061101 20061130    29.4
20061201 20061231    29.7
20070101 20070131    29.8
20070201 20070228    30.6
20070301 20070331    30.2
20070401 20070430    29.5
20070501 20070531    29.4
20070601 20070630    28.7
20070701 20070731    28.4
20070801 20070831    28.7
20070901 20070930    28.6
20071001 20071031    28.9
20071101 20071130    29.0
20071201 20071231    29.6
20080101 20080131    30.7
20080201 20080229    30.3
20080301 20080331    29.8
20080401 20080430    29.6
20080501 20080531    28.9
20080601 20080630    28.5
20080701 20080731    28.3
20080801 20080831    28.2
20080901 20080930    28.3
20081001 20081031    28.7
20081101 20081130    28.9
20081201 20081231    29.1
20090101 20090131    30.4
20090201 20090228    30.8
20090301 20090331    30.2
20090401 20090430    30.0
20090501 20090531    29.2
20090601 20090630    28.8
20090701 20090731    28.7
20090801 20090831    28.5
20090901 20090930    27.8
20091001 20091031    28.6
20091101 20091130    29.7
20091201 20091231    29.8
20100101 20100131    30.1
20100201 20100228    30.1
20100301 20100331    30.5
20100401 20100430    30.4
20100501 20100531    29.3
20100601 20100630    28.9
20100701 20100731    28.3
20100801 20100831    28.8
20100901 20100930    28.8
20101001 20101031    28.7
20101101 20101130    29.4
20101201 20101231    29.8
20110101 20110131    29.7
20110201 20110228    30.0
20110301 20110331    30.2
20110401 20110430    29.6
20110501 20110531    29.1
20110601 20110630    28.9
20110701 20110731    28.1
20110801 20110831    28.4
20110901 20110930    28.3
20111001 20111031    28.9
20111101 20111130    29.7
20111201 20111231    29.7
20120101 20120131    30.2
20120201 20120229    30.3
20120301 20120331    30.2
20120401 20120430    30.1
20120501 20120531    29.8
20120601 20120630    29.0
20120701 20120731    28.7
20120801 20120831    28.4
20120901 20120930    28.3
20121001 20121031    28.9
20121101 20121130    29.5
20121201 20121231    29.3
20130101 20130131    30.4
20130201 20130228    30.4
20130301 20130331    30.1
20130401 20130430    30.5
20130501 20130531    29.6
20130601 20130630    28.5
20130701 20130731    27.7
20130801 20130831    28.1
20130901 20130930    28.2
20131001 20131031    28.9
20131101 20131130    29.9
20131201 20131231    29.6
20140101 20140131    29.9
20140201 20140228    31.0
20140301 20140331    30.8
20140401 20140430    30.9
20140501 20140531    29.9
20140601 20140630    29.3
20140701 20140731    28.1
20140801 20140831    28.4
20140901 20140930    28.7
20141001 20141031    28.7
20141101 20141130    28.9
20141201 20141231    29.8
20150101 20150131    30.3
20150201 20150228    30.6
20150301 20150331    30.7
20150401 20150430    30.8
20150501 20150531    29.6
20150601 20150630    29.0
20150701 20150731    28.6
20150801 20150831    28.1
20150901 20150930    28.6
20151001 20151031    29.4
20151101 20151130    29.8
20151201 20151231    30.3
20160101 20160131    31.0
20160201 20160229    30.6
20160301 20160331    30.8
20160401 20160430    30.8
20160501 20160531    29.6
20160601 20160630    29.4
20160701 20160731    28.5
20160801 20160831    28.1
20160901 20160930    28.4
20161001 20161031    29.3
20161101 20161130    29.2
20161201 20161231    29.3
20170101 20170131    30.1
20170201 20170228    30.7
20170301 20170331    29.9
20170401 20170430    29.6
20170501 20170531    29.5
20170601 20170630    28.4
20170701 20170731    27.9
20170801 20170831    27.8
20170901 20170930    28.4
20171001 20171031    28.3
20171101 20171130    29.3
20171201 20171231    29.5
20180101 20180131    29.6
20180201 20180228    30.3
20180301 20180331    30.1
20180401 20180430    29.9
20180501 20180531    29.8
20180601 20180630    29.4
20180701 20180731    28.6
20180801 20180831    27.5
20180901 20180930    27.9
20181001 20181031    29.1
20181101 20181130    29.1
20181201 20181231    28.9
20190101 20190131    30.5
20190201 20190228    30.6
20190301 20190331    30.6
20190401 20190430    30.3
20190501 20190531    30.0
20190601 20190630    29.2
20190701 20190731    28.4
20190801 20190831    27.4
20190901 20190930    28.3
20191001 20191031    28.7
20191101 20191130    29.1
20191201 20191231    30.5
20200101 20200131    30.9
20200201 20200229    30.5
20200301 20200331    30.6
20200401 20200430    31.5
20200501 20200531    29.5
20200601 20200630    28.7
20200701 20200731    28.6
20200801 20200831    28.7
20200901 20200930    28.9
20201001 20201031    28.8
20201101 20201130    29.3
20201201 20201231    29.2
