MIN TEMP       200839 19400101 20201231 missing_value=99999.9 LORD HOWE ISL. AERO                       
19400101 19400131    20.1
19400201 19400229    20.5
19400301 19400331    20.1
19400401 19400430    17.9
19400501 19400531    16.0
19400601 19400630    14.9
19400701 19400731    13.2
19400801 19400831    13.7
19400901 19400930    14.9
19401001 19401031    15.3
19401101 19401130    17.1
19401201 19401231    19.2
19410101 19410131    20.4
19410201 19410228    20.2
19410301 19410331    19.2
19410401 19410430    16.7
19410501 19410531    15.6
19410601 19410630    14.6
19410701 19410731    14.3
19410801 19410831    12.9
19410901 19410930    15.3
19411001 19411031    15.2
19411101 19411130    16.9
19411201 19411231    19.2
19420101 19420131    20.1
19420201 19420228    19.3
19420301 19420331    20.3
19420401 19420430    18.3
19420501 19420531    17.1
19420601 19420630    15.5
19420701 19420731    14.7
19420801 19420831    14.7
19420901 19420930    15.3
19421001 19421031    16.6
19421101 19421130    17.4
19421201 19421231    18.7
19430101 19430131    20.7
19430201 19430228    20.8
19430301 19430331    19.1
19430401 19430430    18.2
19430501 19430531    15.9
19430601 19430630    14.4
19430701 19430731    13.7
19430801 19430831    12.5
19430901 19430930    13.8
19431001 19431031    14.9
19431101 19431130    16.4
19431201 19431231    19.0
19440101 19440131    19.9
19440201 19440229    20.0
19440301 19440331    17.6
19440401 19440430    17.5
19440501 19440531    15.5
19440601 19440630    13.3
19440701 19440731    13.8
19440801 19440831    13.1
19440901 19440930    13.6
19441001 19441031    15.4
19441101 19441130    17.5
19441201 19441231    18.6
19450101 19450131    19.5
19450201 19450228    19.2
19450301 19450331    18.4
19450401 19450430    17.4
19450501 19450531    14.4
19450601 19450630    15.2
19450701 19450731    13.3
19450801 19450831    12.9
19450901 19450930    12.9
19451001 19451031    15.1
19451101 19451130    17.8
19451201 19451231    17.7
19460101 19460131    20.9
19460201 19460228    21.4
19460301 19460331    19.8
19460401 19460430    17.3
19460501 19460531    14.6
19460601 19460630    14.0
19460701 19460731    13.9
19460801 19460831    13.3
19460901 19460930    13.5
19461001 19461031    14.3
19461101 19461130    17.2
19461201 19461231    18.3
19470101 19470131    19.2
19470201 19470228    19.7
19470301 19470331    19.8
19470401 19470430    17.6
19470501 19470531    15.3
19470601 19470630    15.4
19470701 19470731    13.2
19470801 19470831    13.3
19470901 19470930    13.9
19471001 19471031    14.3
19471101 19471130    16.4
19471201 19471231    18.2
19480101 19480131    18.6
19480201 19480229    19.0
19480301 19480331    18.9
19480401 19480430    17.0
19480501 19480531    16.2
19480601 19480630    14.0
19480701 19480731    13.0
19480801 19480831    13.0
19480901 19480930    14.8
19481001 19481031    15.3
19481101 19481130    16.1
19481201 19481231    18.6
19490101 19490131    19.0
19490201 19490228    20.1
19490301 19490331    19.8
19490401 19490430    16.2
19490501 19490531    15.1
19490601 19490630    13.6
19490701 19490731    13.8
19490801 19490831    12.4
19490901 19490930    13.5
19491001 19491031    16.9
19491101 19491130    16.8
19491201 19491231    17.6
19500101 19500131    19.3
19500201 19500228    20.6
19500301 19500331    20.2
19500401 19500430    17.9
19500501 19500531    16.5
19500601 19500630    14.8
19500701 19500731    14.7
19500801 19500831    13.2
19500901 19500930    14.0
19501001 19501031    15.8
19501101 19501130    16.4
19501201 19501231    18.0
19510101 19510131    18.8
19510201 19510228    18.8
19510301 19510331    19.1
19510401 19510430    16.6
19510501 19510531    14.9
19510601 19510630    13.5
19510701 19510731    12.7
19510801 19510831    12.6
19510901 19510930    13.8
19511001 19511031    14.6
19511101 19511130    15.6
19511201 19511231    17.6
19520101 19520131    19.4
19520201 19520229    19.2
19520301 19520331    18.4
19520401 19520430    18.5
19520501 19520531    16.7
19520601 19520630    15.1
19520701 19520731    13.6
19520801 19520831    13.3
19520901 19520930    13.5
19521001 19521031    16.0
19521101 19521130    16.6
19521201 19521231    18.0
19530101 19530131    18.9
19530201 19530228    19.5
19530301 19530331    18.8
19530401 19530430    17.5
19530501 19530531    16.4
19530601 19530630    13.8
19530701 19530731    13.3
19530801 19530831    13.1
19530901 19530930    14.4
19531001 19531031    15.2
19531101 19531130    17.7
19531201 19531231    19.1
19540101 19540131    20.0
19540201 19540228    21.4
19540301 19540331    18.7
19540401 19540430    17.9
19540501 19540531    16.7
19540601 19540630    15.0
19540701 19540731    13.8
19540801 19540831    13.4
19540901 19540930    13.8
19541001 19541031    15.2
19541101 19541130    17.6
19541201 19541231    18.1
19550101 19550131    20.5
19550201 19550228    21.5
19550301 19550331    20.9
19550401 19550430    19.2
19550501 19550531    16.5
19550601 19550630    14.1
19550701 19550731    12.9
19550801 19550831    12.7
19550901 19550930    14.0
19551001 19551031    15.6
19551101 19551130    16.7
19551201 19551231    18.2
19560101 19560131    20.4
19560201 19560229    20.7
19560301 19560331    20.7
19560401 19560430    18.9
19560501 19560531    16.3
19560601 19560630    14.7
19560701 19560731    12.7
19560801 19560831    12.2
19560901 19560930    13.2
19561001 19561031    14.2
19561101 19561130    15.0
19561201 19561231    19.0
19570101 19570131    19.4
19570201 19570228    20.6
19570301 19570331    18.1
19570401 19570430    17.6
19570501 19570531    15.4
19570601 19570630    14.5
19570701 19570731    12.6
19570801 19570831    13.1
19570901 19570930    13.3
19571001 19571031    15.1
19571101 19571130    17.2
19571201 19571231    19.2
19580101 19580131    18.9
19580201 19580228    20.6
19580301 19580331    20.8
19580401 19580430    18.5
19580501 19580531    17.8
19580601 19580630    15.1
19580701 19580731    13.4
19580801 19580831    13.6
19580901 19580930    13.1
19581001 19581031    15.1
19581101 19581130    17.0
19581201 19581231    18.2
19590101 19590131    20.7
19590201 19590228    20.2
19590301 19590331    19.6
19590401 19590430    17.4
19590501 19590531    14.5
19590601 19590630    14.1
19590701 19590731    13.7
19590801 19590831    13.3
19590901 19590930    14.2
19591001 19591031    14.2
19591101 19591130    17.4
19591201 19591231    19.1
19600101 19600131    20.8
19600201 19600229    20.2
19600301 19600331    18.4
19600401 19600430    18.2
19600501 19600531    15.7
19600601 19600630    13.2
19600701 19600731    13.0
19600801 19600831    12.8
19600901 19600930    14.0
19601001 19601031    15.5
19601101 19601130    15.7
19601201 19601231    16.9
19610101 19610131    18.9
19610201 19610228    19.4
19610301 19610331    18.9
19610401 19610430    17.6
19610501 19610531    15.1
19610601 19610630    14.4
19610701 19610731    12.5
19610801 19610831    12.6
19610901 19610930    13.3
19611001 19611031    16.0
19611101 19611130    17.7
19611201 19611231    19.5
19620101 19620131    21.0
19620201 19620228    20.7
19620301 19620331    19.1
19620401 19620430    17.6
19620501 19620531    16.3
19620601 19620630    15.1
19620701 19620731    13.9
19620801 19620831    13.1
19620901 19620930    14.3
19621001 19621031    14.4
19621101 19621130    16.3
19621201 19621231    17.9
19630101 19630131    19.8
19630201 19630228    20.5
19630301 19630331    20.7
19630401 19630430    17.5
19630501 19630531    17.0
19630601 19630630    14.3
19630701 19630731    12.9
19630801 19630831    13.6
19630901 19630930    13.6
19631001 19631031    15.7
19631101 19631130    16.1
19631201 19631231    18.2
19640101 19640131    20.6
19640201 19640229    20.6
19640301 19640331    19.7
19640401 19640430    18.7
19640501 19640531    16.3
19640601 19640630    15.1
19640701 19640731    13.5
19640801 19640831    13.0
19640901 19640930    14.4
19641001 19641031    14.8
19641101 19641130    16.5
19641201 19641231    18.0
19650101 19650131    18.7
19650201 19650228    19.2
19650301 19650331    19.2
19650401 19650430    18.2
19650501 19650531    16.0
19650601 19650630    14.5
19650701 19650731    12.8
19650801 19650831    13.6
19650901 19650930    16.1
19651001 19651031    16.1
19651101 19651130    16.5
19651201 19651231    19.1
19660101 19660131    19.2
19660201 19660228    20.5
19660301 19660331    19.8
19660401 19660430    18.2
19660501 19660531    15.3
19660601 19660630    14.5
19660701 19660731    13.2
19660801 19660831    13.5
19660901 19660930    14.0
19661001 19661031    15.3
19661101 19661130    17.0
19661201 19661231    18.4
19670101 19670131    19.7
19670201 19670228    20.2
19670301 19670331    19.1
19670401 19670430    17.9
19670501 19670531    16.4
19670601 19670630    16.0
19670701 19670731    14.0
19670801 19670831    13.6
19670901 19670930    13.4
19671001 19671031    17.1
19671101 19671130    16.4
19671201 19671231    17.3
19680101 19680131    19.6
19680201 19680229    20.7
19680301 19680331    21.1
19680401 19680430    19.1
19680501 19680531    16.0
19680601 19680630    13.3
19680701 19680731    12.7
19680801 19680831    13.1
19680901 19680930    13.5
19681001 19681031    16.1
19681101 19681130    17.8
19681201 19681231    17.9
19690101 19690131    20.4
19690201 19690228    19.9
19690301 19690331    19.7
19690401 19690430    18.9
19690501 19690531    17.2
19690601 19690630    14.6
19690701 19690731    14.0
19690801 19690831    14.7
19690901 19690930    13.1
19691001 19691031    15.7
19691101 19691130    18.0
19691201 19691231    19.4
19700101 19700131    21.3
19700201 19700228    21.0
19700301 19700331    20.2
19700401 19700430    18.6
19700501 19700531    15.3
19700601 19700630    14.8
19700701 19700731    14.1
19700801 19700831    13.8
19700901 19700930    14.0
19701001 19701031    16.5
19701101 19701130    17.4
19701201 19701231    20.8
19710101 19710131    21.7
19710201 19710228    22.1
19710301 19710331    20.0
19710401 19710430    18.6
19710501 19710531    16.4
19710601 19710630    14.7
19710701 19710731    13.6
19710801 19710831    14.2
19710901 19710930    14.5
19711001 19711031    15.6
19711101 19711130    15.9
19711201 19711231    18.9
19720101 19720131    20.0
19720201 19720229    20.3
19720301 19720331    19.4
19720401 19720430    17.8
19720501 19720531    16.0
19720601 19720630    14.6
19720701 19720731    13.3
19720801 19720831    13.3
19720901 19720930    15.4
19721001 19721031    16.7
19721101 19721130    17.5
19721201 19721231    18.7
19730101 19730131    21.6
19730201 19730228    22.1
19730301 19730331    20.9
19730401 19730430    19.3
19730501 19730531    17.8
19730601 19730630    15.2
19730701 19730731    14.8
19730801 19730831    14.4
19730901 19730930    15.2
19731001 19731031    17.0
19731101 19731130    18.5
19731201 19731231    20.0
19740101 19740131    21.1
19740201 19740228    21.5
19740301 19740331    20.2
19740401 19740430    18.5
19740501 19740531    16.3
19740601 19740630    14.8
19740701 19740731    13.7
19740801 19740831    12.6
19740901 19740930    13.7
19741001 19741031    14.9
19741101 19741130    16.8
19741201 19741231    18.3
19750101 19750131    19.9
19750201 19750228    20.6
19750301 19750331    20.7
19750401 19750430    18.3
19750501 19750531    17.1
19750601 19750630    14.5
19750701 19750731    14.3
19750801 19750831    14.1
19750901 19750930    15.3
19751001 19751031    15.5
19751101 19751130    17.9
19751201 19751231    20.3
19760101 19760131    20.3
19760201 19760229    20.3
19760301 19760331    20.8
19760401 19760430    18.2
19760501 19760531    16.4
19760601 19760630    15.4
19760701 19760731    14.1
19760801 19760831    13.2
19760901 19760930    13.1
19761001 19761031    14.6
19761101 19761130    16.5
19761201 19761231    19.2
19770101 19770131    19.0
19770201 19770228    20.9
19770301 19770331    21.1
19770401 19770430    18.4
19770501 19770531    17.0
19770601 19770630    14.1
19770701 19770731    13.2
19770801 19770831    13.9
19770901 19770930    13.6
19771001 19771031    16.5
19771101 19771130    17.9
19771201 19771231    18.8
19780101 19780131    20.9
19780201 19780228    21.6
19780301 19780331    20.9
19780401 19780430    19.0
19780501 19780531    17.1
19780601 19780630    15.1
19780701 19780731    14.2
19780801 19780831    13.9
19780901 19780930    15.0
19781001 19781031    15.3
19781101 19781130    17.7
19781201 19781231    19.2
19790101 19790131    21.2
19790201 19790228    21.0
19790301 19790331    20.3
19790401 19790430    18.9
19790501 19790531    16.2
19790601 19790630    15.9
19790701 19790731    13.9
19790801 19790831    13.3
19790901 19790930    14.5
19791001 19791031    15.4
19791101 19791130    18.6
19791201 19791231    20.4
19800101 19800131    21.3
19800201 19800229    20.9
19800301 19800331    20.1
19800401 19800430    18.0
19800501 19800531    17.7
19800601 19800630    15.0
19800701 19800731    13.5
19800801 19800831    14.3
19800901 19800930    14.8
19801001 19801031    16.4
19801101 19801130    17.1
19801201 19801231    19.1
19810101 19810131    21.1
19810201 19810228    22.8
19810301 19810331    20.7
19810401 19810430    18.6
19810501 19810531    16.1
19810601 19810630    14.7
19810701 19810731    13.5
19810801 19810831    13.3
19810901 19810930    14.9
19811001 19811031    16.1
19811101 19811130    16.5
19811201 19811231    20.5
19820101 19820131    21.1
19820201 19820228    21.0
19820301 19820331    21.1
19820401 19820430    18.3
19820501 19820531    17.0
19820601 19820630    14.4
19820701 19820731    13.4
19820801 19820831    14.2
19820901 19820930    14.7
19821001 19821031    15.2
19821101 19821130    17.4
19821201 19821231    19.3
19830101 19830131    20.5
19830201 19830228    21.2
19830301 19830331    20.8
19830401 19830430    18.9
19830501 19830531    17.5
19830601 19830630    14.7
19830701 19830731    13.5
19830801 19830831    14.0
19830901 19830930    15.6
19831001 19831031    16.2
19831101 19831130    17.2
19831201 19831231    18.1
19840101 19840131    19.3
19840201 19840229    19.9
19840301 19840331    18.6
19840401 19840430    18.1
19840501 19840531    16.7
19840601 19840630    15.7
19840701 19840731    14.2
19840801 19840831    14.0
19840901 19840930    13.8
19841001 19841031    15.7
19841101 19841130    17.9
19841201 19841231    18.5
19850101 19850131    19.9
19850201 19850228    19.8
19850301 19850331    20.2
19850401 19850430    18.6
19850501 19850531    16.3
19850601 19850630    14.4
19850701 19850731    14.1
19850801 19850831    13.5
19850901 19850930    14.6
19851001 19851031    16.0
19851101 19851130    16.7
19851201 19851231    19.2
19860101 19860131    20.6
19860201 19860228    21.1
19860301 19860331    19.7
19860401 19860430    19.2
19860501 19860531    17.6
19860601 19860630    14.8
19860701 19860731    14.0
19860801 19860831    13.7
19860901 19860930    14.9
19861001 19861031    16.5
19861101 19861130    17.3
19861201 19861231    18.1
19870101 19870131    20.8
19870201 19870228    20.6
19870301 19870331    18.9
19870401 19870430    17.9
19870501 19870531    17.7
19870601 19870630    15.8
19870701 19870731    14.1
19870801 19870831    15.1
19870901 19870930    14.9
19871001 19871031    15.9
19871101 19871130    16.5
19871201 19871231    19.2
19880101 19880131    20.8
19880201 19880229    20.0
19880301 19880331    19.3
19880401 19880430    19.0
19880501 19880531    17.3
19880601 19880630    16.0
19880701 19880731    14.8
19880801 19880831    14.9
19880901 19880930    16.0
19881001 19881031    17.5
19881101 19881130    18.9
19881201 19881231    20.0
19890101 19890131    19.5
19890201 19890228    20.1
19890301 19890331    20.3
19890401 19890430    18.8
19890501 19890531    17.0
19890601 19890630    14.8
19890701 19890731    13.7
19890801 19890831    13.0
19890901 19890930    14.3
19891001 19891031    16.0
19891101 19891130    16.9
19891201 19891231    18.5
19900101 19900131    19.7
19900201 19900228    21.1
19900301 19900331    20.2
19900401 19900430    19.6
19900501 19900531    17.0
19900601 19900630    15.0
19900701 19900731    14.4
19900801 19900831    13.2
19900901 19900930    13.6
19901001 19901031    15.2
19901101 19901130    16.9
19901201 19901231    20.9
19910101 19910131    21.1
19910201 19910228    21.3
19910301 19910331    20.6
19910401 19910430    17.1
19910501 19910531    16.4
19910601 19910630    15.0
19910701 19910731    13.6
19910801 19910831    13.4
19910901 19910930    14.0
19911001 19911031    15.4
19911101 19911130    16.4
19911201 19911231    18.5
19920101 19920131    20.2
19920201 19920229    21.2
19920301 19920331    20.2
19920401 19920430    18.5
19920501 19920531    16.2
19920601 19920630    13.9
19920701 19920731    13.6
19920801 19920831    13.0
19920901 19920930    13.6
19921001 19921031    14.4
19921101 19921130    16.6
19921201 19921231    18.4
19930101 19930131    21.4
19930201 19930228    21.0
19930301 19930331    19.6
19930401 19930430    17.0
19930501 19930531    15.8
19930601 19930630    15.0
19930701 19930731    15.9
19930801 19930831    14.5
19930901 19930930    14.4
19931001 19931031    15.8
19931101 19931130    15.9
19931201 19931231    18.4
19940101 19940131    21.9
19940201 19940228    20.8
19940301 19940331    19.1
19940401 19940430    17.0
19940501 19940531    16.4
19940601 19940630    14.8
19940701 19940731    13.1
19940801 19940831    12.4
19940901 19940930    13.4
19941001 19941031    14.6
19941101 19941130    18.1
19941201 19941231    19.4
19950101 19950131    20.6
19950201 19950228    20.5
19950301 19950331    19.3
19950401 19950430    17.4
19950501 19950531    17.1
19950601 19950630    13.9
19950701 19950731    13.5
19950801 19950831    14.3
19950901 19950930    14.9
19951001 19951031    16.0
19951101 19951130    18.2
19951201 19951231    18.5
19960101 19960131    21.4
19960201 19960229    20.7
19960301 19960331    18.9
19960401 19960430    18.3
19960501 19960531    16.3
19960601 19960630    15.0
19960701 19960731    13.8
19960801 19960831    14.0
19960901 19960930    15.7
19961001 19961031    16.3
19961101 19961130    17.5
19961201 19961231    18.4
19970101 19970131    19.1
19970201 19970228    20.6
19970301 19970331    19.0
19970401 19970430    16.9
19970501 19970531    16.8
19970601 19970630    13.9
19970701 19970731    13.4
19970801 19970831    13.1
19970901 19970930    15.0
19971001 19971031    15.4
19971101 19971130    17.9
19971201 19971231    21.1
19980101 19980131    21.5
19980201 19980228    22.7
19980301 19980331    20.6
19980401 19980430    19.2
19980501 19980531    17.6
19980601 19980630    16.5
19980701 19980731    15.2
19980801 19980831    14.3
19980901 19980930    15.1
19981001 19981031    16.5
19981101 19981130    17.1
19981201 19981231    18.5
19990101 19990131    21.2
19990201 19990228    21.1
19990301 19990331    20.1
19990401 19990430    17.5
19990501 19990531    17.3
19990601 19990630    14.9
19990701 19990731    13.9
19990801 19990831    13.5
19990901 19990930    14.8
19991001 19991031    16.2
19991101 19991130    15.9
19991201 19991231    17.7
20000101 20000131    19.1
20000201 20000229    20.2
20000301 20000331    20.4
20000401 20000430    17.8
20000501 20000531    17.0
20000601 20000630    14.1
20000701 20000731    14.5
20000801 20000831    13.1
20000901 20000930    15.8
20001001 20001031    16.5
20001101 20001130    16.5
20001201 20001231    19.1
20010101 20010131    20.3
20010201 20010228    20.3
20010301 20010331    20.7
20010401 20010430    17.9
20010501 20010531    15.5
20010601 20010630    14.4
20010701 20010731    13.6
20010801 20010831    13.2
20010901 20010930    14.8
20011001 20011031    15.9
20011101 20011130    17.0
20011201 20011231    18.9
20020101 20020131    19.9
20020201 20020228    20.7
20020301 20020331    19.3
20020401 20020430    18.0
20020501 20020531    15.7
20020601 20020630    14.4
20020701 20020731    13.7
20020801 20020831    13.7
20020901 20020930    15.4
20021001 20021031    15.5
20021101 20021130    17.1
20021201 20021231    18.9
20030101 20030131    19.8
20030201 20030228    20.6
20030301 20030331    19.7
20030401 20030430    17.1
20030501 20030531    16.6
20030601 20030630    16.4
20030701 20030731    13.0
20030801 20030831    13.3
20030901 20030930    14.3
20031001 20031031    14.9
20031101 20031130    16.7
20031201 20031231    19.8
20040101 20040131    21.6
20040201 20040229    21.3
20040301 20040331    20.6
20040401 20040430    18.2
20040501 20040531    17.1
20040601 20040630    15.0
20040701 20040731    13.9
20040801 20040831    13.1
20040901 20040930    13.9
20041001 20041031    16.4
20041101 20041130    18.3
20041201 20041231    18.9
20050101 20050131    21.0
20050201 20050228    20.9
20050301 20050331    19.1
20050401 20050430    18.6
20050501 20050531    16.5
20050601 20050630    15.3
20050701 20050731    14.5
20050801 20050831    13.8
20050901 20050930    14.7
20051001 20051031    16.8
20051101 20051130    17.6
20051201 20051231    20.2
20060101 20060131    21.6
20060201 20060228    21.4
20060301 20060331    19.6
20060401 20060430    17.8
20060501 20060531    15.1
20060601 20060630    14.1
20060701 20060731    14.5
20060801 20060831    13.0
20060901 20060930    15.0
20061001 20061031    15.4
20061101 20061130    17.3
20061201 20061231    17.3
20070101 20070131    19.8
20070201 20070228    20.9
20070301 20070331    19.9
20070401 20070430    17.6
20070501 20070531    16.9
20070601 20070630    15.2
20070701 20070731    13.1
20070801 20070831    14.7
20070901 20070930    14.4
20071001 20071031    16.4
20071101 20071130    17.9
20071201 20071231    19.4
20080101 20080131    21.4
20080201 20080229    20.7
20080301 20080331    19.6
20080401 20080430    18.0
20080501 20080531    15.5
20080601 20080630    15.5
20080701 20080731    14.2
20080801 20080831    12.2
20080901 20080930    15.2
20081001 20081031    15.3
20081101 20081130    17.6
20081201 20081231    18.8
20090101 20090131    20.3
20090201 20090228    21.4
20090301 20090331    20.5
20090401 20090430    19.6
20090501 20090531    15.4
20090601 20090630    14.8
20090701 20090731    13.3
20090801 20090831    13.8
20090901 20090930    14.7
20091001 20091031    15.1
20091101 20091130    18.9
20091201 20091231    20.7
20100101 20100131    21.2
20100201 20100228    22.1
20100301 20100331    20.6
20100401 20100430    19.0
20100501 20100531    16.5
20100601 20100630    13.7
20100701 20100731    13.4
20100801 20100831    13.8
20100901 20100930    15.2
20101001 20101031    15.4
20101101 20101130    18.0
20101201 20101231    20.6
20110101 20110131    21.2
20110201 20110228    22.0
20110301 20110331    20.8
20110401 20110430    18.3
20110501 20110531    15.8
20110601 20110630    14.8
20110701 20110731    13.8
20110801 20110831    13.2
20110901 20110930    14.1
20111001 20111031    15.6
20111101 20111130    18.7
20111201 20111231    18.7
20120101 20120131    19.1
20120201 20120229    20.9
20120301 20120331    20.2
20120401 20120430    18.9
20120501 20120531    14.8
20120601 20120630    14.7
20120701 20120731    14.1
20120801 20120831    13.5
20120901 20120930    13.8
20121001 20121031    14.6
20121101 20121130    16.8
20121201 20121231    19.6
20130101 20130131    21.4
20130201 20130228    20.1
20130301 20130331    20.2
20130401 20130430    16.8
20130501 20130531    15.9
20130601 20130630    15.3
20130701 20130731    14.1
20130801 20130831    14.0
20130901 20130930    14.7
20131001 20131031    15.4
20131101 20131130    17.6
20131201 20131231    18.0
20140101 20140131    19.8
20140201 20140228    20.1
20140301 20140331    19.9
20140401 20140430    18.5
20140501 20140531    15.6
20140601 20140630    15.7
20140701 20140731    13.4
20140801 20140831    14.2
20140901 20140930    14.3
20141001 20141031    15.7
20141101 20141130    18.3
20141201 20141231    20.1
20150101 20150131    21.9
20150201 20150228    21.1
20150301 20150331    20.4
20150401 20150430    19.2
20150501 20150531    17.1
20150601 20150630    15.2
20150701 20150731    13.7
20150801 20150831    14.0
20150901 20150930    13.7
20151001 20151031    16.4
20151101 20151130    18.1
20151201 20151231    19.3
20160101 20160131    19.7
20160201 20160229    21.8
20160301 20160331    21.2
20160401 20160430    19.3
20160501 20160531    18.1
20160601 20160630    14.8
20160701 20160731    15.4
20160801 20160831    13.7
20160901 20160930    16.2
20161001 20161031    15.5
20161101 20161130    17.1
20161201 20161231    20.3
20170101 20170131    22.2
20170201 20170228    22.1
20170301 20170331    20.8
20170401 20170430    18.1
20170501 20170531    16.0
20170601 20170630    15.1
20170701 20170731    13.3
20170801 20170831    13.7
20170901 20170930    15.2
20171001 20171031    17.3
20171101 20171130    17.3
20171201 20171231    20.6
20180101 20180131    21.2
20180201 20180228    20.6
20180301 20180331    20.7
20180401 20180430    19.2
20180501 20180531    16.2
20180601 20180630    14.1
20180701 20180731    13.3
20180801 20180831    12.8
20180901 20180930    14.5
20181001 20181031    16.4
20181101 20181130    17.9
20181201 20181231    19.5
20190101 20190131    22.2
20190201 20190228    22.0
20190301 20190331    21.7
20190401 20190430    18.5
20190501 20190531    16.0
20190601 20190630    14.6
20190701 20190731    14.2
20190801 20190831    13.8
20190901 20190930    15.4
20191001 20191031    14.4
20191101 20191130    17.0
20191201 20191231    19.4
20200101 20200131    21.9
20200201 20200229    22.1
20200301 20200331    19.3
20200401 20200430    18.0
20200501 20200531    16.8
20200601 20200630    14.5
20200701 20200731    14.7
20200801 20200831    13.7
20200901 20200930    14.8
20201001 20201031    16.9
20201101 20201130    17.6
20201201 20201231    20.1
