HOT_surface_CO2.txt																					
Hawaii Ocean Time-series surface CO2 system data product																					
Created 5 October 2009 by J.E. Dore																					
Last updated 11 December 2023 by J.E. Dore																					
"See HOT_surface_CO2_readme.pdf for explanatory material, metadata, and notes (https://hahana.soest.hawaii.edu/hot/hotco2/hotco2.html)"																					
"When using this data product please cite as adapted from: Dore, J.E., R. Lukas, D.W. Sadler, M.J. Church, and D.M. Karl.  2009.  Physical and biogeochemical modulation of ocean acidification in the central North Pacific.  Proc Natl Acad Sci USA 106:12235-12240."																					
Please direct questions or comments regarding this data product to John Dore: jdore@montana.edu																					
																					
cruise	days	date	temp	sal	phos	sil	DIC	TA	nDIC	nTA	pHmeas_25C	pHmeas_insitu	pHcalc_25C	pHcalc_insitu	pCO2calc_insitu	pCO2calc_20C	aragsatcalc_insitu	calcsatcalc_insitu	freeCO2_insitu	carbonate_insitu	notes
1	30	31-Oct-88	26.283	35.186	0.08	0.71	1963.91	2319.5	1953.5	2307.2	-999	-999	8.1292	8.1097	330.9	256.3	3.98	6.02	9.06	250.2	abc
2	62	2-Dec-88	25.659	34.984	0.09	0.99	1958.94	2304.9	1959.8	2306	-999	-999	8.1193	8.1092	330.6	262.6	3.87	5.86	9.2	243.5	bc
3	99	8-Jan-89	24.61	35.028	0.07	0.93	1963.77	2305	1962.2	2303.2	-999	-999	8.1113	8.1168	324.3	268.7	3.8	5.77	9.27	240.1	c
4	148	26-Feb-89	23.479	34.883	0.09	0.88	1957.8	2295.5	1964.4	2303.2	-999	-999	8.1091	8.1316	310.9	269.7	3.74	5.69	9.15	237.2	cd
5	177	27-Mar-89	24.278	34.735	0.12	2.01	1946.33	2283	1961.2	2300.4	-999	-999	8.1113	8.1218	317.7	266.8	3.74	5.69	9.17	236.4	ac
6	229	18-May-89	23.87	35.019	0.09	1.42	1972.9	2306.7	1971.8	2305.4	-999	-999	8.0993	8.1158	326.2	278.6	3.71	5.64	9.5	235.1	bc
7	266	24-Jun-89	25.755	34.6	0.14	0.92	1939	2275	1961.4	2301.3	-999	-999	8.1134	8.1018	334.3	264.6	3.77	5.71	9.3	236.3	ac
8	301	29-Jul-89	25.358	34.949	0.1	1.49	1965.65	2301.8	1968.5	2305.2	-999	-999	8.1047	8.0991	340.4	273.8	3.76	5.7	9.55	236.9	bc
9	327	24-Aug-89	26.202	34.675	0.11	1.75	1949	2285.4	1967.3	2306.8	-999	-999	8.1113	8.093	343.8	267.3	3.79	5.72	9.46	237	bc
10	356	22-Sep-89	26.33	34.775	0.07	0.9	1944.9	2287.1	1957.5	2301.9	-999	-999	8.1191	8.099	337.8	261.2	3.85	5.81	9.26	240.8	bc
11	382	18-Oct-89	26.136	34.892	0.06	1.15	1953.05	2286	1959.1	2293.1	-999	-999	8.103	8.0858	350.5	273.3	3.74	5.65	9.65	234.6	c
12	422	27-Nov-89	25.142	35.013	0.08	1.14	1960.2	2301.8	1959.5	2300.9	-999	-999	8.1126	8.1101	329.7	267.4	3.81	5.78	9.3	240.3	bc
13	461	5-Jan-90	23.982	35.1	0.07	1.38	1965.9	2313	1960.3	2306.4	-999	-999	8.1183	8.1332	310.8	264.1	3.84	5.85	9.02	243.9	cef
14	502	15-Feb-90	23.874	34.85	0.11	0.75	1951.47	2286.3	1959.9	2296.1	-999	-999	8.1064	8.1229	317.2	270.7	3.71	5.65	9.24	235.1	bc
15	534	19-Mar-90	23.237	34.842	0.13	1.29	1965.55	2303	1974.5	2313.4	-999	-999	8.1079	8.134	310.1	271.7	3.73	5.7	9.19	237.3	c
16	559	13-Apr-90	23.435	34.95	0.11	1.08	1973.17	2306.8	1976	2310.1	-999	-999	8.0998	8.1229	320.2	278.3	3.7	5.63	9.44	234.9	bc
17	585	9-May-90	23.835	34.979	0.09	1	1964.9	2297.6	1966.1	2299	-999	-999	8.0996	8.1167	324.3	277.3	3.69	5.62	9.45	234	bc
18	620	13-Jun-90	24.667	35.035	0.09	0.89	1962.93	2309.3	1961	2307	-999	-999	8.1186	8.1232	318.9	263.6	3.85	5.85	9.1	243.6	c
19	662	25-Jul-90	25.601	34.91	0.11	0.83	1948.73	2291.7	1953.8	2297.6	-999	-999	8.1177	8.1084	329.7	262.5	3.83	5.8	9.19	241	c
20	713	14-Sep-90	26.399	34.998	0.07	1.04	1966.54	2304.2	1966.7	2304.3	-999	-999	8.1061	8.085	353.6	272.8	3.8	5.74	9.67	238.3	abcghij
21	779	19-Nov-90	-999	-999	-999	-999	-999	-999	-999	-999	-999	-999	-999	-999	-999	-999	-999	-999	-999	-999	k
22	808	18-Dec-90	23.923	35.23	0.06	1.22	1979.3	2320	1966.4	2304.9	-999	-999	8.1054	8.1212	322.4	274.7	3.78	5.74	9.37	239.8	c
23	855	3-Feb-91	23.302	35.117	0.08	0.76	1971.93	2307.3	1965.4	2299.6	-999	-999	8.1006	8.1256	317.4	277.4	3.71	5.65	9.38	235.8	c
24	887	7-Mar-91	23.087	35.11	0.08	1.44	1979.25	2313.7	1973	2306.4	-999	-999	8.098	8.1263	318	280.2	3.7	5.64	9.45	235.4	c
25	921	10-Apr-91	23.433	34.935	0.09	1.31	1967.15	2300	1970.8	2304.3	-999	-999	8.1	8.1231	319.2	277.4	3.69	5.62	9.41	234.1	c
26	949	8-May-91	23.985	34.916	0.1	1.38	1965.53	2297.8	1970.3	2303.3	-999	-999	8.0995	8.1144	326.5	277.5	3.69	5.62	9.49	233.8	c
27	977	5-Jun-91	24.605	34.966	0.08	1.06	1966.15	2305	1968.1	2307.2	-999	-999	8.1083	8.1139	327.3	271.3	3.77	5.73	9.36	238.6	c
28	1012	10-Jul-91	25.496	34.856	0.12	1.47	1955.3	2300	1963.4	2309.5	-999	-999	8.1197	8.112	327.8	262.1	3.86	5.84	9.17	242.6	c
29	1043	10-Aug-91	25.957	34.918	0.06	1.14	1960.1	2301.7	1964.7	2307.1	-999	-999	8.1138	8.0992	339.7	266.7	3.83	5.8	9.39	240.7	c
30	1082	18-Sep-91	26.341	35.025	0.06	1.36	1962.15	2305.5	1960.7	2303.9	-999	-999	8.1146	8.0943	344.4	266.3	3.86	5.83	9.43	242	c
31	1115	21-Oct-91	26.705	34.764	0.08	1.39	1944.1	2289.5	1957.3	2305	-999	-999	8.1238	8.0981	338.6	257.9	3.89	5.87	9.2	243.1	c
32	1162	7-Dec-91	25.7	34.917	0.1	1.28	1955.75	2297.5	1960.4	2303	-999	-999	8.1147	8.104	334.7	265.5	3.83	5.79	9.31	240.5	c
33	1191	5-Jan-92	24.214	35.006	0.08	1.6	1967.97	2306	1967.6	2305.6	-999	-999	8.1063	8.1177	324.1	272.9	3.76	5.71	9.36	237.9	c
34	1232	15-Feb-92	23.014	35.066	0.09	1.95	1974.7	2307	1971	2302.7	-999	-999	8.0962	8.1256	317.8	281	3.67	5.6	9.46	233.7	c
35	1252	6-Mar-92	23.834	34.889	0.13	1.16	1960.9	2294	1967.1	2301.3	-999	-999	8.1019	8.119	321.9	275.2	3.69	5.63	9.39	234.2	c
36	1294	17-Apr-92	23.649	35.086	0.09	1.52	1977.5	2306	1972.7	2300.3	8.087	8.107	8.09	8.1099	331.7	285.8	3.64	5.55	9.71	231.4	
37	1347	9-Jun-92	25.698	34.82	0.1	0.95	1957	2306	1967.1	2317.9	8.098	8.087	8.126	8.1152	325.5	258.1	3.91	5.92	9.06	245.7	
38	1373	5-Jul-92	25.429	35.141	0.07	1.23	1976.13	2315	1968.2	2305.7	8.098	8.091	8.1045	8.0977	343	275.1	3.79	5.74	9.6	239	
39	1404	5-Aug-92	26.054	34.939	0.03	0.94	1957.2	2297	1960.6	2301	8.111	8.095	8.1116	8.0956	342.4	267.8	3.81	5.77	9.44	239.4	
40	1453	23-Sep-92	26.312	35.052	0.05	0.72	1967.8	2311	1964.9	2307.6	8.113	8.093	8.1132	8.0933	346.2	268	3.86	5.83	9.48	242.1	
41	1480	20-Oct-92	26.554	35.063	0.04	0.86	1965.85	2307	1962.3	2302.9	-999	-999	8.1105	8.087	351.6	269.6	3.84	5.8	9.57	240.6	c
42	1515	24-Nov-92	25.694	34.77	0.11	1.07	1946.8	2287	1959.7	2302.1	8.11	8.099	8.1159	8.1052	332.3	263.7	3.81	5.77	9.25	239.3	l
43	1537	16-Dec-92	24.845	34.83	0.11	1.15	1955.5	2296	1965	2307.2	8.104	8.106	8.1141	8.1161	324	266	3.8	5.76	9.22	239.5	l
44	1572	20-Jan-93	23.123	35.019	0.05	1.22	1968.78	2307.5	1967.7	2306.2	8.094	8.122	8.1071	8.1349	309.6	272.4	3.74	5.71	9.19	238.1	
45	1600	17-Feb-93	23.666	34.888	0.07	1.39	1960.8	2301.5	1967.1	2308.9	8.095	8.115	8.1128	8.1325	310.8	267.5	3.77	5.75	9.11	239.5	
46	1657	15-Apr-93	23.492	35.061	0.05	1.41	1976.7	2301.5	1973.3	2297.5	8.089	8.111	8.0852	8.1074	333.7	289.4	3.6	5.49	9.81	228.9	
47	1693	21-May-93	23.877	35.065	0.02	1.08	1975.25	2306	1971.6	2301.7	8.097	8.114	8.0941	8.1105	331	282.6	3.67	5.59	9.64	233.1	
48	1759	26-Jul-93	-999	-999	-999	-999	-999	-999	-999	-999	-999	-999	-999	-999	-999	-999	-999	-999	-999	-999	k
49	1810	15-Sep-93	26.456	35.278	0.04	0.94	1981.9	2321	1966.3	2302.7	-999	-999	8.1022	8.0802	360.2	277.3	3.82	5.76	9.82	239.6	c
50	1855	30-Oct-93	25.688	35.302	0.04	1.01	1971.8	2311.7	1954.9	2291.9	8.115	8.105	8.1046	8.094	345.4	274.2	3.8	5.75	9.59	239.4	
51	1937	20-Jan-94	22.747	35.173	0.05	1.47	1979.9	2328.7	1970.2	2317.2	-999	-999	8.1173	8.1508	298.3	266.5	3.84	5.86	8.94	245.1	c
52	1965	17-Feb-94	22.766	35.046	0.08	1.79	1974.47	2311	1971.9	2308	-999	-999	8.1026	8.1357	309.5	276.4	3.71	5.67	9.28	236.6	c
53	1985	9-Mar-94	23.525	35.104	0.06	1.82	1981.16	2316.2	1975.3	2309.3	-999	-999	8.0986	8.1204	323.4	280	3.71	5.66	9.5	236	c
54	2087	19-Jun-94	24.85	34.842	0.07	1.22	1960.55	2292	1969.4	2302.4	-999	-999	8.1002	8.1021	336.7	276.4	3.7	5.62	9.57	233.5	c
55	2123	25-Jul-94	25.551	34.902	0.06	1.27	1960.17	2288	1965.7	2294.4	8.104	8.095	8.0943	8.0858	351.4	280.5	3.67	5.57	9.81	231.2	
56	2159	30-Aug-94	26.318	34.904	0.05	1.82	1953.1	2289.8	1958.5	2296.1	8.112	8.092	8.1082	8.0883	348.4	269.6	3.78	5.72	9.55	237.2	
57	2183	23-Sep-94	26.441	34.843	0.07	0.81	1952.88	2289.8	1961.7	2300.1	8.111	8.089	8.1093	8.0875	349.2	268.9	3.79	5.73	9.54	237.4	h
58	2205	15-Oct-94	26.164	34.922	0.06	1.08	1959.55	2295.3	1963.9	2300.5	8.105	8.087	8.1056	8.088	349.7	272.3	3.77	5.71	9.62	236.8	
59	2240	19-Nov-94	25.2	34.985	0.03	1.52	1964.83	2303.5	1965.7	2304.5	8.106	8.103	8.1081	8.1048	335.1	271.2	3.78	5.74	9.44	238.6	
60	2319	6-Feb-95	23.367	34.388	0.16	2.06	1941.78	2257.5	1976.3	2297.7	8.088	8.112	8.0858	8.1099	326.9	284.9	3.51	5.35	9.68	222	
61	2345	4-Mar-95	23.086	34.711	0.11	1.49	1963.2	2286	1979.5	2305	8.085	8.113	8.0888	8.1171	323.6	285.3	3.58	5.46	9.64	227.2	
62	2378	6-Apr-95	23.826	34.493	0.13	1.42	1952.03	2270.3	1980.7	2303.6	8.086	8.103	8.0866	8.1038	333.9	285.6	3.54	5.4	9.76	224.2	
63	2409	7-May-95	23.294	34.773	0.11	1.3	1960.8	2284.5	1973.6	2299.4	8.086	8.111	8.0897	8.1149	325.1	284.1	3.59	5.47	9.62	227.8	
64	2493	30-Jul-95	25.648	34.883	0.08	1.21	1961.23	2295.5	1967.8	2303.2	8.096	8.086	8.1037	8.0937	344.7	274	3.75	5.68	9.6	235.7	
65	2523	29-Aug-95	25.944	34.936	0.06	1.41	1961	2298.5	1964.6	2302.7	8.101	8.087	8.1076	8.0933	345.1	271.1	3.79	5.73	9.54	237.9	
66	2551	26-Sep-95	26.821	34.893	0.07	1.7	1956.5	2299	1962.5	2306	8.102	8.075	8.116	8.0886	349	264.7	3.86	5.83	9.45	241.4	
67	2582	27-Oct-95	26.054	35.037	0.02	0.91	1962.3	2306.5	1960.2	2304.1	8.105	8.089	8.1157	8.0997	339.5	265.5	3.86	5.84	9.36	242.5	
68	2603	17-Nov-95	25.659	34.948	0.07	0.92	1957	2305.5	1959.9	2308.9	8.107	8.097	8.1237	8.1135	326.7	259.5	3.9	5.9	9.1	245.2	
69	2664	17-Jan-96	24.764	34.957	0.1	1.1	1959.4	2294.5	1961.8	2297.3	8.101	8.104	8.1042	8.1074	331.8	273.3	3.73	5.67	9.45	235.8	
70	2734	27-Mar-96	23.186	34.85	0.09	1.09	1969.15	2291.5	1977.6	2301.4	8.087	8.114	8.0855	8.1122	328.5	288.4	3.57	5.45	9.75	227	a
71	2762	24-Apr-96	24.153	34.752	0.11	1.27	1961.31	2288	1975.3	2304.3	8.094	8.106	8.0943	8.1066	332.8	280.9	3.64	5.54	9.64	230.1	a
72	2790	22-May-96	25.172	34.845	0.1	1.48	1964.9	2295	1973.6	2305.2	8.093	8.09	8.0975	8.0946	344.3	279	3.7	5.61	9.71	232.8	
73	2825	26-Jun-96	26.327	34.473	0.12	1.71	1937.9	2270.5	1967.5	2305.2	8.098	8.078	8.1103	8.0902	344.8	266.8	3.75	5.67	9.47	234.2	
74	2856	27-Jul-96	26.293	34.589	0.08	1.21	1944	2277	1967.1	2304.1	8.104	8.084	8.1085	8.0889	346.8	268.7	3.75	5.67	9.53	234.7	
75	2881	21-Aug-96	26.953	34.732	0.09	1.86	1946.25	2283.5	1961.3	2301.1	8.107	8.078	8.1123	8.0829	352.7	266.1	3.81	5.75	9.52	237.6	
76	2923	2-Oct-96	27.277	34.866	0.05	1.24	1950	2292.7	1957.5	2301.5	8.118	8.084	8.1177	8.0836	352.7	262.7	3.87	5.83	9.44	241.5	
77	2951	30-Oct-96	26.516	35.035	0.06	1.56	1960.57	2304.3	1958.6	2302	8.114	8.091	8.1153	8.0924	345.8	265.5	3.87	5.84	9.42	242.2	
78	2993	11-Dec-96	24.235	34.97	0.04	1.87	1966.9	2293.3	1968.6	2295.3	8.102	8.113	8.0903	8.1014	337.8	284.3	3.63	5.52	9.75	230	
79	3021	8-Jan-97	23.48	34.944	0.08	1.68	1970.1	2295	1973.3	2298.7	8.093	8.115	8.0878	8.1102	330.4	286.6	3.6	5.49	9.72	228.8	
80	3062	18-Feb-97	23.894	34.929	0.08	1.64	1975.07	2288	1979.1	2292.7	8.072	8.088	8.0695	8.0856	353	301.3	3.49	5.31	10.28	221	
81	3084	12-Mar-97	23.117	35.033	0.06	1.72	1976.53	2301.7	1974.7	2299.5	8.064	8.092	8.086	8.1138	328	288.8	3.6	5.49	9.74	229	
82	3112	9-Apr-97	23.432	34.962	0.07	1.68	1972.23	2300.7	1974.4	2303.2	8.065	8.088	8.0924	8.1155	326.2	283.5	3.64	5.55	9.61	231.3	
83	3140	7-May-97	24.695	34.875	0.1	1.41	1964.5	2294.3	1971.5	2302.6	8.096	8.1	8.0968	8.101	338.2	279.4	3.68	5.59	9.65	232.4	
84	3168	4-Jun-97	25.249	34.885	0.07	0.91	1958.07	2296.3	1964.5	2303.9	8.105	8.101	8.1099	8.1058	333.3	269.2	3.78	5.73	9.38	238.2	
85	3203	9-Jul-97	25.525	35.05	0.04	1.58	1972.8	2305.7	1970	2302.4	8.099	8.091	8.0976	8.0895	350	279.7	3.73	5.65	9.77	234.9	
86	3227	2-Aug-97	25.874	35.115	0.06	1.08	1975.3	2312.3	1968.8	2304.8	8.099	8.086	8.1024	8.089	351	276.5	3.78	5.72	9.71	237.9	
87	3281	25-Sep-97	26.8	35.224	0.04	1.15	1976.2	2318	1963.6	2303.3	8.107	8.08	8.1076	8.0805	359.2	272.8	3.85	5.81	9.71	241.4	
88	3352	5-Dec-97	24.451	35.152	0.06	1.64	1975.6	2311.7	1967.1	2301.7	8.099	8.107	8.1004	8.1083	333.2	277.9	3.74	5.68	9.55	236.8	
89	3389	11-Jan-98	23.509	35.144	0.07	1.34	1982.1	2310	1974	2300.5	8.089	8.111	8.0877	8.1097	332.5	288.1	3.63	5.54	9.77	231.1	
90	3428	19-Feb-98	22.859	35.243	0.09	1.22	1990.97	2316.7	1977.2	2300.7	8.085	8.117	8.0818	8.1135	330.1	293.7	3.6	5.49	9.86	229.6	
91	3455	18-Mar-98	24.462	35.166	0.1	1.34	1979.9	2314	1970.6	2303.1	8.093	8.101	8.0967	8.1044	337.2	281.2	3.72	5.65	9.67	235.5	m
92	3483	15-Apr-98	23.302	35.214	0.07	1.57	1991.35	2317.5	1979.2	2303.4	8.084	8.109	8.0828	8.1078	335.4	293.1	3.61	5.51	9.9	230.1	
93	3511	13-May-98	23.044	35.288	0.08	1.28	1995.35	2318	1979.1	2299.1	8.082	8.111	8.0761	8.105	338.1	298.6	3.57	5.44	10.05	227.7	
94	3546	17-Jun-98	24.18	35.287	0.09	1.51	1994.8	2321.3	1978.6	2302.5	8.084	8.096	8.0819	8.0937	348.7	294.2	3.64	5.53	10.06	230.7	
95	3574	15-Jul-98	24.288	35.381	0.05	1.15	2000.1	2320	1978.6	2295	-999	-999	8.0702	8.0805	361.6	303.8	3.57	5.42	10.4	226.3	c
96	3600	10-Aug-98	25.293	35.169	0.09	1.1	1983.55	2311	1974	2299.9	-999	-999	8.0865	8.0818	358.5	289.2	3.67	5.56	10.06	231.4	c
97	3649	28-Sep-98	25.495	35.292	0.08	1.32	1992.9	2320.5	1976.4	2301.3	-999	-999	8.0837	8.076	365.5	292.5	3.67	5.56	10.2	231.8	c
98	3670	19-Oct-98	25.687	35.354	0.07	1.37	1986.83	2320.3	1966.9	2297.1	-999	-999	8.0924	8.0818	359	285	3.74	5.65	9.97	235.6	c
99	3693	11-Nov-98	25.222	35.446	0.05	1.12	1996.63	2327.7	1971.5	2298.4	-999	-999	8.0862	8.0825	359.6	290.9	3.7	5.61	10.1	234	c
100	3721	9-Dec-98	23.742	35.3	0.08	1.18	1996.63	2319.7	1979.7	2300	-999	-999	8.0763	8.0948	347.8	298.6	3.59	5.46	10.15	228.2	c
101	3756	13-Jan-99	23.462	35.248	0.12	1.5	1998.53	2315	1984.5	2298.7	-999	-999	8.0669	8.0895	352.7	306.3	3.52	5.35	10.37	223.7	c
102	3792	18-Feb-99	23.108	35.36	0.12	1.65	2006.4	2328	1986	2304.3	-999	-999	8.0718	8.0997	344.5	303.5	3.56	5.43	10.22	227.3	c
103	3819	17-Mar-99	23.337	35.176	0.09	1.32	1984.87	2329.3	1974.9	2317.7	-999	-999	8.1104	8.135	311.8	272	3.81	5.81	9.2	242.5	c
104	3847	14-Apr-99	22.615	35.348	0.13	1.66	2002.53	2334.5	1982.8	2311.5	-999	-999	8.0876	8.123	323.7	290.9	3.66	5.59	9.72	234.1	c
105	3873	10-May-99	23.666	35.369	0.09	1.51	2008.23	2336	1987.3	2311.6	-999	-999	8.0805	8.1	345	297.1	3.64	5.54	10.08	231.8	c
106	3938	14-Jul-99	25.066	34.947	0.11	1.52	1971.4	2301.5	1974.4	2305	-999	-999	8.0951	8.0938	345.9	281.5	3.69	5.6	9.78	232.9	c
107	3968	13-Aug-99	25.406	35.283	0.07	1.84	1992.47	2319	1976.5	2300.4	-999	-999	8.0823	8.0759	365.4	293.5	3.66	5.54	10.22	231	c
108	4031	15-Oct-99	25.745	35.123	0.09	1.27	1981.45	2305.5	1974.5	2297.4	-999	-999	8.0825	8.0711	368.5	292	3.64	5.51	10.23	229.2	c
109	4056	9-Nov-99	25.364	35.326	0.05	1.27	1994.5	2325.7	1976.1	2304.2	-999	-999	8.0882	8.0824	359.7	289.3	3.71	5.62	10.07	234.2	c
110	4092	15-Dec-99	24.126	35.207	0.11	1.27	1993.9	2311	1982.2	2297.4	-999	-999	8.0692	8.0818	359.5	303.9	3.53	5.37	10.39	224.3	c
111	4142	3-Feb-00	22.971	35.375	0.11	1.38	2001.35	2319	1980.1	2294.4	-999	-999	8.0667	8.0966	346.3	306.8	3.51	5.36	10.3	224.3	c
112	4169	1-Mar-00	23.463	35.19	0.12	1.31	1994.55	2313.5	1983.8	2301	-999	-999	8.072	8.0946	347.6	301.9	3.54	5.4	10.22	225.3	c
113	4197	29-Mar-00	23.447	35.368	0.09	1.19	2000.35	2321	1979.5	2296.9	-999	-999	8.0714	8.0942	348.6	302.9	3.56	5.42	10.25	226.5	c
114	4225	26-Apr-00	23.846	34.914	0.1	2.05	1980.85	2299.5	1985.7	2305.2	-999	-999	8.0772	8.0941	346.5	296.2	3.55	5.4	10.1	225.1	c
115	4254	25-May-00	24.783	34.952	0.1	1.58	1980.4	2291	1983.1	2294.1	-999	-999	8.0648	8.0677	371.1	305.7	3.48	5.28	10.56	219.8	c
116	4281	21-Jun-00	25.408	35.191	0.08	0.97	1989.2	2319.5	1978.4	2306.9	-999	-999	8.0895	8.0831	358.4	287.8	3.7	5.61	10.03	233.6	c
117	4316	26-Jul-00	25.851	35.309	0.05	0.78	1986.95	2325.5	1969.6	2305.1	-999	-999	8.1002	8.0872	354.3	279.4	3.8	5.74	9.8	239.2	c
118	4344	23-Aug-00	25.928	35.453	0.06	1.31	1992.35	2330.5	1966.9	2300.7	-999	-999	8.0969	8.0827	359.1	282.4	3.79	5.73	9.91	239	c
119	4400	18-Oct-00	25.739	35.348	0.08	1.54	1992.15	2317	1972.5	2294.2	-999	-999	8.0791	8.0678	373.2	295.8	3.65	5.52	10.35	229.9	c
120	4443	30-Nov-00	24.906	35.028	0.11	1.54	1980	2311	1978.4	2309.2	-999	-999	8.094	8.095	346	283.4	3.7	5.62	9.81	233.7	c
121	4463	20-Dec-00	24.749	34.933	0.12	1.74	1973.6	2299.5	1977.4	2303.9	-999	-999	8.0888	8.0922	347.5	286.4	3.64	5.53	9.9	230	c
122	4491	17-Jan-01	24.403	35.08	0.12	1.6	1983.75	2309	1979.2	2303.7	-999	-999	8.0843	8.0929	348.1	291	3.63	5.51	10	229.7	c
123	4519	14-Feb-01	23.354	35.313	0.07	1.59	1999.45	2314.5	1981.7	2294	-999	-999	8.064	8.0881	353.9	308.7	3.5	5.33	10.43	222.7	c
124	4554	21-Mar-01	23.693	35.041	0.1	1.87	1984.1	2299.5	1981.8	2296.8	-999	-999	8.0703	8.0894	350.8	301.9	3.51	5.34	10.26	222.8	c
125	4582	18-Apr-01	23.565	35.142	0.1	1.59	1990.4	2309	1982.4	2299.7	-999	-999	8.0728	8.0938	347.7	300.7	3.54	5.39	10.2	225	c
126	4610	16-May-01	23.788	35.237	0.09	1.59	1995.15	2318	1981.7	2302.4	-999	-999	8.0771	8.0948	347.7	298	3.59	5.46	10.14	228.1	c
127	4639	14-Jun-01	24.926	35.246	0.04	1.52	1988.6	2325	1974.7	2308.8	-999	-999	8.0976	8.0984	344.1	281.6	3.76	5.7	9.74	237.6	c
128	4666	11-Jul-01	25.967	35.111	0.04	1.35	1973.6	2309	1967.4	2301.7	-999	-999	8.1004	8.0857	353.8	277.7	3.77	5.7	9.77	236.8	c
129	4694	8-Aug-01	25.73	35.23	0.03	1.52	1985.6	2314	1972.6	2298.9	-999	-999	8.0869	8.0757	364.7	289.1	3.69	5.58	10.12	232.2	c
130	4749	2-Oct-01	26.165	35.359	0.02	1.39	1986.25	2315	1966.1	2291.5	-999	-999	8.0857	8.068	372.1	289.9	3.7	5.58	10.21	232.5	c
131	4770	23-Oct-01	25.464	35.41	0.04	1.11	1993.9	2331	1970.8	2304	-999	-999	8.0957	8.0885	353.9	283.5	3.77	5.71	9.88	238.2	c
132	4795	17-Nov-01	25.215	35.24	0.03	1.23	1982.65	2309.5	1969.1	2293.8	-999	-999	8.085	8.0814	358.5	290.1	3.66	5.54	10.08	230.9	c
133	4822	14-Dec-01	24.397	35.218	0.01	1.25	1990.75	2317.5	1978.4	2303.2	-999	-999	8.0838	8.0925	349.4	292.2	3.64	5.54	10.03	230.9	c
134	4855	16-Jan-02	23.693	35.302	0.03	1.22	1998.05	2321.5	1981	2301.6	-999	-999	8.0768	8.0959	347	298.5	3.59	5.47	10.14	228.6	c
135	4891	21-Feb-02	22.994	35.26	0.03	1.38	1997.4	2321.5	1982.7	2304.4	-999	-999	8.0783	8.108	335.9	297.3	3.59	5.47	10	228.8	c
136	4911	13-Mar-02	22.867	35.352	0.03	1.29	2007	2332	1987	2308.8	-999	-999	8.077	8.1085	336.8	299.6	3.6	5.49	10.05	229.6	c
137	4980	21-May-02	24.71	34.919	0.03	1.12	1978.3	2296.5	1982.9	2301.8	-999	-999	8.0771	8.0811	358.4	295.9	3.56	5.41	10.22	225	c
138	5019	29-Jun-02	25.667	34.913	0.02	0.84	1971.3	2291.5	1976.2	2297.2	-999	-999	8.0813	8.071	367.1	291.7	3.6	5.45	10.22	226.4	c
139	5079	28-Aug-02	26.328	34.959	0.06	1.07	1970.05	2297	1972.4	2299.7	-999	-999	8.0907	8.0706	367.5	284.5	3.69	5.57	10.07	231.1	c
140	5119	7-Oct-02	26.392	35.067	0.04	1.04	1967.85	2307	1964.1	2302.6	-999	-999	8.1072	8.0862	352.6	272.1	3.82	5.76	9.64	239.3	c
141	5147	4-Nov-02	25.977	35.181	0.02	1.04	1974	2311.5	1963.8	2299.6	-999	-999	8.1025	8.0876	351.9	276.2	3.79	5.73	9.71	238.2	c
142	5168	25-Nov-02	25.341	35.259	0.02	1.03	1981.1	2313.5	1966.5	2296.5	-999	-999	8.093	8.0876	352.6	283.9	3.72	5.63	9.88	234.7	c
143	5192	19-Dec-02	24.455	35.319	0.02	0.98	1986.4	2315	1968.5	2294.1	-999	-999	8.0859	8.0937	347.4	289.8	3.66	5.56	9.95	231.9	c
144	5221	17-Jan-03	23.687	35.344	0.02	1.03	1995.1	2323	1975.7	2300.4	-999	-999	8.0832	8.1025	340.6	293.1	3.64	5.54	9.95	231.5	c
145	5261	26-Feb-03	23.348	35.323	0.01	1.05	1997.05	2322.5	1978.8	2301.3	-999	-999	8.0796	8.104	339.5	296.1	3.61	5.5	10.01	229.8	c
146	5292	29-Mar-03	23.574	35.317	0.04	1.07	1997.75	2324	1979.8	2303.1	-999	-999	8.0807	8.1016	341.8	295.4	3.62	5.51	10.02	230.4	c
147	5318	24-Apr-03	24.679	35.037	0.03	1.04	1973.7	2302.5	1971.6	2300.1	-999	-999	8.0919	8.0963	343.6	284	3.67	5.57	9.8	232	c
148	5345	21-May-03	25.097	35.031	0.04	0.77	1976.2	2305.5	1974.5	2303.5	-999	-999	8.0922	8.0905	349.5	284.1	3.69	5.59	9.87	232.5	c
149	5375	20-Jun-03	25.832	35.173	0.04	0.81	1978.2	2311	1968.5	2299.6	8.096	8.083	8.0952	8.0824	357.3	282.1	3.74	5.65	9.9	235.1	
150	5405	20-Jul-03	26.078	35.325	0.03	1.59	1989.35	2324	1971	2302.6	8.081	8.065	8.094	8.0777	363.6	284.2	3.76	5.68	10	236.6	
151	5437	21-Aug-03	26.25	34.869	0.03	1.11	1967	2300.5	1974.4	2309.1	8.09	8.071	8.1019	8.0829	355.7	276.1	3.76	5.68	9.77	235.6	
152	5492	15-Oct-03	26.775	35.045	0.02	0.73	1967.75	2311.5	1965.2	2308.5	8.11	8.083	8.1141	8.0873	351.8	267.3	3.88	5.85	9.53	242.6	
153	5518	10-Nov-03	26.469	35.198	0.05	0.84	1973.15	2316.5	1962.1	2303.5	8.105	8.083	8.1106	8.0884	351.3	270.3	3.86	5.83	9.58	242.3	
154	5558	20-Dec-03	24.139	35.324	0.01	1.01	1986.9	2326	1968.7	2304.7	8.094	8.107	8.1008	8.1134	330.2	278.9	3.77	5.72	9.54	239	
155	5591	22-Jan-04	24.108	35.198	0.01	1.03	1986.05	2312	1974.9	2299	8.09	8.103	8.0837	8.0967	344.7	291.6	3.63	5.51	9.97	230.1	
156	5625	25-Feb-04	24.506	35.001	0.04	1.01	1978.95	2315.5	1978.9	2315.4	8.09	8.097	8.1026	8.1096	332.9	277.1	3.75	5.7	9.54	237.5	
157	5649	20-Mar-04	23.036	35.242	0.01	1.07	1991.5	2326.5	1977.8	2310.5	8.085	8.114	8.0953	8.1244	321.3	283.7	3.7	5.65	9.55	236.1	
158	5681	21-Apr-04	23.982	34.992	0.06	1.07	1978	2301.5	1978.5	2302	8.079	8.094	8.084	8.0988	341.8	290.6	3.6	5.48	9.93	228.3	
159	5709	19-May-04	25.47	34.607	0.05	1.05	1956.15	2281.5	1978.4	2307.4	8.09	8.083	8.0952	8.0878	349.4	279.8	3.66	5.54	9.79	229.7	
160	5737	16-Jun-04	25.739	34.726	0.03	1.21	1960.25	2288	1975.7	2306.1	8.092	8.081	8.0965	8.0852	352.5	279.2	3.69	5.58	9.81	231.4	
161	5764	13-Jul-04	26.486	34.61	0.01	0.98	1952.4	2275.5	1974.4	2301.1	8.101	8.079	8.0925	8.0701	365.6	281.2	3.65	5.52	9.99	228.3	
162	5798	16-Aug-04	26.893	34.867	0.02	0.82	1961.35	2292.5	1968.8	2301.2	8.106	8.078	8.0995	8.071	366.1	277	3.74	5.65	9.89	234	
163	5842	29-Sep-04	27.4	34.894	0.02	0.85	1956.75	2292.5	1962.7	2299.5	8.114	8.078	8.1065	8.0705	366	271.4	3.8	5.73	9.77	237	
164	5874	31-Oct-04	26.059	35.177	0.01	0.79	1980.75	2317	1970.8	2305.3	8.096	8.08	8.0997	8.0836	356.9	279.1	3.78	5.71	9.83	237.6	
165	5902	28-Nov-04	26.345	34.964	0.03	0.83	1957	2296	1959	2298.4	8.114	8.094	8.1102	8.0898	347.6	268.7	3.81	5.76	9.51	238.9	
166	5925	21-Dec-04	25.245	34.956	0.03	0.93	1971.3	2307	1973.8	2309.9	8.098	8.094	8.1032	8.0992	341.1	275.6	3.76	5.7	9.6	236.9	
167	5968	2-Feb-05	24.052	34.999	0.02	0.86	1974.85	2297	1974.9	2297.1	8.086	8.1	8.0825	8.0963	343.5	291.2	3.59	5.46	9.96	227.3	
168	5999	5-Mar-05	23.973	35.007	0.03	1.04	1976.85	2305.5	1976.5	2305	8.089	8.104	8.0915	8.1065	334.9	284.8	3.66	5.56	9.73	231.8	i
169	6073	18-May-05	25.164	34.906	0.05	1.28	1975.55	2304	1980.9	2310.2	8.087	8.084	8.0927	8.0899	350.2	283.9	3.68	5.58	9.88	232.1	
170	6101	15-Jun-05	25.127	35.266	0.06	1.13	1994.35	2321.5	1979.3	2304	8.085	8.083	8.0832	8.0809	361	293.1	3.66	5.55	10.17	231.5	
171	6133	17-Jul-05	25.888	35.015	0.03	0.98	1983.5	2305	1982.7	2304	8.09	8.076	8.0799	8.0664	373.7	294.4	3.62	5.48	10.34	227.7	n
172	6161	14-Aug-05	26.281	35.103	0.04	1.35	1980.5	2312.5	1974.7	2305.7	8.094	8.075	8.0945	8.0751	365	283	3.74	5.65	10	234.8	
173	6188	10-Sep-05	26.751	35.031	0.05	0.87	1982.05	2308	1980.3	2306	8.104	8.078	8.0864	8.0601	380	289.3	3.69	5.57	10.3	231	
174	6217	9-Oct-05	26.25	35.173	0.03	1.06	1980.9	2315	1971.2	2303.6	8.099	8.08	8.0966	8.0777	362.5	281.4	3.76	5.68	9.94	236.2	
175	6251	12-Nov-05	25.272	35.077	0.03	0.96	1983	2311	1978.6	2305.9	8.092	8.088	8.0887	8.0843	356.3	287.7	3.68	5.57	10.01	231.9	
176	6282	13-Dec-05	24.947	35.185	0.02	1.06	1985.5	2314.5	1975.1	2302.3	8.092	8.092	8.0884	8.0888	352.2	288.1	3.68	5.58	9.97	232.5	
177	6325	25-Jan-06	23.55	35.265	0.07	0.9	1989.18	2322	1974.2	2304.5	8.074	8.095	8.0921	8.1135	330.3	285.7	3.69	5.62	9.69	234.6	
178	6346	15-Feb-06	23.149	35.202	0.03	0.87	1999.02	2315.7	1987.5	2302.4	8.07	8.097	8.068	8.0953	347.5	305.6	3.52	5.36	10.3	224	
179	6369	10-Mar-06	23.233	35.111	0.05	0.83	1993.4	2318.5	1987.1	2311.1	8.075	8.101	8.0823	8.1084	335.4	293.9	3.61	5.5	9.93	229.6	
180	6392	2-Apr-06	23.534	34.863	0.04	0.76	1964.52	2284.4	1972.2	2293.3	8.087	8.109	8.0825	8.104	334.9	289.9	3.55	5.41	9.85	225.3	
181	6447	27-May-06	23.516	35.214	0.01	0.72	1999.22	2316.3	1987.1	2302.2	8.064	8.086	8.0684	8.0901	352.4	305.4	3.53	5.37	10.35	224.3	
182	6465	14-Jun-06	25.803	34.873	0.04	0.6	1972.35	2289.4	1979.5	2297.7	8.088	8.076	8.0769	8.0646	373.5	295.3	3.57	5.41	10.37	224.4	
183	6494	13-Jul-06	25.311	34.903	0.08	0.85	1976.86	2300.4	1982.4	2306.8	8.081	8.076	8.0853	8.0804	359.2	289.5	3.63	5.51	10.09	228.8	
184	6521	9-Aug-06	26.327	34.892	0.07	0.65	1966.93	2294	1973	2301.1	8.099	8.079	8.0923	8.0723	365.6	283	3.69	5.57	10.02	231.2	
185	6559	16-Sep-06	26.488	35.164	0.02	0.81	1980.88	2316.9	1971.6	2306.1	8.091	8.069	8.0994	8.077	363.3	279.3	3.79	5.72	9.9	237.6	
186	6594	21-Oct-06	26.198	35.128	0.02	0.58	1983.22	2309.8	1976	2301.4	8.088	8.07	8.086	8.0679	372.2	289.6	3.68	5.56	10.22	231.2	
187	6613	9-Nov-06	25.955	35.091	0.03	0.87	1979.68	2309.6	1974.5	2303.6	8.084	8.069	8.0918	8.0772	362.6	284.9	3.71	5.61	10.02	233.3	
188	6644	10-Dec-06	24.903	35.238	0.01	0.53	1984.29	2314.5	1970.9	2298.9	8.088	8.089	8.0897	8.0908	350.1	286.8	3.69	5.59	9.92	233.2	
189	6703	7-Feb-07	23.776	35.209	0.02	1.07	1989	2317.5	1977.2	2303.7	8.082	8.1	8.0868	8.1047	338	289.7	3.65	5.55	9.86	231.9	
190	6745	21-Mar-07	23.429	35.161	0.02	1.4	1993.95	2314	1984.8	2303.4	8.075	8.098	8.0742	8.0973	345.1	300.1	3.56	5.42	10.16	226.2	
191	6790	5-May-07	24.63	34.86	0.08	1.21	1979.43	2296.3	1987.4	2305.6	8.078	8.083	8.0756	8.0808	358.9	297.3	3.55	5.39	10.26	224.2	
192	6826	10-Jun-07	25.506	34.929	0.08	1.16	-999	-999	-999	-999	-999	-999	-999	-999	-999	-999	-999	-999	-999	-999	o
193	6854	8-Jul-07	25.655	35.063	0.04	1.45	1986.6	2304.3	1983	2300.2	8.086	8.076	8.0732	8.0631	377.1	299.9	3.58	5.41	10.5	225.1	
194	6881	4-Aug-07	26.406	35.028	0.05	0.99	1980.25	2306.5	1978.7	2304.7	8.091	8.07	8.0872	8.066	373.8	288.5	3.68	5.56	10.21	231	
195	6911	3-Sep-07	26.54	35.135	0.05	1.26	1984.05	2310	1976.4	2301.1	8.082	8.059	8.0847	8.0616	378.6	290.7	3.68	5.56	10.31	230.8	
196	6941	3-Oct-07	26.09	35.083	0.05	1.23	1985.3	2308	1980.6	2302.5	8.082	8.065	8.0805	8.0639	376.4	294.1	3.64	5.5	10.36	228.6	
197	7001	2-Dec-07	25.082	35.036	0.05	1.04	1985.25	2300	1983.2	2297.6	8.087	8.085	8.0693	8.0678	372.1	302.8	3.53	5.36	10.51	222.9	
198	7020	21-Dec-07	24.501	35.032	0.06	1.45	1987.75	2309	1985.9	2306.9	8.073	8.08	8.0786	8.0856	355.5	296	3.59	5.46	10.19	227.2	
199	7060	30-Jan-08	23.085	35.177	0.05	0.92	2000.65	2317	1990.6	2305.3	8.069	8.097	8.0675	8.0957	347.4	306.3	3.51	5.36	10.32	223.8	
200	7085	24-Feb-08	23.516	35.181	0.06	1.22	1998.9	2319.5	1988.6	2307.6	8.06	8.082	8.0739	8.0957	347.4	301	3.56	5.43	10.2	226.7	
201	7179	28-May-08	25.138	34.957	0.08	1.33	1987.45	2303.5	1989.9	2306.3	8.074	8.072	8.0718	8.0694	371.1	301.3	3.55	5.39	10.47	224	
202	7208	26-Jun-08	25.518	35.063	0.06	1.44	1986.1	2309.5	1982.5	2305.4	8.083	8.075	8.0816	8.0735	367	293.4	3.64	5.51	10.25	228.9	
203	7239	27-Jul-08	25.864	34.945	0.09	1.19	1985.05	2304	1988.2	2307.6	8.076	8.063	8.0767	8.0635	376.9	297.2	3.6	5.44	10.44	226.1	
204	7260	17-Aug-08	26.009	35.044	0.05	0.94	1979.05	2306	1976.6	2303.1	8.085	8.07	8.0882	8.0729	366.7	287.5	3.68	5.57	10.12	231.3	
205	7315	11-Oct-08	26.275	35.296	0.01	1.07	1985.9	2323.5	1969.2	2304	8.101	8.082	8.0992	8.0799	361	280	3.8	5.74	9.88	238.7	
206	7366	1-Dec-08	24.922	35.21	0.02	1.07	1995.4	2320.5	1983.5	2306.7	8.084	8.085	8.0808	8.0816	360.5	295.2	3.64	5.52	10.21	230.1	
207	7380	15-Dec-08	-999	-999	-999	-999	-999	-999	-999	-999	-999	-999	-999	-999	-999	-999	-999	-999	-999	-999	k
208	7417	21-Jan-09	23.401	35.336	0.02	1.1	2001.4	2325	1982.4	2302.9	8.074	8.098	8.0761	8.0996	344.1	299.5	3.59	5.47	10.13	228.7	
209	7445	18-Feb-09	22.907	35.306	0.04	1.01	2006.6	2331.5	1989.2	2311.3	8.07	8.101	8.0775	8.1084	337	299.2	3.6	5.49	10.05	229.6	
210	7515	29-Apr-09	22.883	35.249	0.05	1.02	2013.2	2325.5	1999	2309.1	8.058	8.089	8.0586	8.0898	354.6	315.3	3.47	5.29	10.58	221.3	
211	7544	28-May-09	24.445	35.399	0.03	0.99	2013.55	2329	1990.9	2302.7	8.062	8.07	8.0614	8.0693	374.7	312.8	3.53	5.36	10.73	223.9	
212	7581	4-Jul-09	25.49	35.095	0.12	1.22	2000.55	2321.5	1995.1	2315.2	8.067	8.059	8.0752	8.0676	375.3	300.4	3.61	5.47	10.49	227.7	
213	7602	25-Jul-09	25.774	35.152	0.1	1.21	2001.35	2319.5	1992.7	2309.5	8.068	8.056	8.0702	8.0584	384.4	304.3	3.59	5.43	10.66	225.9	
214	7627	19-Aug-09	26.122	35.21	0.06	0.91	1999.55	2323.5	1987.6	2309.6	8.074	8.057	8.0784	8.0614	381.3	297.6	3.66	5.53	10.48	229.9	
215	7664	25-Sep-09	26.494	35.472	0.04	1.01	2013.05	2339.5	1986.3	2308.4	8.079	8.057	8.0766	8.0541	390.8	300.6	3.69	5.57	10.63	231.9	
216	7704	4-Nov-09	26.168	35.29	0.09	1.13	1997.85	2326.5	1981.4	2307.4	8.078	8.06	8.0844	8.0667	375.7	292.7	3.7	5.6	10.31	232.9	
217	7740	10-Dec-09	24.417	35.366	0.07	1.13	2009.2	2331	1988.4	2306.9	8.066	8.074	8.0717	8.0801	363.7	304	3.59	5.46	10.43	228	
218	7807	15-Feb-10	-999	-999	-999	-999	-999	-999	-999	-999	-999	-999	-999	-999	-999	-999	-999	-999	-999	-999	k
219	7830	10-Mar-10	23.403	35.256	0.09	1.28	2005.85	2327.5	1991.3	2310.6	8.069	8.092	8.0734	8.0969	347.4	302.4	3.57	5.45	10.23	227.6	
220	7858	7-Apr-10	23.35	35.266	0.09	1.13	2008.1	2329.5	1993	2311.9	8.064	8.088	8.0725	8.0968	347.8	303.4	3.57	5.44	10.25	227.5	
221	7900	19-May-10	24.282	35.269	0.09	1.04	2007	2329	1991.7	2311.2	8.065	8.075	8.0736	8.0839	359.9	302.4	3.6	5.47	10.36	228.1	
222	7921	9-Jun-10	24.615	35.47	0.05	1.15	2017.6	2335.5	1990.9	2304.6	8.058	8.063	8.0634	8.0688	375.9	311.7	3.56	5.4	10.72	225.6	
223	7951	9-Jul-10	25.749	35.222	0.06	0.95	2003.25	2330	1990.6	2315.3	8.075	8.064	8.0817	8.0703	373.1	295.6	3.68	5.57	10.35	231.8	
224	7981	8-Aug-10	25.455	35.175	0.09	1.05	1997.1	2325.5	1987.2	2313.9	8.073	8.066	8.0856	8.0785	364.1	291.8	3.69	5.59	10.18	232.6	
225	8008	4-Sep-10	25.632	35.23	0.09	1.17	1998.2	2322.5	1985.2	2307.3	8.076	8.066	8.0788	8.0691	373.2	297.1	3.65	5.52	10.38	229.8	
226	8038	4-Oct-10	26.033	35.283	0.08	1.08	1997.05	2323	1981	2304.4	8.082	8.066	8.0807	8.0651	377	295.3	3.67	5.55	10.38	231	
227	8086	21-Nov-10	25.071	35.171	0.1	1.09	1996.45	2316	1986.7	2304.7	8.076	8.075	8.0729	8.0715	370.4	301.5	3.58	5.44	10.45	226.4	
228	8135	9-Jan-11	23.8	35.409	0.05	1.04	-999	-999	-999	-999	-999	-999	-999	-999	-999	-999	-999	-999	-999	-999	p
229	8155	29-Jan-11	23.7	35.383	0.04	1.04	2011.95	2333	1990.17	2307.7	8.067	8.086	8.07	8.0891	355.4	305.7	3.57	5.44	10.38	227.4	
230	8186	1-Mar-11	24.313	35.223	0.06	1.03	1997.3	2323.5	1984.65	2308.8	8.072	8.082	8.0819	8.0918	351.2	294.6	3.64	5.53	10.1	230.7	
231	8228	12-Apr-11	23.985	35.1	0.09	1.17	1992.85	2312	1987.17	2305.4	8.069	8.084	8.0737	8.0885	353.3	300.4	3.56	5.41	10.25	225.7	
232	8256	10-May-11	24.235	35.299	0.03	0.97	2002.65	2321	1985.69	2301.3	8.07	8.081	8.0686	8.0797	362.9	305.5	3.55	5.4	10.46	225.5	
233	8327	20-Jul-11	25.302	34.961	0.09	1.03	1984.5	2302	1986.71	2304.6	8.079	8.074	8.0744	8.0696	370.5	298.8	3.57	5.41	10.41	224.9	
234	8368	30-Aug-11	25.873	35.246	0.07	1.26	1989.3	2317	1975.42	2300.8	8.091	8.078	8.085	8.0717	369.2	291.1	3.68	5.57	10.21	231.9	
235	8396	27-Sep-11	26.158	35.22	0.07	0.99	1993.15	2319	1980.7	2304.5	8.092	8.074	8.082	8.0645	377	293.9	3.67	5.55	10.36	230.9	
236	8435	5-Nov-11	25.823	35.21	0.04	0.77	1989.15	2313	1977.29	2299.2	8.084	8.071	8.08	8.0674	373.3	294.9	3.64	5.51	10.34	229.3	
237	8459	29-Nov-11	24.672	35.215	0.08	0.82	1995.75	2317.5	1983.57	2303.4	8.078	8.083	8.0757	8.0802	361.6	299.1	3.6	5.46	10.31	227.7	
238	8480	20-Dec-11	23.985	35.282	0.06	0.92	2005.5	2322.5	1989.47	2303.9	8.071	8.086	8.0663	8.0811	362	307.8	3.54	5.38	10.5	224.6	
239	8510	19-Jan-12	23.62	35.218	0.1	1.04	2007.6	2325	1995.17	2310.6	8.062	8.082	8.0673	8.0876	356.3	307.4	3.54	5.38	10.43	224.8	
240	8576	25-Mar-12	23.093	35.169	0.09	1.15	2008.7	2322.5	1999.05	2311.3	8.059	8.087	8.0624	8.0905	353.5	311.6	3.49	5.32	10.5	222.3	
241	8614	2-May-12	23.478	35.117	0.15	1.2	2008.95	2318.5	2002.26	2310.8	8.056	8.078	8.0566	8.0789	364.5	316.4	3.45	5.26	10.72	219.5	
242	8643	31-May-12	24.248	35.146	0.12	1.11	2005.25	2318	1996.92	2308.4	8.065	8.076	8.0617	8.0725	370.4	311.7	3.5	5.32	10.68	221.9	
243	8670	27-Jun-12	24.367	35.218	0.12	0.91	2012.75	2324	2000.29	2309.6	8.059	8.068	8.0573	8.0664	377.6	316.2	3.49	5.3	10.85	221.1	
244	8705	1-Aug-12	25.041	35.153	0.12	1.28	2007.85	2318	1999.11	2307.9	8.062	8.061	8.0573	8.0563	387.1	315.6	3.49	5.29	10.94	220.4	
245	8722	18-Aug-12	25.305	35.184	0.15	1.24	2000	2308	1989.54	2295.9	8.063	8.058	8.0548	8.0499	392.1	316.3	3.47	5.25	11	218.7	
246	8750	15-Sep-12	25.527	35.027	0.17	1.23	1998.75	2306	1997.21	2304.2	8.063	8.055	8.0558	8.0477	394.6	315.6	3.47	5.25	11.02	218.4	
247	8773	8-Oct-12	25.611	35.086	0.15	1.27	2000.85	2317	1995.95	2311.3	8.065	8.056	8.0681	8.0587	384.1	306	3.57	5.4	10.7	224.5	
248	8830	4-Dec-12	24.823	35.344	0.09	1.14	2013.8	2333	1994.2	2310.3	8.067	8.069	8.0674	8.0697	374.7	308.1	3.58	5.43	10.63	226.6	
249	8901	13-Feb-13	23.137	35.353	0.12	1.17	2019.65	2331	1999.48	2307.7	8.056	8.083	8.0547	8.0821	362.7	319.2	3.46	5.28	10.75	220.8	
250	8923	7-Mar-13	22.729	35.413	0.09	1.28	2024.5	2334	2000.89	2306.8	8.05	8.084	8.0505	8.084	361.4	323.4	3.44	5.24	10.82	219.5	
251	8953	6-Apr-13	22.715	35.429	0.08	1.26	2028.3	2337	2003.74	2308.7	8.049	8.083	8.0485	8.0822	363.7	325.6	3.43	5.23	10.89	219.1	
252	8995	18-May-13	24.946	34.876	0.18	1.22	1995.3	2301.5	2002.39	2309.7	8.059	8.059	8.0566	8.0571	384.5	314.6	3.45	5.23	10.9	217.5	
253	9034	26-Jun-13	25.198	35.182	0.13	1.21	2007.85	2321	1997.46	2309	8.062	8.059	8.0614	8.0581	385.5	312.3	3.52	5.34	10.84	222.5	
254	9112	12-Sep-13	26.944	35.485	0.06	1.04	2009.15	2337	1981.69	2305.1	8.081	8.052	8.0791	8.0499	394.5	298.1	3.71	5.59	10.61	232.8	
255	9132	2-Oct-13	26.459	35.247	0.1	1.03	1999	2328	1984.99	2311.7	8.081	8.059	8.0853	8.0633	379.5	292.3	3.72	5.61	10.34	233.3	
256	9158	28-Oct-13	26.495	35.205	0.12	1.13	1998.8	2323	1987.16	2309.5	8.08	8.057	8.0788	8.0563	386.4	297.2	3.67	5.54	10.53	230.1	
257	9188	27-Nov-13	25.565	35.416	0.06	1.05	2009.15	2338.5	1985.55	2311	8.08	8.071	8.0821	8.0733	370.8	295.9	3.7	5.6	10.32	233.5	
258	9212	21-Dec-13	24.988	35.422	0.05	1	2007.9	2337.5	1983.98	2309.7	8.085	8.085	8.0826	8.0824	361.6	295.3	3.69	5.59	10.22	233.5	
259	9238	16-Jan-14	24.157	35.466	0.05	0.91	2017.95	2340	1991.44	2309.3	8.068	8.08	8.0695	8.0817	363.4	306.9	3.59	5.46	10.48	228.4	
260	9268	15-Feb-14	23.383	35.394	0.06	0.99	2018.1	2336.5	1995.63	2310.5	8.061	8.085	8.065	8.0888	356.5	310.6	3.54	5.39	10.49	225.7	
261	9287	6-Mar-14	24.111	35.237	0.12	1.04	2006.75	2324.5	1993.25	2308.9	8.067	8.08	8.0677	8.0806	362.8	307	3.55	5.39	10.49	225.2	
262	9323	11-Apr-14	23.37	35.318	0.08	1.15	2013.9	2329	1995.77	2308	8.062	8.086	8.0617	8.0857	358.7	312.7	3.51	5.34	10.57	223.3	
263	9374	1-Jun-14	24.93	35.331	0.07	1.11	2006	2329	1987.21	2307.2	8.067	8.068	8.0744	8.0751	368.2	301.5	3.62	5.49	10.42	228.9	
264	9404	1-Jul-14	25.676	35.256	0.08	0.96	2004.55	2324	1989.99	2307.1	8.073	8.063	8.0704	8.06	383.2	304.5	3.6	5.45	10.65	226.8	
265	9480	15-Sep-14	27.345	34.955	0.14	1.32	1980.8	2299.5	1983.35	2302.5	8.082	8.047	8.0768	8.0417	398.7	296.5	3.63	5.46	10.65	226.1	
266	9509	14-Oct-14	27.572	34.99	0.11	1.27	1979.6	2307.5	1980.17	2308.2	8.09	8.052	8.09	8.0516	388.6	286.3	3.73	5.61	10.32	232.4	
267	9548	22-Nov-14	26.205	35.356	0.04	0.97	1995.8	2328	1975.7	2304.6	8.093	8.075	8.0891	8.0709	371.2	288.7	3.74	5.65	10.18	235.2	
268	9573	17-Dec-14	24.636	35.327	0.08	0.51	2007.85	2327.5	1989.26	2306	8.073	8.078	8.0693	8.0744	369.1	305.7	3.58	5.43	10.52	226.6	
269	9643	25-Feb-15	24.001	35.219	0.11	2.12	2008.45	2323.5	1995.96	2309.1	8.058	8.073	8.0636	8.0781	365.4	310.5	3.52	5.35	10.59	223.4	
270	9675	29-Mar-15	23.588	35.288	0.09	1.69	2013.35	2325	1996.92	2306	8.061	8.082	8.057	8.0776	366.3	316.5	3.47	5.29	10.73	221	
271	9699	22-Apr-15	24.261	35.12	0.1	1.2	1999	2317.5	1992.17	2309.6	8.067	8.078	8.0715	8.0822	360.3	303	3.56	5.41	10.38	225.6	
272	9731	24-May-15	24.515	35.119	0.11	1.63	2006.1	2324	1999.3	2316.1	8.069	8.076	8.0695	8.0764	367.2	305.7	3.56	5.41	10.51	225.5	
273	9758	20-Jun-15	25.476	35.095	0.09	1.54	1995.25	2309	1989.85	2302.7	8.075	8.068	8.0654	8.058	383.5	307.3	3.53	5.35	10.72	222.6	
274	9788	20-Jul-15	26.705	35.158	0.07	1.55	1996.4	2312.5	1987.43	2302.1	8.075	8.049	8.0679	8.0424	400.2	305.3	3.58	5.41	10.85	224.6	
275	9812	13-Aug-15	27.094	35.297	0.05	1.14	2001.95	2331.5	1985.1	2311.9	8.079	8.048	8.085	8.0536	389.9	292.8	3.74	5.63	10.46	234	
276	9856	26-Sep-15	-999	-999	-999	-999	-999	-999	-999	-999	-999	-999	-999	-999	-999	-999	-999	-999	-999	-999	k
277	9874	14-Oct-15	26.101	35.253	0.04	1	1997.45	2323	1983.11	2306.3	8.076	8.059	8.0806	8.0639	378.4	295.6	3.67	5.55	10.4	230.8	
278	9905	14-Nov-15	25.864	35.194	0.05	1.58	1994.5	2319	1983.51	2306.2	8.085	8.072	8.0802	8.067	374.8	295.5	3.65	5.53	10.37	230	
279	9930	9-Dec-15	25.754	35.003	0.06	1.06	1982.8	2306	1982.63	2305.8	8.085	8.073	8.0826	8.0711	369	292.3	3.64	5.51	10.25	228.8	
280	9965	13-Jan-16	24.974	34.924	0.07	1.28	1983.05	2305	1987.37	2310	8.079	8.079	8.0817	8.0818	358.8	293.1	3.61	5.48	10.16	227.8	
281	9993	10-Feb-16	24.566	35.029	0.05	1.25	1990.7	2310	1989.05	2308.1	8.076	8.082	8.0753	8.0814	360	299	3.57	5.43	10.3	226.1	
282	10021	9-Mar-16	24.349	35.071	0.07	1.14	1995.75	2315	1991.71	2310.3	8.075	8.084	8.0738	8.0832	359	300.8	3.57	5.43	10.32	226.1	
283	10058	15-Apr-16	24.409	34.835	0.1	1.29	1986.65	2300	1996.06	2310.9	8.067	8.075	8.0695	8.0779	362.7	303.2	3.51	5.34	10.43	222	
284	10102	29-May-16	25.839	34.879	0.09	1.43	1984.45	2303	1991.33	2311	8.074	8.061	8.077	8.0642	376.2	297	3.6	5.44	10.43	225.9	
285	10146	12-Jul-16	25.852	34.905	0.08	1.26	1985.6	2300.5	1991	2306.8	8.074	8.061	8.0711	8.0581	382.3	301.7	3.56	5.38	10.6	223.4	
286	10175	10-Aug-16	26.196	34.894	0.07	1.04	1983.6	2301	1989.63	2308	8.076	8.058	8.0753	8.0572	383	298.1	3.59	5.43	10.53	225.1	
287	10242	16-Oct-16	26.237	34.93	0.07	1.06	1987.4	2304.5	1991.38	2309.1	8.077	8.058	8.0738	8.0551	385.8	299.8	3.59	5.42	10.59	225.1	
288	10284	27-Nov-16	24.968	35.123	0.05	1.27	1996.1	2311.5	1989.11	2303.4	8.075	8.075	8.0675	8.0676	374	305.7	3.54	5.37	10.59	223.6	
289	10342	24-Jan-17	23.607	35.069	0.08	1.2	2003	2307	1999.06	2302.5	8.058	8.078	8.0498	8.0702	371.8	321.1	3.39	5.17	10.9	215.7	
290	10372	23-Feb-17	23.624	34.964	0.08	1.17	1994.9	2300	1996.95	2302.4	8.062	8.082	8.0541	8.0742	366.7	316.5	3.41	5.19	10.75	216.3	
291	10406	29-Mar-17	24.32	34.969	0.06	1.16	1991.2	2305	1992.97	2307	8.065	8.075	8.0678	8.0775	363.5	305	3.51	5.34	10.47	222.3	
292	10434	26-Apr-17	25.023	34.877	0.07	1.69	1987.6	2299	1994.61	2307.1	8.069	8.068	8.0659	8.0652	375.2	306.1	3.5	5.31	10.62	220.8	
293	10462	24-May-17	25.279	34.864	0.06	1.16	1986.5	2299	1994.25	2308	8.071	8.067	8.0679	8.0634	376.9	304.4	3.52	5.34	10.6	221.7	
294	10490	21-Jun-17	26.213	34.786	0.06	1.1	1975.8	2287.5	1987.95	2301.6	8.077	8.059	8.0694	8.0511	387.8	301.7	3.53	5.34	10.66	221.1	
295	10539	9-Aug-17	27.089	34.927	0.04	1.47	1978.75	2299.5	1982.89	2304.3	8.083	8.052	8.0806	8.0494	390.4	293.3	3.64	5.49	10.5	227.5	
296	10598	7-Oct-17	26.838	35.09	0.03	1.78	1987.8	2310	1982.7	2304.1	8.084	8.056	8.0792	8.0517	389.4	295.5	3.65	5.51	10.52	228.6	
297	10631	9-Nov-17	26.105	35.052	0.04	1.24	1987.85	2309.5	1984.9	2306.1	8.079	8.062	8.0789	8.0622	378.6	295.8	3.63	5.49	10.42	228	
298	10665	13-Dec-17	24.048	35.126	0.03	1.18	1999.8	2315.5	1992.63	2307.2	8.068	8.082	8.0673	8.0811	361.3	306.5	3.53	5.36	10.47	223.7	
299	10701	18-Jan-18	24.237	35.004	0.06	1.27	-999	-999	-999	-999	-999	-999	-999	-999	-999	-999	-999	-999	-999	-999	o
300	10740	26-Feb-18	23.07	35.061	0.03	1.27	2001.45	2306.5	1997.97	2302.5	8.055	8.083	8.0519	8.0803	361.7	319.2	3.4	5.18	10.75	216.2	
301	10791	18-Apr-18	23.497	35.095	0.05	1.34	2007.45	2318.5	2002.02	2312.2	8.047	8.069	8.0595	8.0816	361.9	313.9	3.47	5.29	10.64	220.6	
302	10819	16-May-18	24.242	34.862	0.09	1.59	1990.1	2301	1997.98	2310.1	8.059	8.07	8.0649	8.0758	365.1	307.3	3.48	5.3	10.54	220.3	
303	10861	27-Jun-18	25.916	34.712	0.11	1.16	1978.95	2289.5	1995.37	2308.5	8.067	8.053	8.068	8.0541	385.4	303.4	3.51	5.32	10.68	220.4	
304	10889	25-Jul-18	25.836	35.04	0.04	0.83	1989.95	2304	1987.68	2301.4	8.065	8.052	8.0675	8.0548	386.1	304.9	3.54	5.36	10.7	222.8	
305	10937	11-Sep-18	27.18	34.581	0.09	1.92	1963.45	2274.5	1987.24	2302.1	8.079	8.046	8.0729	8.0403	397.3	297.4	3.54	5.34	10.68	220.6	
306	10969	13-Oct-18	26.57	34.999	0.04	0.91	1984.15	2306.5	1984.21	2306.6	-999	-999	8.0812	8.0576	382.8	293.5	3.65	5.51	10.42	228.6	c
307	11004	17-Nov-18	25.578	35.112	0.03	1.19	1998.9	2316	1992.52	2308.6	8.062	8.053	8.0697	8.0608	381.6	304.4	3.57	5.41	10.64	225.1	
308	11028	11-Dec-18	24.605	35.129	0.03	0.76	-999	-999	-999	-999	-999	-999	-999	-999	-999	-999	-999	-999	-999	-999	o
309	11064	16-Jan-19	24.32	34.989	0.04	0.97	1989.05	2298	1989.68	2298.7	8.068	8.078	8.0606	8.0704	369.8	310.3	3.46	5.26	10.65	218.9	
310	11099	20-Feb-19	23.183	34.867	0.08	1.05	1995.2	2296	2002.81	2304.8	8.054	8.081	8.0487	8.0754	365.5	321.1	3.36	5.12	10.85	213.3	
311	11171	3-May-19	24.442	34.758	0.08	1.19	1990.85	2292	2004.71	2308	8.055	8.063	8.0513	8.0592	381.3	318.5	3.39	5.15	10.96	213.9	
312	11211	12-Jun-19	26.143	34.731	0.07	1.02	1983.9	2290.5	1999.27	2308.2	8.059	8.042	8.0611	8.0438	396.7	309.5	3.48	5.26	10.93	218	
313	11231	2-Jul-19	26.706	34.555	0.08	1.11	1966.75	2275	1992.08	2304.3	8.074	8.048	8.0686	8.043	395	301.3	3.51	5.29	10.74	218.8	
314	11263	3-Aug-19	26.94	34.565	0.09	0.92	1969.2	2277.5	1993.98	2306.2	8.075	8.046	8.0681	8.0391	399.6	302	3.51	5.3	10.8	219	
315	11296	5-Sep-19	28.096	34.697	0.05	1.11	1967	2279.5	1984.18	2299.4	8.085	8.039	8.0732	8.0272	412.1	297.6	3.58	5.38	10.83	221.9	
316	11339	18-Oct-19	27.236	34.981	0.02	1.42	1978.8	2301.5	1979.87	2302.8	8.085	8.052	8.0828	8.0494	390.4	291.6	3.67	5.52	10.46	228.8	
317	11401	19-Dec-19	25.828	34.713	0.07	1.32	1976.5	2288.5	1992.84	2307.4	8.075	8.062	8.0707	8.058	381	300.9	3.53	5.34	10.58	221.3	
318	11421	8-Jan-20	25.463	34.739	0.06	1.22	1976.3	2291	1991.1	2308.2	8.073	8.066	8.0744	8.0672	371.8	298	3.55	5.38	10.42	223	
319	11444	31-Jan-20	24.697	34.745	0.07	1.57	1984.8	2289	1999.4	2305.8	8.065	8.069	8.0571	8.0612	378.5	312.9	3.42	5.2	10.81	215.9	
320	11611	16-Jul-20	26.974	34.58	0.08	1.31	1965.85	2275	1989.7	2302.6	8.072	8.042	8.0698	8.0402	397.8	300.2	3.52	5.31	10.74	219.4	
321	11634	8-Aug-20	27.257	34.624	0.08	0.76	1965.03	2278	1986.4	2302.7	8.082	8.048	8.0751	8.0414	396.5	295.9	3.57	5.38	10.63	222	
322	11658	1-Sep-20	27.506	34.69	0.07	0.91	1966.88	2288.5	1984.5	2309	8.084	8.047	8.0869	8.0494	388.9	287.3	3.67	5.52	10.36	228	
323	11684	27-Sep-20	27.592	34.667	0.08	1.12	1966.38	2284	1985.3	2305.9	8.076	8.037	8.0813	8.0426	395.7	291.4	3.62	5.46	10.53	225.3	
324	11737	19-Nov-20	26.484	34.766	0.04	1.03	1973.65	2293	1986.9	2308.4	8.075	8.053	8.0815	8.0591	379.8	292.2	3.62	5.47	10.37	226.4	
325	11767	19-Dec-20	25.779	34.846	0.05	1.1	1980.55	2296	1989.3	2306.1	8.067	8.055	8.0735	8.0616	378	299.1	3.56	5.39	10.5	223.6	
326	11792	13-Jan-21	25.017	34.99	0.03	0.75	1990.85	2307	1991.42	2307.7	8.07	8.069	8.0712	8.0706	370.5	302.3	3.55	5.39	10.48	224.2	
327	11827	17-Feb-21	24.584	34.728	0.08	1.64	1982.45	2285.5	1997.98	2303.4	8.059	8.065	8.0559	8.0618	377.5	313.4	3.41	5.18	10.81	215	
328	11862	24-Mar-21	23.352	34.865	0.06	1.47	1997.45	2297.5	2005.18	2306.4	8.049	8.073	8.0473	8.0714	369.8	322.6	3.35	5.11	10.92	213	
329	11883	14-Apr-21	23.324	34.892	0.05	1.24	1995.33	2296	2001.51	2303.1	8.05	8.075	8.0482	8.0728	368	321.5	3.36	5.12	10.88	213.3	
330	11916	17-May-21	24.743	34.726	0.06	1.88	1987.83	2289	2003.51	2307.1	8.052	8.055	8.0522	8.0557	384.5	317.3	3.39	5.15	10.97	214	
331	11953	23-Jun-21	25.727	34.723	0.07	2.12	1985.3	2287	2001.14	2305.2	8.056	8.045	8.0534	8.0423	398.2	315.9	3.42	5.18	11.08	214.5	
332	11977	17-Jul-21	26.244	34.789	0.07	1.3	1986.45	2290	1998.5	2303.9	8.061	8.042	8.0553	8.0366	404.6	314.5	3.45	5.21	11.11	215.9	
333	12081	29-Oct-21	25.519	35.126	0.01	1.56	2005.23	2313.5	1998.03	2305.2	8.064	8.056	8.0554	8.0473	396	316.8	3.48	5.27	11.06	219.3	
334	12118	5-Dec-21	25.014	35.009	0.06	1.2	2006.4	2309	2005.88	2308.4	8.05	8.049	8.048	8.0474	396	323.2	3.41	5.18	11.2	215.4	q
335	12231	28-Mar-22	24.497	35.094	0.04	1.12	2005.70	2307.0	2000.3	2300.8	8.053	8.060	8.0451	8.0522	390.5	325.4	3.39	5.14	11.19	214.3	
336	12291	27-May-22	24.892	34.753	0.10	1.22	1996.00	2288.0	2010.2	2304.3	8.043	8.044	8.0363	8.0376	404.3	331.7	3.30	5.01	11.49	208.1	
337	12335	10-Jul-22	25.344	35.255	0.04	1.17	2017.40	2327.5	2002.8	2310.7	8.052	8.047	8.0546	8.0491	396.2	319.2	3.50	5.30	11.10	220.8	
338	12356	31-Jul-22	25.969	35.312	0.02	1.29	2016.55	2325.0	1998.7	2304.5	8.053	8.038	8.0515	8.0368	409.0	321.4	3.49	5.28	11.28	219.8	
339	12388	01-Sep-22	26.659	35.005	0.05	1.16	1995.35	2304.0	1995.1	2303.7	8.065	8.040	8.0590	8.0341	408.8	312.6	3.51	5.30	11.10	219.7	
