MIN TEMP       200283 19390101 20201231 missing_value=99999.9 WILLIS ISLAND                             
19390101 19390131    25.4
19390201 19390228    24.6
19390301 19390331    25.0
19390401 19390430    24.7
19390501 19390531    23.4
19390601 19390630    22.6
19390701 19390731    21.8
19390801 19390831    20.6
19390901 19390930    21.6
19391001 19391031    23.0
19391101 19391130    24.7
19391201 19391231    25.6
19400101 19400131    26.0
19400201 19400229    25.6
19400301 19400331    25.1
19400401 19400430    24.3
19400501 19400531    23.4
19400601 19400630    22.3
19400701 19400731    21.7
19400801 19400831    21.8
19400901 19400930    22.0
19401001 19401031    21.9
19401101 19401130    24.6
19401201 19401231    25.3
19410101 19410131    26.2
19410201 19410228    25.4
19410301 19410331    26.2
19410401 19410430    24.7
19410501 19410531    23.5
19410601 19410630    21.8
19410701 19410731    20.8
19410801 19410831    20.1
19410901 19410930    21.3
19411001 19411031    22.0
19411101 19411130    24.0
19411201 19411231    24.5
19420101 19420131    25.5
19420201 19420228    25.6
19420301 19420331    25.7
19420401 19420430    25.1
19420501 19420531    24.1
19420601 19420630    23.0
19420701 19420731    22.3
19420801 19420831    22.4
19420901 19420930    22.7
19421001 19421031    23.2
19421101 19421130    24.5
19421201 19421231    25.2
19430101 19430131    24.3
19430201 19430228    24.9
19430301 19430331    24.8
19430401 19430430    24.5
19430501 19430531    23.6
19430601 19430630    21.9
19430701 19430731    22.2
19430801 19430831    22.5
19430901 19430930    23.0
19431001 19431031    23.8
19431101 19431130    24.8
19431201 19431231    25.9
19440101 19440131    26.4
19440201 19440229    25.9
19440301 19440331    24.6
19440401 19440430    24.3
19440501 19440531    23.1
19440601 19440630    22.3
19440701 19440731    21.6
19440801 19440831    21.4
19440901 19440930    21.7
19441001 19441031    22.2
19441101 19441130    23.4
19441201 19441231    24.7
19450101 19450131    25.1
19450201 19450228    25.5
19450301 19450331    24.8
19450401 19450430    24.3
19450501 19450531    23.0
19450601 19450630    22.4
19450701 19450731    21.3
19450801 19450831    22.3
19450901 19450930    22.8
19451001 19451031    23.5
19451101 19451130    24.3
19451201 19451231    25.1
19460101 19460131    25.8
19460201 19460228    25.8
19460301 19460331    25.9
19460401 19460430    24.4
19460501 19460531    23.3
19460601 19460630    21.3
19460701 19460731    21.1
19460801 19460831    21.2
19460901 19460930    21.8
19461001 19461031    22.5
19461101 19461130    24.2
19461201 19461231    25.0
19470101 19470131    25.5
19470201 19470228    25.4
19470301 19470331    26.0
19470401 19470430    25.0
19470501 19470531    23.5
19470601 19470630    22.7
19470701 19470731    22.1
19470801 19470831    22.4
19470901 19470930    23.0
19471001 19471031    22.5
19471101 19471130    24.3
19471201 19471231    24.8
19480101 19480131    25.1
19480201 19480229    24.8
19480301 19480331    25.6
19480401 19480430    24.2
19480501 19480531    24.0
19480601 19480630    22.2
19480701 19480731    22.3
19480801 19480831    21.3
19480901 19480930    22.0
19481001 19481031    23.5
19481101 19481130    24.5
19481201 19481231    24.7
19490101 19490131    25.1
19490201 19490228    25.7
19490301 19490331    25.5
19490401 19490430    24.3
19490501 19490531    22.7
19490601 19490630    21.6
19490701 19490731    21.4
19490801 19490831    21.7
19490901 19490930    22.7
19491001 19491031    24.4
19491101 19491130    24.6
19491201 19491231    25.4
19500101 19500131    25.5
19500201 19500228    26.0
19500301 19500331    26.0
19500401 19500430    24.8
19500501 19500531    23.9
19500601 19500630    23.0
19500701 19500731    23.0
19500801 19500831    22.7
19500901 19500930    22.8
19501001 19501031    24.5
19501101 19501130    24.7
19501201 19501231    24.8
19510101 19510131    25.3
19510201 19510228    26.0
19510301 19510331    25.5
19510401 19510430    24.5
19510501 19510531    23.3
19510601 19510630    22.5
19510701 19510731    22.5
19510801 19510831    22.3
19510901 19510930    22.4
19511001 19511031    24.0
19511101 19511130    24.7
19511201 19511231    25.8
19520101 19520131    25.7
19520201 19520229    25.8
19520301 19520331    25.5
19520401 19520430    25.7
19520501 19520531    25.0
19520601 19520630    23.7
19520701 19520731    22.5
19520801 19520831    22.5
19520901 19520930    23.0
19521001 19521031    24.4
19521101 19521130    26.0
19521201 19521231    26.2
19530101 19530131    25.8
19530201 19530228    26.1
19530301 19530331    25.0
19530401 19530430    24.9
19530501 19530531    23.6
19530601 19530630    22.6
19530701 19530731    21.7
19530801 19530831    21.6
19530901 19530930    22.3
19531001 19531031    24.3
19531101 19531130    26.1
19531201 19531231    26.1
19540101 19540131    25.7
19540201 19540228    26.2
19540301 19540331    25.6
19540401 19540430    25.1
19540501 19540531    24.4
19540601 19540630    22.8
19540701 19540731    22.3
19540801 19540831    21.6
19540901 19540930    22.1
19541001 19541031    23.4
19541101 19541130    24.5
19541201 19541231    24.8
19550101 19550131    25.1
19550201 19550228    25.5
19550301 19550331    25.3
19550401 19550430    24.7
19550501 19550531    24.5
19550601 19550630    22.5
19550701 19550731    22.4
19550801 19550831    22.2
19550901 19550930    22.3
19551001 19551031    23.9
19551101 19551130    24.3
19551201 19551231    24.7
19560101 19560131    25.1
19560201 19560229    25.8
19560301 19560331    24.9
19560401 19560430    24.7
19560501 19560531    24.3
19560601 19560630    22.9
19560701 19560731    22.4
19560801 19560831    21.9
19560901 19560930    22.2
19561001 19561031    24.2
19561101 19561130    24.7
19561201 19561231    25.5
19570101 19570131    24.9
19570201 19570228    24.6
19570301 19570331    24.8
19570401 19570430    24.7
19570501 19570531    22.9
19570601 19570630    21.8
19570701 19570731    22.0
19570801 19570831    21.7
19570901 19570930    21.7
19571001 19571031    23.3
19571101 19571130    25.0
19571201 19571231    25.2
19580101 19580131    25.4
19580201 19580228    25.6
19580301 19580331    25.9
19580401 19580430    25.1
19580501 19580531    24.4
19580601 19580630    23.0
19580701 19580731    22.3
19580801 19580831    22.3
19580901 19580930    23.0
19581001 19581031    23.3
19581101 19581130    24.0
19581201 19581231    25.1
19590101 19590131    25.5
19590201 19590228    24.6
19590301 19590331    24.8
19590401 19590430    24.4
19590501 19590531    23.0
19590601 19590630    22.3
19590701 19590731    21.4
19590801 19590831    21.0
19590901 19590930    22.4
19591001 19591031    23.2
19591101 19591130    24.6
19591201 19591231    26.2
19600101 19600131    25.6
19600201 19600229    25.7
19600301 19600331    25.1
19600401 19600430    24.4
19600501 19600531    23.8
19600601 19600630    22.4
19600701 19600731    20.9
19600801 19600831    21.6
19600901 19600930    22.7
19601001 19601031    23.6
19601101 19601130    24.7
19601201 19601231    24.9
19610101 19610131    24.5
19610201 19610228    25.7
19610301 19610331    25.0
19610401 19610430    24.7
19610501 19610531    23.3
19610601 19610630    22.1
19610701 19610731    22.1
19610801 19610831    21.2
19610901 19610930    22.2
19611001 19611031    23.3
19611101 19611130    24.9
19611201 19611231    25.4
19620101 19620131    26.2
19620201 19620228    25.7
19620301 19620331    25.7
19620401 19620430    24.9
19620501 19620531    24.2
19620601 19620630    23.1
19620701 19620731    21.5
19620801 19620831    21.8
19620901 19620930    23.0
19621001 19621031    23.9
19621101 19621130    24.8
19621201 19621231    25.1
19630101 19630131    25.5
19630201 19630228    24.7
19630301 19630331    25.6
19630401 19630430    24.9
19630501 19630531    23.8
19630601 19630630    22.4
19630701 19630731    21.3
19630801 19630831    22.1
19630901 19630930    22.2
19631001 19631031    22.6
19631101 19631130    24.1
19631201 19631231    25.3
19640101 19640131    26.0
19640201 19640229    26.6
19640301 19640331    25.4
19640401 19640430    25.1
19640501 19640531    23.7
19640601 19640630    23.2
19640701 19640731    23.1
19640801 19640831    22.8
19640901 19640930    23.5
19641001 19641031    24.7
19641101 19641130    25.0
19641201 19641231    25.3
19650101 19650131    25.1
19650201 19650228    25.0
19650301 19650331    25.3
19650401 19650430    24.6
19650501 19650531    24.1
19650601 19650630    22.1
19650701 19650731    20.1
19650801 19650831    21.3
19650901 19650930    22.2
19651001 19651031    22.8
19651101 19651130    24.1
19651201 19651231    25.0
19660101 19660131    25.3
19660201 19660228    25.9
19660301 19660331    25.8
19660401 19660430    24.7
19660501 19660531    23.5
19660601 19660630    22.2
19660701 19660731    21.7
19660801 19660831    22.0
19660901 19660930    22.6
19661001 19661031    23.1
19661101 19661130    24.3
19661201 19661231    24.6
19670101 19670131    25.7
19670201 19670228    25.4
19670301 19670331    25.3
19670401 19670430    24.4
19670501 19670531    23.1
19670601 19670630    22.5
19670701 19670731    21.5
19670801 19670831    22.8
19670901 19670930    22.4
19671001 19671031    23.5
19671101 19671130    24.3
19671201 19671231    25.0
19680101 19680131    25.3
19680201 19680229    25.0
19680301 19680331    25.5
19680401 19680430    24.5
19680501 19680531    24.3
19680601 19680630    22.3
19680701 19680731    22.0
19680801 19680831    22.3
19680901 19680930    22.7
19681001 19681031    23.5
19681101 19681130    24.3
19681201 19681231    25.0
19690101 19690131    25.3
19690201 19690228    25.7
19690301 19690331    25.7
19690401 19690430    24.8
19690501 19690531    24.5
19690601 19690630    23.2
19690701 19690731    22.3
19690801 19690831    22.4
19690901 19690930    22.5
19691001 19691031    23.5
19691101 19691130    25.0
19691201 19691231    26.1
19700101 19700131    25.9
19700201 19700228    25.5
19700301 19700331    25.5
19700401 19700430    24.9
19700501 19700531    23.9
19700601 19700630    22.7
19700701 19700731    22.2
19700801 19700831    22.1
19700901 19700930    23.3
19701001 19701031    24.0
19701101 19701130    24.8
19701201 19701231    25.1
19710101 19710131    26.1
19710201 19710228    25.2
19710301 19710331    25.0
19710401 19710430    24.3
19710501 19710531    23.9
19710601 19710630    22.5
19710701 19710731    21.4
19710801 19710831    22.5
19710901 19710930    23.2
19711001 19711031    24.8
19711101 19711130    25.5
19711201 19711231    25.7
19720101 19720131    25.5
19720201 19720229    24.9
19720301 19720331    24.9
19720401 19720430    24.1
19720501 19720531    22.5
19720601 19720630    21.6
19720701 19720731    21.5
19720801 19720831    21.0
19720901 19720930    21.1
19721001 19721031    23.3
19721101 19721130    24.6
19721201 19721231    24.7
19730101 19730131    25.9
19730201 19730228    26.5
19730301 19730331    25.6
19730401 19730430    24.6
19730501 19730531    24.5
19730601 19730630    23.9
19730701 19730731    22.7
19730801 19730831    23.1
19730901 19730930    23.4
19731001 19731031    24.2
19731101 19731130    25.4
19731201 19731231    25.3
19740101 19740131    24.8
19740201 19740228    25.2
19740301 19740331    25.3
19740401 19740430    25.3
19740501 19740531    23.5
19740601 19740630    22.5
19740701 19740731    22.3
19740801 19740831    22.3
19740901 19740930    23.2
19741001 19741031    23.8
19741101 19741130    24.6
19741201 19741231    25.0
19750101 19750131    25.7
19750201 19750228    25.7
19750301 19750331    25.9
19750401 19750430    24.7
19750501 19750531    23.6
19750601 19750630    22.0
19750701 19750731    22.3
19750801 19750831    22.0
19750901 19750930    23.2
19751001 19751031    24.2
19751101 19751130    25.0
19751201 19751231    25.3
19760101 19760131    26.0
19760201 19760229    25.3
19760301 19760331    25.8
19760401 19760430    24.7
19760501 19760531    24.0
19760601 19760630    22.9
19760701 19760731    21.8
19760801 19760831    21.3
19760901 19760930    21.9
19761001 19761031    24.0
19761101 19761130    26.2
19761201 19761231    27.0
19770101 19770131    26.0
19770201 19770228    26.4
19770301 19770331    25.7
19770401 19770430    24.8
19770501 19770531    24.1
19770601 19770630    22.4
19770701 19770731    21.7
19770801 19770831    22.0
19770901 19770930    22.5
19771001 19771031    23.1
19771101 19771130    24.7
19771201 19771231    25.1
19780101 19780131    25.7
19780201 19780228    25.7
19780301 19780331    25.8
19780401 19780430    24.4
19780501 19780531    23.7
19780601 19780630    22.7
19780701 19780731    22.4
19780801 19780831    22.3
19780901 19780930    22.9
19781001 19781031    22.6
19781101 19781130    24.5
19781201 19781231    25.6
19790101 19790131    25.5
19790201 19790228    25.8
19790301 19790331    24.9
19790401 19790430    24.3
19790501 19790531    23.7
19790601 19790630    22.6
19790701 19790731    21.5
19790801 19790831    21.0
19790901 19790930    22.0
19791001 19791031    23.1
19791101 19791130    24.1
19791201 19791231    25.1
19800101 19800131    26.5
19800201 19800229    26.0
19800301 19800331    25.2
19800401 19800430    24.3
19800501 19800531    24.1
19800601 19800630    22.6
19800701 19800731    21.9
19800801 19800831    21.6
19800901 19800930    22.5
19801001 19801031    23.5
19801101 19801130    24.4
19801201 19801231    25.0
19810101 19810131    24.7
19810201 19810228    25.7
19810301 19810331    25.7
19810401 19810430    25.3
19810501 19810531    23.8
19810601 19810630    23.2
19810701 19810731    23.0
19810801 19810831    22.0
19810901 19810930    22.1
19811001 19811031    23.1
19811101 19811130    24.7
19811201 19811231    26.2
19820101 19820131    26.3
19820201 19820228    25.5
19820301 19820331    25.6
19820401 19820430    24.6
19820501 19820531    23.9
19820601 19820630    21.8
19820701 19820731    21.2
19820801 19820831    20.4
19820901 19820930    22.1
19821001 19821031    22.3
19821101 19821130    23.7
19821201 19821231    25.3
19830101 19830131    25.6
19830201 19830228    25.0
19830301 19830331    25.3
19830401 19830430    25.8
19830501 19830531    24.8
19830601 19830630    23.1
19830701 19830731    21.7
19830801 19830831    22.1
19830901 19830930    23.2
19831001 19831031    24.0
19831101 19831130    25.1
19831201 19831231    25.0
19840101 19840131    25.3
19840201 19840229    25.1
19840301 19840331    25.7
19840401 19840430    25.2
19840501 19840531    23.6
19840601 19840630    22.8
19840701 19840731    21.7
19840801 19840831    22.2
19840901 19840930    23.3
19841001 19841031    23.5
19841101 19841130    24.9
19841201 19841231    26.1
19850101 19850131    25.9
19850201 19850228    25.4
19850301 19850331    25.6
19850401 19850430    25.2
19850501 19850531    24.3
19850601 19850630    22.5
19850701 19850731    21.5
19850801 19850831    22.4
19850901 19850930    22.4
19851001 19851031    24.0
19851101 19851130    25.2
19851201 19851231    26.0
19860101 19860131    25.9
19860201 19860228    26.2
19860301 19860331    25.4
19860401 19860430    25.1
19860501 19860531    24.2
19860601 19860630    22.8
19860701 19860731    22.2
19860801 19860831    22.2
19860901 19860930    22.7
19861001 19861031    24.4
19861101 19861130    24.7
19861201 19861231    25.3
19870101 19870131    26.3
19870201 19870228    25.9
19870301 19870331    25.6
19870401 19870430    24.7
19870501 19870531    24.3
19870601 19870630    23.4
19870701 19870731    21.8
19870801 19870831    22.2
19870901 19870930    22.7
19871001 19871031    24.2
19871101 19871130    25.4
19871201 19871231    25.6
19880101 19880131    26.3
19880201 19880229    25.9
19880301 19880331    25.6
19880401 19880430    25.6
19880501 19880531    24.7
19880601 19880630    23.1
19880701 19880731    23.1
19880801 19880831    22.9
19880901 19880930    23.3
19881001 19881031    24.9
19881101 19881130    25.1
19881201 19881231    25.7
19890101 19890131    25.7
19890201 19890228    25.0
19890301 19890331    25.4
19890401 19890430    24.3
19890501 19890531    23.8
19890601 19890630    22.6
19890701 19890731    22.3
19890801 19890831    22.0
19890901 19890930    23.1
19891001 19891031    24.3
19891101 19891130    25.0
19891201 19891231    25.1
19900101 19900131    25.8
19900201 19900228    26.6
19900301 19900331    26.0
19900401 19900430    25.4
19900501 19900531    24.9
19900601 19900630    23.5
19900701 19900731    23.1
19900801 19900831    21.8
19900901 19900930    22.0
19901001 19901031    23.2
19901101 19901130    24.7
19901201 19901231    25.0
19910101 19910131    26.2
19910201 19910228    25.5
19910301 19910331    24.6
19910401 19910430    24.6
19910501 19910531    23.1
19910601 19910630    22.9
19910701 19910731    22.4
19910801 19910831    22.4
19910901 19910930    22.4
19911001 19911031    23.7
19911101 19911130    24.3
19911201 19911231    25.6
19920101 19920131    26.0
19920201 19920229    26.3
19920301 19920331    25.3
19920401 19920430    24.3
19920501 19920531    24.0
19920601 19920630    22.3
19920701 19920731    21.8
19920801 19920831    22.1
19920901 19920930    23.2
19921001 19921031    23.0
19921101 19921130    24.2
19921201 19921231    24.8
19930101 19930131    24.8
19930201 19930228    25.2
19930301 19930331    25.7
19930401 19930430    24.4
19930501 19930531    23.1
19930601 19930630    22.9
19930701 19930731    22.6
19930801 19930831    21.7
19930901 19930930    22.4
19931001 19931031    23.4
19931101 19931130    24.8
19931201 19931231    25.5
19940101 19940131    26.9
19940201 19940228    26.8
19940301 19940331    26.2
19940401 19940430    24.5
19940501 19940531    24.2
19940601 19940630    22.8
19940701 19940731    21.5
19940801 19940831    21.7
19940901 19940930    22.4
19941001 19941031    23.8
19941101 19941130    24.7
19941201 19941231    24.8
19950101 19950131    25.7
19950201 19950228    26.0
19950301 19950331    25.7
19950401 19950430    25.5
19950501 19950531    24.3
19950601 19950630    22.8
19950701 19950731    22.4
19950801 19950831    21.7
19950901 19950930    23.0
19951001 19951031    24.3
19951101 19951130    25.7
19951201 19951231    26.4
19960101 19960131    26.1
19960201 19960229    25.7
19960301 19960331    25.5
19960401 19960430    25.9
19960501 19960531    24.6
19960601 19960630    23.4
19960701 19960731    22.0
19960801 19960831    22.6
19960901 19960930    22.8
19961001 19961031    24.3
19961101 19961130    25.3
19961201 19961231    26.2
19970101 19970131    25.9
19970201 19970228    26.2
19970301 19970331    24.5
19970401 19970430    23.6
19970501 19970531    23.6
19970601 19970630    22.3
19970701 19970731    21.9
19970801 19970831    21.0
19970901 19970930    22.1
19971001 19971031    22.7
19971101 19971130    24.3
19971201 19971231    26.0
19980101 19980131    25.9
19980201 19980228    26.7
19980301 19980331    26.4
19980401 19980430    26.3
19980501 19980531    25.2
19980601 19980630    24.2
19980701 19980731    23.7
19980801 19980831    23.4
19980901 19980930    24.1
19981001 19981031    25.5
19981101 19981130    25.0
19981201 19981231    25.8
19990101 19990131    26.0
19990201 19990228    26.0
19990301 19990331    25.8
19990401 19990430    25.2
19990501 19990531    24.4
19990601 19990630    23.5
19990701 19990731    21.9
19990801 19990831    21.8
19990901 19990930    22.9
19991001 19991031    24.7
19991101 19991130    25.5
19991201 19991231    25.4
20000101 20000131    25.8
20000201 20000229    25.6
20000301 20000331    25.6
20000401 20000430    25.5
20000501 20000531    24.4
20000601 20000630    22.5
20000701 20000731    21.6
20000801 20000831    22.3
20000901 20000930    23.1
20001001 20001031    24.4
20001101 20001130    25.8
20001201 20001231    25.5
20010101 20010131    26.0
20010201 20010228    25.4
20010301 20010331    25.7
20010401 20010430    25.2
20010501 20010531    24.0
20010601 20010630    22.8
20010701 20010731    22.1
20010801 20010831    22.1
20010901 20010930    23.4
20011001 20011031    24.3
20011101 20011130    25.9
20011201 20011231    26.8
20020101 20020131    26.8
20020201 20020228    27.0
20020301 20020331    25.6
20020401 20020430    25.1
20020501 20020531    24.0
20020601 20020630    23.3
20020701 20020731    22.0
20020801 20020831    21.9
20020901 20020930    22.8
20021001 20021031    24.1
20021101 20021130    24.4
20021201 20021231    25.8
20030101 20030131    25.8
20030201 20030228    26.4
20030301 20030331    26.0
20030401 20030430    25.2
20030501 20030531    24.2
20030601 20030630    23.1
20030701 20030731    22.6
20030801 20030831    22.1
20030901 20030930    22.9
20031001 20031031    24.3
20031101 20031130    24.6
20031201 20031231    26.4
20040101 20040131    26.8
20040201 20040229    26.7
20040301 20040331    25.4
20040401 20040430    24.8
20040501 20040531    24.4
20040601 20040630 99999.9
20040701 20040731 99999.9
20040801 20040831 99999.9
20040901 20040930 99999.9
20041001 20041031 99999.9
20041101 20041130 99999.9
20041201 20041231 99999.9
20050101 20050131 99999.9
20050201 20050228 99999.9
20050301 20050331 99999.9
20050401 20050430 99999.9
20050501 20050531 99999.9
20050601 20050630 99999.9
20050701 20050731 99999.9
20050801 20050831 99999.9
20050901 20050930 99999.9
20051001 20051031 99999.9
20051101 20051130 99999.9
20051201 20051231 99999.9
20060101 20060131 99999.9
20060201 20060228 99999.9
20060301 20060331 99999.9
20060401 20060430 99999.9
20060501 20060531 99999.9
20060601 20060630 99999.9
20060701 20060731 99999.9
20060801 20060831 99999.9
20060901 20060930 99999.9
20061001 20061031 99999.9
20061101 20061130    24.7
20061201 20061231    25.3
20070101 20070131    25.9
20070201 20070228    25.5
20070301 20070331    26.0
20070401 20070430    24.5
20070501 20070531    24.4
20070601 20070630    23.0
20070701 20070731    21.8
20070801 20070831    22.6
20070901 20070930    22.8
20071001 20071031    24.5
20071101 20071130    24.8
20071201 20071231    25.9
20080101 20080131    25.9
20080201 20080229    25.6
20080301 20080331    24.9
20080401 20080430    24.9
20080501 20080531    23.3
20080601 20080630    23.1
20080701 20080731    22.8
20080801 20080831    22.7
20080901 20080930    23.6
20081001 20081031    24.1
20081101 20081130    25.7
20081201 20081231    26.9
20090101 20090131    26.2
20090201 20090228    26.2
20090301 20090331    25.6
20090401 20090430    25.4
20090501 20090531    24.1
20090601 20090630    23.7
20090701 20090731    22.3
20090801 20090831    22.8
20090901 20090930    23.6
20091001 20091031    23.7
20091101 20091130    24.4
20091201 20091231    26.0
20100101 20100131    25.7
20100201 20100228    26.9
20100301 20100331    26.1
20100401 20100430    25.7
20100501 20100531    25.0
20100601 20100630    24.1
20100701 20100731    23.8
20100801 20100831    23.6
20100901 20100930    24.8
20101001 20101031    25.0
20101101 20101130    25.0
20101201 20101231    26.5
20110101 20110131    25.5
20110201 20110228    25.7
20110301 20110331    26.1
20110401 20110430    25.0
20110501 20110531    23.6
20110601 20110630    22.3
20110701 20110731    22.0
20110801 20110831    21.7
20110901 20110930    22.8
20111001 20111031    24.4
20111101 20111130    25.2
20111201 20111231    26.5
20120101 20120131    26.2
20120201 20120229    26.2
20120301 20120331    25.8
20120401 20120430    24.9
20120501 20120531    24.6
20120601 20120630    22.8
20120701 20120731    22.7
20120801 20120831    22.5
20120901 20120930    23.2
20121001 20121031    23.9
20121101 20121130    24.6
20121201 20121231    25.4
20130101 20130131    26.3
20130201 20130228    26.0
20130301 20130331    25.4
20130401 20130430    25.1
20130501 20130531    24.0
20130601 20130630    23.5
20130701 20130731    22.4
20130801 20130831    22.5
20130901 20130930    23.0
20131001 20131031    24.3
20131101 20131130    25.2
20131201 20131231    25.6
20140101 20140131    26.0
20140201 20140228    25.6
20140301 20140331    25.5
20140401 20140430    25.4
20140501 20140531    24.1
20140601 20140630    23.5
20140701 20140731    22.0
20140801 20140831    22.5
20140901 20140930    22.7
20141001 20141031    23.3
20141101 20141130    25.1
20141201 20141231    26.3
20150101 20150131    26.3
20150201 20150228    26.3
20150301 20150331    25.6
20150401 20150430    25.2
20150501 20150531    24.4
20150601 20150630    23.1
20150701 20150731    22.6
20150801 20150831    22.4
20150901 20150930    22.8
20151001 20151031    23.1
20151101 20151130    25.2
20151201 20151231    25.5
20160101 20160131    26.8
20160201 20160229    27.2
20160301 20160331    26.6
20160401 20160430    26.0
20160501 20160531    25.6
20160601 20160630    24.1
20160701 20160731    23.5
20160801 20160831    22.4
20160901 20160930    24.2
20161001 20161031    24.6
20161101 20161130    25.5
20161201 20161231    25.9
20170101 20170131    26.4
20170201 20170228    26.8
20170301 20170331    26.2
20170401 20170430    25.8
20170501 20170531    24.8
20170601 20170630    23.6
20170701 20170731    23.4
20170801 20170831    23.0
20170901 20170930    23.3
20171001 20171031    24.8
20171101 20171130    25.4
20171201 20171231    26.2
20180101 20180131    26.2
20180201 20180228    26.3
20180301 20180331    26.1
20180401 20180430    25.4
20180501 20180531    24.0
20180601 20180630    22.9
20180701 20180731    23.0
20180801 20180831    22.8
20180901 20180930    23.0
20181001 20181031    24.3
20181101 20181130    25.9
20181201 20181231    26.3
20190101 20190131    25.6
20190201 20190228    26.1
20190301 20190331    25.8
20190401 20190430    25.5
20190501 20190531    24.1
20190601 20190630    23.2
20190701 20190731    22.6
20190801 20190831    22.6
20190901 20190930    22.8
20191001 20191031    23.9
20191101 20191130    24.5
20191201 20191231    25.7
20200101 20200131    26.6
20200201 20200229    27.6
20200301 20200331    26.2
20200401 20200430    25.7
20200501 20200531    24.1
20200601 20200630    23.8
20200701 20200731    22.8
20200801 20200831    22.6
20200901 20200930    23.5
20201001 20201031    24.2
20201101 20201130    25.2
20201201 20201231    26.4
