MIN TEMP       200284 19600101 20201231 missing_value=99999.9 COCOS ISLAND AIRPORT                      
19600101 19600131    23.8
19600201 19600229    23.9
19600301 19600331    24.9
19600401 19600430    24.8
19600501 19600531    24.8
19600601 19600630    24.4
19600701 19600731    23.7
19600801 19600831    24.0
19600901 19600930    23.7
19601001 19601031    24.5
19601101 19601130    25.0
19601201 19601231    24.2
19610101 19610131    25.0
19610201 19610228    24.8
19610301 19610331    24.9
19610401 19610430    24.6
19610501 19610531    24.6
19610601 19610630    24.5
19610701 19610731    24.0
19610801 19610831    23.6
19610901 19610930    24.2
19611001 19611031    24.0
19611101 19611130    24.5
19611201 19611231    24.6
19620101 19620131    25.0
19620201 19620228    24.7
19620301 19620331    25.1
19620401 19620430    25.2
19620501 19620531    25.8
19620601 19620630    24.5
19620701 19620731    23.8
19620801 19620831    24.2
19620901 19620930    24.1
19621001 19621031    23.5
19621101 19621130    24.2
19621201 19621231    24.3
19630101 19630131    24.8
19630201 19630228    24.4
19630301 19630331    25.2
19630401 19630430    25.1
19630501 19630531    25.1
19630601 19630630    24.6
19630701 19630731    24.4
19630801 19630831    23.7
19630901 19630930    23.6
19631001 19631031    23.8
19631101 19631130    25.0
19631201 19631231    24.7
19640101 19640131    25.0
19640201 19640229    25.0
19640301 19640331    25.6
19640401 19640430    25.9
19640501 19640531    25.1
19640601 19640630    24.7
19640701 19640731    23.7
19640801 19640831    24.0
19640901 19640930    24.2
19641001 19641031    23.8
19641101 19641130    24.0
19641201 19641231    24.3
19650101 19650131    24.2
19650201 19650228    24.9
19650301 19650331    24.6
19650401 19650430    25.2
19650501 19650531    25.1
19650601 19650630    24.3
19650701 19650731    24.0
19650801 19650831    23.6
19650901 19650930    24.2
19651001 19651031    24.4
19651101 19651130    24.0
19651201 19651231    24.5
19660101 19660131    24.4
19660201 19660228    24.1
19660301 19660331    24.7
19660401 19660430    25.0
19660501 19660531    24.9
19660601 19660630    24.7
19660701 19660731    23.3
19660801 19660831    24.3
19660901 19660930    23.5
19661001 19661031    23.6
19661101 19661130    24.5
19661201 19661231    24.3
19670101 19670131    24.7
19670201 19670228    24.5
19670301 19670331    25.0
19670401 19670430    25.5
19670501 19670531    26.1
19670601 19670630    24.7
19670701 19670731    23.5
19670801 19670831    23.4
19670901 19670930    23.7
19671001 19671031    23.8
19671101 19671130    24.1
19671201 19671231    24.0
19680101 19680131    24.3
19680201 19680229    24.3
19680301 19680331    24.6
19680401 19680430    24.8
19680501 19680531    24.8
19680601 19680630    23.4
19680701 19680731    23.1
19680801 19680831    23.1
19680901 19680930    23.5
19681001 19681031    23.7
19681101 19681130    25.4
19681201 19681231    24.8
19690101 19690131    24.7
19690201 19690228    24.7
19690301 19690331    25.3
19690401 19690430    25.4
19690501 19690531    25.8
19690601 19690630    24.9
19690701 19690731    25.0
19690801 19690831    24.5
19690901 19690930    23.7
19691001 19691031    24.6
19691101 19691130    25.0
19691201 19691231    24.7
19700101 19700131    24.7
19700201 19700228    25.2
19700301 19700331    25.7
19700401 19700430    24.9
19700501 19700531    25.1
19700601 19700630    24.9
19700701 19700731    24.1
19700801 19700831    24.5
19700901 19700930    24.2
19701001 19701031    24.8
19701101 19701130    24.4
19701201 19701231    24.6
19710101 19710131    24.4
19710201 19710228    24.8
19710301 19710331    24.8
19710401 19710430    25.2
19710501 19710531    25.4
19710601 19710630    23.9
19710701 19710731    24.3
19710801 19710831    25.1
19710901 19710930    24.7
19711001 19711031    24.4
19711101 19711130    23.6
19711201 19711231    24.2
19720101 19720131    24.4
19720201 19720229    25.0
19720301 19720331    25.5
19720401 19720430    25.4
19720501 19720531    25.4
19720601 19720630    24.1
19720701 19720731    24.0
19720801 19720831    23.9
19720901 19720930    24.1
19721001 19721031    24.2
19721101 19721130    25.1
19721201 19721231    25.4
19730101 19730131    25.9
19730201 19730228    25.5
19730301 19730331    26.0
19730401 19730430    25.9
19730501 19730531    25.3
19730601 19730630    24.8
19730701 19730731    23.8
19730801 19730831    24.5
19730901 19730930    24.5
19731001 19731031    25.4
19731101 19731130    24.2
19731201 19731231    24.3
19740101 19740131    24.8
19740201 19740228    24.7
19740301 19740331    25.5
19740401 19740430    24.8
19740501 19740531    25.5
19740601 19740630    24.9
19740701 19740731    24.1
19740801 19740831    23.8
19740901 19740930    25.0
19741001 19741031    24.1
19741101 19741130    24.5
19741201 19741231    24.3
19750101 19750131    24.6
19750201 19750228    24.9
19750301 19750331    24.8
19750401 19750430    25.5
19750501 19750531    24.8
19750601 19750630    24.5
19750701 19750731    23.5
19750801 19750831    24.6
19750901 19750930    24.7
19751001 19751031    24.3
19751101 19751130    24.3
19751201 19751231    24.4
19760101 19760131    24.8
19760201 19760229    24.7
19760301 19760331    25.0
19760401 19760430    25.7
19760501 19760531    25.4
19760601 19760630    24.7
19760701 19760731    24.0
19760801 19760831    23.9
19760901 19760930    24.1
19761001 19761031    24.4
19761101 19761130    24.5
19761201 19761231    24.9
19770101 19770131    25.2
19770201 19770228    25.3
19770301 19770331    25.7
19770401 19770430    26.1
19770501 19770531    25.8
19770601 19770630    25.0
19770701 19770731    24.6
19770801 19770831    24.1
19770901 19770930    23.2
19771001 19771031    24.6
19771101 19771130    25.2
19771201 19771231    24.7
19780101 19780131    25.2
19780201 19780228    25.4
19780301 19780331    25.8
19780401 19780430    25.2
19780501 19780531    24.6
19780601 19780630    23.9
19780701 19780731    23.1
19780801 19780831    23.4
19780901 19780930    23.8
19781001 19781031    24.5
19781101 19781130    24.9
19781201 19781231    25.5
19790101 19790131    25.0
19790201 19790228    25.9
19790301 19790331    25.3
19790401 19790430    24.8
19790501 19790531    24.5
19790601 19790630    24.2
19790701 19790731    23.9
19790801 19790831    22.6
19790901 19790930    23.4
19791001 19791031    23.8
19791101 19791130    25.0
19791201 19791231    25.1
19800101 19800131    25.4
19800201 19800229    25.3
19800301 19800331    26.2
19800401 19800430    25.2
19800501 19800531    25.6
19800601 19800630    24.4
19800701 19800731    23.5
19800801 19800831    24.0
19800901 19800930    24.3
19801001 19801031    24.4
19801101 19801130    24.6
19801201 19801231    24.6
19810101 19810131    24.1
19810201 19810228    24.2
19810301 19810331    24.9
19810401 19810430    24.7
19810501 19810531    25.5
19810601 19810630    24.4
19810701 19810731    24.3
19810801 19810831    24.0
19810901 19810930    24.6
19811001 19811031    24.9
19811101 19811130    24.1
19811201 19811231    24.5
19820101 19820131    24.6
19820201 19820228    25.1
19820301 19820331    24.7
19820401 19820430    25.0
19820501 19820531    25.1
19820601 19820630    24.5
19820701 19820731    24.0
19820801 19820831    23.9
19820901 19820930    23.3
19821001 19821031    24.2
19821101 19821130    24.8
19821201 19821231    25.5
19830101 19830131    25.5
19830201 19830228    26.3
19830301 19830331    26.5
19830401 19830430    26.1
19830501 19830531    25.6
19830601 19830630    25.1
19830701 19830731    24.4
19830801 19830831    24.9
19830901 19830930    24.9
19831001 19831031    25.1
19831101 19831130    25.0
19831201 19831231    24.7
19840101 19840131    25.0
19840201 19840229    24.4
19840301 19840331    24.8
19840401 19840430    25.4
19840501 19840531    25.3
19840601 19840630    25.3
19840701 19840731    24.4
19840801 19840831    24.5
19840901 19840930    24.5
19841001 19841031    24.8
19841101 19841130    25.4
19841201 19841231    24.9
19850101 19850131    25.4
19850201 19850228    24.7
19850301 19850331    25.4
19850401 19850430    25.1
19850501 19850531    25.8
19850601 19850630    24.8
19850701 19850731    24.1
19850801 19850831    24.2
19850901 19850930    24.4
19851001 19851031    24.5
19851101 19851130    24.8
19851201 19851231    24.8
19860101 19860131    24.9
19860201 19860228    24.6
19860301 19860331    25.4
19860401 19860430    25.2
19860501 19860531    24.8
19860601 19860630    23.9
19860701 19860731    23.2
19860801 19860831    22.9
19860901 19860930    23.1
19861001 19861031    23.4
19861101 19861130    24.2
19861201 19861231    24.6
19870101 19870131    24.6
19870201 19870228    24.7
19870301 19870331    25.7
19870401 19870430    25.9
19870501 19870531    25.0
19870601 19870630    24.9
19870701 19870731    24.5
19870801 19870831    24.5
19870901 19870930    23.8
19871001 19871031    24.4
19871101 19871130    24.6
19871201 19871231    24.5
19880101 19880131    25.0
19880201 19880229    25.7
19880301 19880331    25.4
19880401 19880430    25.9
19880501 19880531    25.0
19880601 19880630    24.5
19880701 19880731    24.1
19880801 19880831    24.5
19880901 19880930    24.6
19881001 19881031    24.6
19881101 19881130    24.3
19881201 19881231    23.8
19890101 19890131    24.7
19890201 19890228    25.1
19890301 19890331    25.3
19890401 19890430    25.2
19890501 19890531    25.2
19890601 19890630    24.1
19890701 19890731    24.3
19890801 19890831    24.2
19890901 19890930    24.3
19891001 19891031    24.2
19891101 19891130    24.6
19891201 19891231    24.8
19900101 19900131    24.5
19900201 19900228    25.7
19900301 19900331    25.5
19900401 19900430    25.8
19900501 19900531    25.5
19900601 19900630    24.7
19900701 19900731    24.0
19900801 19900831    23.7
19900901 19900930    23.9
19901001 19901031    25.2
19901101 19901130    25.1
19901201 19901231    25.2
19910101 19910131    24.9
19910201 19910228    25.2
19910301 19910331    25.9
19910401 19910430    25.6
19910501 19910531    26.1
19910601 19910630    25.1
19910701 19910731    24.4
19910801 19910831    24.3
19910901 19910930    23.9
19911001 19911031    24.7
19911101 19911130    24.1
19911201 19911231    24.3
19920101 19920131    25.1
19920201 19920229    24.9
19920301 19920331    26.2
19920401 19920430    26.3
19920501 19920531    25.4
19920601 19920630    24.8
19920701 19920731    24.6
19920801 19920831    24.0
19920901 19920930    23.6
19921001 19921031    23.7
19921101 19921130    24.4
19921201 19921231    24.4
19930101 19930131    25.0
19930201 19930228    25.1
19930301 19930331    25.2
19930401 19930430    25.4
19930501 19930531    25.5
19930601 19930630    24.4
19930701 19930731    24.7
19930801 19930831    24.2
19930901 19930930    24.5
19931001 19931031    23.9
19931101 19931130    24.5
19931201 19931231    24.6
19940101 19940131    24.6
19940201 19940228    25.0
19940301 19940331    24.7
19940401 19940430    25.2
19940501 19940531    24.5
19940601 19940630    23.9
19940701 19940731    23.0
19940801 19940831    23.9
19940901 19940930    23.0
19941001 19941031    24.1
19941101 19941130    24.9
19941201 19941231    24.6
19950101 19950131    24.8
19950201 19950228    24.9
19950301 19950331    25.2
19950401 19950430    25.0
19950501 19950531    26.2
19950601 19950630    24.5
19950701 19950731    24.2
19950801 19950831    24.6
19950901 19950930    23.8
19951001 19951031    24.7
19951101 19951130    24.8
19951201 19951231    24.4
19960101 19960131    25.4
19960201 19960229    25.7
19960301 19960331    25.2
19960401 19960430    25.8
19960501 19960531    25.4
19960601 19960630    25.5
19960701 19960731    24.4
19960801 19960831    24.3
19960901 19960930    24.8
19961001 19961031    25.2
19961101 19961130    25.3
19961201 19961231    24.5
19970101 19970131    25.0
19970201 19970228    24.6
19970301 19970331    25.4
19970401 19970430    25.5
19970501 19970531    25.3
19970601 19970630    25.7
19970701 19970731    24.7
19970801 19970831    23.3
19970901 19970930    23.8
19971001 19971031    24.4
19971101 19971130    24.8
19971201 19971231    25.7
19980101 19980131    25.7
19980201 19980228    26.6
19980301 19980331    26.8
19980401 19980430    26.6
19980501 19980531    26.1
19980601 19980630    25.1
19980701 19980731    24.5
19980801 19980831    24.9
19980901 19980930    24.7
19981001 19981031    25.3
19981101 19981130    25.6
19981201 19981231    25.6
19990101 19990131    25.8
19990201 19990228    25.4
19990301 19990331    25.7
19990401 19990430    26.1
19990501 19990531    25.9
19990601 19990630    25.7
19990701 19990731    24.6
19990801 19990831    25.4
19990901 19990930    25.8
19991001 19991031    25.8
19991101 19991130    25.0
19991201 19991231    24.8
20000101 20000131    25.2
20000201 20000229    25.0
20000301 20000331    24.7
20000401 20000430    25.2
20000501 20000531    24.7
20000601 20000630    24.4
20000701 20000731    24.5
20000801 20000831    24.6
20000901 20000930    25.0
20001001 20001031    24.4
20001101 20001130    24.2
20001201 20001231    24.5
20010101 20010131    25.2
20010201 20010228    24.3
20010301 20010331    24.8
20010401 20010430    24.9
20010501 20010531    24.9
20010601 20010630    24.8
20010701 20010731    24.2
20010801 20010831    24.1
20010901 20010930    24.1
20011001 20011031    24.4
20011101 20011130    25.0
20011201 20011231    24.8
20020101 20020131    25.4
20020201 20020228    25.3
20020301 20020331    25.4
20020401 20020430    26.1
20020501 20020531    25.6
20020601 20020630    25.5
20020701 20020731    24.1
20020801 20020831    24.3
20020901 20020930    24.1
20021001 20021031    24.6
20021101 20021130    25.0
20021201 20021231    25.1
20030101 20030131    25.7
20030201 20030228    25.7
20030301 20030331    25.6
20030401 20030430    25.6
20030501 20030531    25.8
20030601 20030630    25.4
20030701 20030731    25.0
20030801 20030831    23.7
20030901 20030930    23.7
20031001 20031031    24.1
20031101 20031130    24.2
20031201 20031231    24.8
20040101 20040131    25.6
20040201 20040229    25.6
20040301 20040331    25.3
20040401 20040430    26.0
20040501 20040531    25.6
20040601 20040630    24.7
20040701 20040731    24.5
20040801 20040831    23.9
20040901 20040930    24.0
20041001 20041031    24.6
20041101 20041130    25.1
20041201 20041231    24.9
20050101 20050131    25.5
20050201 20050228    25.8
20050301 20050331    25.9
20050401 20050430    25.2
20050501 20050531    25.6
20050601 20050630    24.4
20050701 20050731    24.2
20050801 20050831    23.5
20050901 20050930    24.3
20051001 20051031    24.4
20051101 20051130    25.1
20051201 20051231    24.9
20060101 20060131    25.2
20060201 20060228    25.2
20060301 20060331    25.7
20060401 20060430    25.0
20060501 20060531    24.8
20060601 20060630    24.6
20060701 20060731    24.1
20060801 20060831    24.6
20060901 20060930    24.4
20061001 20061031    24.4
20061101 20061130    25.0
20061201 20061231    25.3
20070101 20070131    24.4
20070201 20070228    25.8
20070301 20070331    25.3
20070401 20070430    25.2
20070501 20070531    25.5
20070601 20070630    24.9
20070701 20070731    24.4
20070801 20070831    24.6
20070901 20070930    24.4
20071001 20071031    24.5
20071101 20071130    24.8
20071201 20071231    25.3
20080101 20080131    25.2
20080201 20080229    25.2
20080301 20080331    25.1
20080401 20080430    25.2
20080501 20080531    24.8
20080601 20080630    24.5
20080701 20080731    24.4
20080801 20080831    24.5
20080901 20080930    24.3
20081001 20081031    24.5
20081101 20081130    24.3
20081201 20081231    24.3
20090101 20090131    25.2
20090201 20090228    25.5
20090301 20090331    25.4
20090401 20090430    25.4
20090501 20090531    25.0
20090601 20090630    25.2
20090701 20090731    24.6
20090801 20090831    24.6
20090901 20090930    23.6
20091001 20091031    24.4
20091101 20091130    25.4
20091201 20091231    24.9
20100101 20100131    25.2
20100201 20100228    25.7
20100301 20100331    26.1
20100401 20100430    25.9
20100501 20100531    25.5
20100601 20100630    25.0
20100701 20100731    24.4
20100801 20100831    24.9
20100901 20100930    24.9
20101001 20101031    24.4
20101101 20101130    25.3
20101201 20101231    25.2
20110101 20110131    25.2
20110201 20110228    24.9
20110301 20110331    25.2
20110401 20110430    25.1
20110501 20110531    25.3
20110601 20110630    25.2
20110701 20110731    24.0
20110801 20110831    24.5
20110901 20110930    24.4
20111001 20111031    24.4
20111101 20111130    24.9
20111201 20111231    25.2
20120101 20120131    25.3
20120201 20120229    25.2
20120301 20120331    25.2
20120401 20120430    25.5
20120501 20120531    25.9
20120601 20120630    24.8
20120701 20120731    25.0
20120801 20120831    25.1
20120901 20120930    23.9
20121001 20121031    24.8
20121101 20121130    25.2
20121201 20121231    25.4
20130101 20130131    25.3
20130201 20130228    25.8
20130301 20130331    25.5
20130401 20130430    26.5
20130501 20130531    25.7
20130601 20130630    24.6
20130701 20130731    23.8
20130801 20130831    24.7
20130901 20130930    24.2
20131001 20131031    25.2
20131101 20131130    25.3
20131201 20131231    25.0
20140101 20140131    24.8
20140201 20140228    26.0
20140301 20140331    26.0
20140401 20140430    26.3
20140501 20140531    25.3
20140601 20140630    25.1
20140701 20140731    24.5
20140801 20140831    24.8
20140901 20140930    24.8
20141001 20141031    25.0
20141101 20141130    25.2
20141201 20141231    25.4
20150101 20150131    25.2
20150201 20150228    25.9
20150301 20150331    25.6
20150401 20150430    25.7
20150501 20150531    25.9
20150601 20150630    25.1
20150701 20150731    24.8
20150801 20150831    24.3
20150901 20150930    24.7
20151001 20151031    25.2
20151101 20151130    25.6
20151201 20151231    25.7
20160101 20160131    26.0
20160201 20160229    26.3
20160301 20160331    26.2
20160401 20160430    26.3
20160501 20160531    25.8
20160601 20160630    25.3
20160701 20160731    25.1
20160801 20160831    24.3
20160901 20160930    24.2
20161001 20161031    25.0
20161101 20161130    25.1
20161201 20161231    24.7
20170101 20170131    24.8
20170201 20170228    24.8
20170301 20170331    25.4
20170401 20170430    25.7
20170501 20170531    25.8
20170601 20170630    24.7
20170701 20170731    24.3
20170801 20170831    24.1
20170901 20170930    24.2
20171001 20171031    24.1
20171101 20171130    24.9
20171201 20171231    24.5
20180101 20180131    24.9
20180201 20180228    25.0
20180301 20180331    25.1
20180401 20180430    25.6
20180501 20180531    25.9
20180601 20180630    25.4
20180701 20180731    24.4
20180801 20180831    23.8
20180901 20180930    24.0
20181001 20181031    24.7
20181101 20181130    24.9
20181201 20181231    24.5
20190101 20190131    25.4
20190201 20190228    26.2
20190301 20190331    25.6
20190401 20190430    25.6
20190501 20190531    25.9
20190601 20190630    25.2
20190701 20190731    24.4
20190801 20190831    23.5
20190901 20190930    24.5
20191001 20191031    24.8
20191101 20191130    24.9
20191201 20191231    25.9
20200101 20200131    25.5
20200201 20200229    25.7
20200301 20200331    25.5
20200401 20200430    26.9
20200501 20200531    26.0
20200601 20200630    25.5
20200701 20200731    25.0
20200801 20200831    25.1
20200901 20200930    25.5
20201001 20201031    25.1
20201101 20201130    25.6
20201201 20201231    24.8
