MIN TEMP       300004 19500501 20201231 missing_value=99999.9 MACQUARIE ISLAND                          
19500501 19500531     2.2
19500601 19500630     0.0
19500701 19500731     1.8
19500801 19500831     0.0
19500901 19500930     2.0
19501001 19501031     2.3
19501101 19501130     2.4
19501201 19501231     3.5
19510101 19510131     4.6
19510201 19510228     4.6
19510301 19510331     4.5
19510401 19510430     3.7
19510501 19510531     2.7
19510601 19510630     0.9
19510701 19510731     1.4
19510801 19510831     1.0
19510901 19510930     0.5
19511001 19511031     0.8
19511101 19511130     2.9
19511201 19511231     4.6
19520101 19520131     4.4
19520201 19520229     4.6
19520301 19520331     3.3
19520401 19520430     2.6
19520501 19520531     1.1
19520601 19520630     1.3
19520701 19520731     2.9
19520801 19520831     2.3
19520901 19520930     2.6
19521001 19521031     1.2
19521101 19521130     2.2
19521201 19521231     5.4
19530101 19530131     5.9
19530201 19530228     4.4
19530301 19530331     4.5
19530401 19530430     3.5
19530501 19530531     2.3
19530601 19530630     1.0
19530701 19530731     1.9
19530801 19530831     1.2
19530901 19530930     0.3
19531001 19531031     2.6
19531101 19531130     2.3
19531201 19531231     3.8
19540101 19540131     4.5
19540201 19540228     4.8
19540301 19540331     5.0
19540401 19540430     3.5
19540501 19540531     3.0
19540601 19540630     0.7
19540701 19540731    -1.1
19540801 19540831     0.5
19540901 19540930     0.2
19541001 19541031     1.1
19541101 19541130     2.9
19541201 19541231     4.6
19550101 19550131     5.2
19550201 19550228     4.8
19550301 19550331     3.8
19550401 19550430     3.2
19550501 19550531     2.7
19550601 19550630     0.6
19550701 19550731     1.5
19550801 19550831     1.5
19550901 19550930     0.6
19551001 19551031     2.9
19551101 19551130     2.3
19551201 19551231     4.1
19560101 19560131     5.4
19560201 19560229     4.5
19560301 19560331     4.4
19560401 19560430     4.4
19560501 19560531     3.7
19560601 19560630     2.8
19560701 19560731     1.1
19560801 19560831     1.6
19560901 19560930     1.6
19561001 19561031     2.5
19561101 19561130     3.0
19561201 19561231     5.3
19570101 19570131     6.1
19570201 19570228     6.0
19570301 19570331     5.1
19570401 19570430     4.1
19570501 19570531     1.9
19570601 19570630     0.5
19570701 19570731     1.2
19570801 19570831     2.5
19570901 19570930     2.9
19571001 19571031     1.4
19571101 19571130     3.0
19571201 19571231     4.0
19580101 19580131     5.0
19580201 19580228     5.9
19580301 19580331     4.7
19580401 19580430     3.3
19580501 19580531     2.9
19580601 19580630     1.4
19580701 19580731     0.9
19580801 19580831     1.0
19580901 19580930     1.1
19581001 19581031     2.5
19581101 19581130     3.2
19581201 19581231     3.4
19590101 19590131     4.7
19590201 19590228     4.0
19590301 19590331     3.1
19590401 19590430     3.3
19590501 19590531     0.7
19590601 19590630     0.7
19590701 19590731     0.7
19590801 19590831     1.5
19590901 19590930     1.0
19591001 19591031     2.1
19591101 19591130     2.1
19591201 19591231     4.0
19600101 19600131     4.4
19600201 19600229     5.0
19600301 19600331     5.0
19600401 19600430     4.0
19600501 19600531     2.6
19600601 19600630     1.9
19600701 19600731     1.8
19600801 19600831 99999.9
19600901 19600930     1.5
19601001 19601031     2.8
19601101 19601130     2.7
19601201 19601231     3.5
19610101 19610131     4.3
19610201 19610228     3.4
19610301 19610331     3.0
19610401 19610430     3.2
19610501 19610531     1.8
19610601 19610630     0.9
19610701 19610731     0.0
19610801 19610831     2.1
19610901 19610930     0.6
19611001 19611031     1.9
19611101 19611130     2.7
19611201 19611231     4.2
19620101 19620131     4.5
19620201 19620228     5.5
19620301 19620331     4.7
19620401 19620430     3.5
19620501 19620531     3.3
19620601 19620630     2.2
19620701 19620731     1.6
19620801 19620831     1.4
19620901 19620930     1.7
19621001 19621031     2.5
19621101 19621130     3.2
19621201 19621231     4.2
19630101 19630131     4.7
19630201 19630228     5.0
19630301 19630331     3.8
19630401 19630430     2.9
19630501 19630531     0.1
19630601 19630630     1.8
19630701 19630731     1.2
19630801 19630831     0.2
19630901 19630930     2.1
19631001 19631031     1.7
19631101 19631130     1.3
19631201 19631231     2.6
19640101 19640131     5.3
19640201 19640229     5.1
19640301 19640331     4.2
19640401 19640430     2.9
19640501 19640531     1.8
19640601 19640630     1.1
19640701 19640731     2.2
19640801 19640831     0.2
19640901 19640930     1.6
19641001 19641031     2.6
19641101 19641130     2.6
19641201 19641231     4.9
19650101 19650131     5.5
19650201 19650228     5.2
19650301 19650331     5.3
19650401 19650430     3.5
19650501 19650531     2.7
19650601 19650630     2.7
19650701 19650731     1.7
19650801 19650831     2.0
19650901 19650930     2.4
19651001 19651031     1.5
19651101 19651130     2.1
19651201 19651231     3.1
19660101 19660131     4.2
19660201 19660228     5.3
19660301 19660331     4.8
19660401 19660430     3.6
19660501 19660531     3.2
19660601 19660630     1.0
19660701 19660731     1.3
19660801 19660831     1.8
19660901 19660930     1.7
19661001 19661031     1.3
19661101 19661130     2.6
19661201 19661231     3.6
19670101 19670131     5.5
19670201 19670228     4.8
19670301 19670331     4.7
19670401 19670430     2.9
19670501 19670531     2.3
19670601 19670630     2.6
19670701 19670731     2.2
19670801 19670831     2.3
19670901 19670930     2.1
19671001 19671031     2.1
19671101 19671130     1.7
19671201 19671231     4.1
19680101 19680131     5.1
19680201 19680229     4.9
19680301 19680331     5.0
19680401 19680430     4.5
19680501 19680531     3.8
19680601 19680630     2.7
19680701 19680731     0.9
19680801 19680831     2.2
19680901 19680930     0.9
19681001 19681031     1.1
19681101 19681130     2.9
19681201 19681231     4.6
19690101 19690131     6.0
19690201 19690228     5.5
19690301 19690331     3.5
19690401 19690430     2.8
19690501 19690531     2.7
19690601 19690630     0.5
19690701 19690731     1.3
19690801 19690831     1.5
19690901 19690930     1.1
19691001 19691031     0.0
19691101 19691130     2.8
19691201 19691231     4.1
19700101 19700131     4.6
19700201 19700228     4.6
19700301 19700331     4.8
19700401 19700430     3.3
19700501 19700531     2.8
19700601 19700630     2.2
19700701 19700731     1.8
19700801 19700831     2.0
19700901 19700930    -0.3
19701001 19701031     1.9
19701101 19701130     3.5
19701201 19701231     4.3
19710101 19710131     6.3
19710201 19710228     6.4
19710301 19710331     5.5
19710401 19710430     4.5
19710501 19710531     4.2
19710601 19710630     2.5
19710701 19710731     3.0
19710801 19710831     3.2
19710901 19710930     0.1
19711001 19711031     2.6
19711101 19711130     3.0
19711201 19711231     5.2
19720101 19720131     5.1
19720201 19720229     5.5
19720301 19720331     5.2
19720401 19720430     3.0
19720501 19720531     2.0
19720601 19720630    -0.1
19720701 19720731     0.9
19720801 19720831     2.1
19720901 19720930     0.2
19721001 19721031     0.8
19721101 19721130     2.0
19721201 19721231     3.7
19730101 19730131     4.9
19730201 19730228     4.9
19730301 19730331     4.3
19730401 19730430     3.3
19730501 19730531     1.6
19730601 19730630     1.6
19730701 19730731     3.7
19730801 19730831     2.3
19730901 19730930     1.9
19731001 19731031     1.3
19731101 19731130     1.7
19731201 19731231     4.3
19740101 19740131     5.3
19740201 19740228     5.6
19740301 19740331     4.8
19740401 19740430     3.9
19740501 19740531     1.9
19740601 19740630     1.0
19740701 19740731     1.0
19740801 19740831     0.6
19740901 19740930     2.3
19741001 19741031     1.8
19741101 19741130     3.4
19741201 19741231     6.1
19750101 19750131     7.3
19750201 19750228     6.0
19750301 19750331     6.3
19750401 19750430     3.7
19750501 19750531     1.7
19750601 19750630     1.9
19750701 19750731     1.1
19750801 19750831     0.7
19750901 19750930     0.9
19751001 19751031     1.3
19751101 19751130     3.0
19751201 19751231     3.5
19760101 19760131     4.6
19760201 19760229     5.2
19760301 19760331     4.9
19760401 19760430     3.4
19760501 19760531     2.2
19760601 19760630     0.3
19760701 19760731    -0.2
19760801 19760831     1.5
19760901 19760930     1.7
19761001 19761031     1.6
19761101 19761130     2.7
19761201 19761231     5.2
19770101 19770131     5.7
19770201 19770228     6.4
19770301 19770331     5.4
19770401 19770430     2.9
19770501 19770531     2.4
19770601 19770630     1.4
19770701 19770731     2.0
19770801 19770831     2.8
19770901 19770930     1.4
19771001 19771031     0.8
19771101 19771130     2.5
19771201 19771231     4.4
19780101 19780131     5.4
19780201 19780228     5.7
19780301 19780331     4.2
19780401 19780430     4.1
19780501 19780531     3.9
19780601 19780630     1.4
19780701 19780731     3.2
19780801 19780831     2.0
19780901 19780930     2.5
19781001 19781031     2.5
19781101 19781130     2.5
19781201 19781231     4.4
19790101 19790131     5.1
19790201 19790228     4.5
19790301 19790331     4.9
19790401 19790430     3.9
19790501 19790531     2.5
19790601 19790630     3.1
19790701 19790731     2.7
19790801 19790831     1.8
19790901 19790930     0.8
19791001 19791031     2.8
19791101 19791130     2.9
19791201 19791231     4.2
19800101 19800131     6.0
19800201 19800229     6.4
19800301 19800331     5.7
19800401 19800430     5.2
19800501 19800531     3.3
19800601 19800630     2.2
19800701 19800731     2.4
19800801 19800831     2.1
19800901 19800930     2.8
19801001 19801031     2.3
19801101 19801130     2.3
19801201 19801231     4.6
19810101 19810131     4.9
19810201 19810228     5.0
19810301 19810331     5.7
19810401 19810430     4.7
19810501 19810531     3.6
19810601 19810630     2.2
19810701 19810731     2.2
19810801 19810831     2.0
19810901 19810930     1.8
19811001 19811031     2.6
19811101 19811130     3.2
19811201 19811231     5.0
19820101 19820131     4.9
19820201 19820228     5.2
19820301 19820331     5.3
19820401 19820430     4.4
19820501 19820531     3.4
19820601 19820630     2.7
19820701 19820731     1.6
19820801 19820831     0.5
19820901 19820930     1.7
19821001 19821031     1.3
19821101 19821130     1.1
19821201 19821231     2.9
19830101 19830131     4.8
19830201 19830228     5.0
19830301 19830331     2.3
19830401 19830430     2.3
19830501 19830531     1.4
19830601 19830630     1.3
19830701 19830731     1.6
19830801 19830831     1.5
19830901 19830930     1.1
19831001 19831031     1.9
19831101 19831130     3.4
19831201 19831231     3.3
19840101 19840131     5.4
19840201 19840229     5.8
19840301 19840331     6.5
19840401 19840430     3.1
19840501 19840531     3.0
19840601 19840630     2.4
19840701 19840731     2.3
19840801 19840831     1.6
19840901 19840930     2.2
19841001 19841031     2.3
19841101 19841130     3.1
19841201 19841231     5.1
19850101 19850131     6.8
19850201 19850228     6.5
19850301 19850331     5.3
19850401 19850430     4.2
19850501 19850531     2.9
19850601 19850630     2.7
19850701 19850731     1.8
19850801 19850831     2.2
19850901 19850930     1.5
19851001 19851031     2.8
19851101 19851130     3.5
19851201 19851231     4.4
19860101 19860131     6.1
19860201 19860228     7.1
19860301 19860331     6.1
19860401 19860430     4.6
19860501 19860531     1.8
19860601 19860630     0.7
19860701 19860731     1.1
19860801 19860831     2.5
19860901 19860930     1.1
19861001 19861031     3.6
19861101 19861130     3.5
19861201 19861231     5.6
19870101 19870131     6.5
19870201 19870228     6.8
19870301 19870331     5.6
19870401 19870430     3.7
19870501 19870531     2.8
19870601 19870630     1.3
19870701 19870731     1.9
19870801 19870831     1.6
19870901 19870930     0.6
19871001 19871031     2.1
19871101 19871130     3.5
19871201 19871231     4.1
19880101 19880131     5.2
19880201 19880229     5.1
19880301 19880331     3.2
19880401 19880430     3.2
19880501 19880531     0.5
19880601 19880630     0.5
19880701 19880731     1.8
19880801 19880831     0.7
19880901 19880930     2.0
19881001 19881031     2.0
19881101 19881130     3.0
19881201 19881231     5.4
19890101 19890131     7.1
19890201 19890228     6.3
19890301 19890331     4.5
19890401 19890430     4.4
19890501 19890531     3.3
19890601 19890630     1.7
19890701 19890731     2.5
19890801 19890831     3.1
19890901 19890930     3.4
19891001 19891031     3.4
19891101 19891130     2.3
19891201 19891231     3.3
19900101 19900131     4.9
19900201 19900228     5.4
19900301 19900331     4.1
19900401 19900430     2.4
19900501 19900531     1.0
19900601 19900630     2.1
19900701 19900731     2.2
19900801 19900831     1.4
19900901 19900930     1.2
19901001 19901031     1.3
19901101 19901130     3.3
19901201 19901231     3.4
19910101 19910131     4.7
19910201 19910228     3.7
19910301 19910331     4.8
19910401 19910430     3.3
19910501 19910531     1.7
19910601 19910630     1.4
19910701 19910731     1.9
19910801 19910831     1.4
19910901 19910930     2.4
19911001 19911031     1.9
19911101 19911130     2.8
19911201 19911231     4.5
19920101 19920131     5.9
19920201 19920229     5.0
19920301 19920331     4.1
19920401 19920430     4.1
19920501 19920531     2.2
19920601 19920630     1.9
19920701 19920731     1.7
19920801 19920831     0.4
19920901 19920930     1.8
19921001 19921031     2.4
19921101 19921130     3.7
19921201 19921231     4.5
19930101 19930131     5.5
19930201 19930228     5.9
19930301 19930331     5.2
19930401 19930430     4.7
19930501 19930531     3.1
19930601 19930630     0.6
19930701 19930731     3.0
19930801 19930831     1.5
19930901 19930930     1.9
19931001 19931031     2.1
19931101 19931130     3.0
19931201 19931231     4.5
19940101 19940131     4.8
19940201 19940228     5.7
19940301 19940331     5.1
19940401 19940430     3.5
19940501 19940531     2.5
19940601 19940630     1.5
19940701 19940731     1.3
19940801 19940831     0.3
19940901 19940930    -0.3
19941001 19941031     1.9
19941101 19941130     2.2
19941201 19941231     3.7
19950101 19950131     4.7
19950201 19950228     5.1
19950301 19950331     4.2
19950401 19950430     4.2
19950501 19950531     3.0
19950601 19950630     0.6
19950701 19950731    -1.9
19950801 19950831     1.8
19950901 19950930     1.9
19951001 19951031     1.1
19951101 19951130     2.8
19951201 19951231     3.2
19960101 19960131     5.5
19960201 19960229     5.6
19960301 19960331     5.6
19960401 19960430     4.6
19960501 19960531     2.6
19960601 19960630     0.8
19960701 19960731     1.8
19960801 19960831     1.7
19960901 19960930     2.7
19961001 19961031     2.2
19961101 19961130     3.4
19961201 19961231     4.8
19970101 19970131     6.2
19970201 19970228     5.6
19970301 19970331     4.7
19970401 19970430     3.8
19970501 19970531     3.4
19970601 19970630     3.1
19970701 19970731     1.9
19970801 19970831     1.2
19970901 19970930     1.2
19971001 19971031     1.0
19971101 19971130     1.3
19971201 19971231     3.4
19980101 19980131     4.8
19980201 19980228     5.2
19980301 19980331     3.9
19980401 19980430     2.7
19980501 19980531     2.8
19980601 19980630     1.9
19980701 19980731     1.4
19980801 19980831     1.0
19980901 19980930     2.3
19981001 19981031     1.9
19981101 19981130     3.1
19981201 19981231     5.0
19990101 19990131     5.1
19990201 19990228     6.2
19990301 19990331     5.0
19990401 19990430     3.8
19990501 19990531     3.0
19990601 19990630     1.1
19990701 19990731     1.6
19990801 19990831     1.8
19990901 19990930     3.2
19991001 19991031     3.0
19991101 19991130     3.3
19991201 19991231     3.6
20000101 20000131     4.8
20000201 20000229     4.9
20000301 20000331     4.2
20000401 20000430     2.8
20000501 20000531     2.1
20000601 20000630     1.5
20000701 20000731     3.1
20000801 20000831     1.2
20000901 20000930     3.5
20001001 20001031     2.6
20001101 20001130     2.5
20001201 20001231     5.1
20010101 20010131     5.1
20010201 20010228     4.8
20010301 20010331     5.1
20010401 20010430     4.3
20010501 20010531     2.3
20010601 20010630     1.6
20010701 20010731     2.5
20010801 20010831     1.8
20010901 20010930     2.7
20011001 20011031     2.6
20011101 20011130     3.3
20011201 20011231     4.4
20020101 20020131     6.5
20020201 20020228     6.8
20020301 20020331     4.2
20020401 20020430     4.5
20020501 20020531     1.9
20020601 20020630     1.5
20020701 20020731     2.7
20020801 20020831     1.5
20020901 20020930     1.6
20021001 20021031     2.7
20021101 20021130     4.0
20021201 20021231     4.6
20030101 20030131     5.7
20030201 20030228     4.7
20030301 20030331     5.2
20030401 20030430     4.5
20030501 20030531     2.0
20030601 20030630     0.7
20030701 20030731     0.9
20030801 20030831     2.7
20030901 20030930     0.9
20031001 20031031     2.1
20031101 20031130     1.8
20031201 20031231     3.5
20040101 20040131     5.3
20040201 20040229     4.7
20040301 20040331     4.7
20040401 20040430     3.7
20040501 20040531     2.5
20040601 20040630     1.7
20040701 20040731     1.7
20040801 20040831     0.5
20040901 20040930     1.0
20041001 20041031     1.2
20041101 20041130     2.7
20041201 20041231     3.5
20050101 20050131     5.6
20050201 20050228     6.1
20050301 20050331     5.0
20050401 20050430     3.8
20050501 20050531     2.0
20050601 20050630     2.3
20050701 20050731     1.2
20050801 20050831     1.5
20050901 20050930     1.3
20051001 20051031     3.0
20051101 20051130     4.1
20051201 20051231     6.6
20060101 20060131     5.0
20060201 20060228     5.9
20060301 20060331     4.6
20060401 20060430     5.2
20060501 20060531     3.7
20060601 20060630     1.2
20060701 20060731     1.1
20060801 20060831     1.5
20060901 20060930     0.9
20061001 20061031     1.5
20061101 20061130     1.3
20061201 20061231     3.6
20070101 20070131     5.3
20070201 20070228     5.6
20070301 20070331     4.8
20070401 20070430     3.5
20070501 20070531     3.0
20070601 20070630     0.1
20070701 20070731     0.4
20070801 20070831     2.7
20070901 20070930     2.0
20071001 20071031     1.9
20071101 20071130     2.9
20071201 20071231     5.0
20080101 20080131     5.3
20080201 20080229     5.5
20080301 20080331     5.1
20080401 20080430     4.2
20080501 20080531     3.2
20080601 20080630     2.0
20080701 20080731     2.0
20080801 20080831     1.5
20080901 20080930     2.3
20081001 20081031     1.0
20081101 20081130     1.6
20081201 20081231     4.1
20090101 20090131     5.4
20090201 20090228     4.8
20090301 20090331     5.0
20090401 20090430     4.4
20090501 20090531     3.5
20090601 20090630     2.0
20090701 20090731     1.0
20090801 20090831     2.7
20090901 20090930     2.4
20091001 20091031     1.9
20091101 20091130     1.6
20091201 20091231     4.2
20100101 20100131     5.9
20100201 20100228     6.2
20100301 20100331     4.3
20100401 20100430     3.5
20100501 20100531     3.7
20100601 20100630     2.5
20100701 20100731     2.0
20100801 20100831     2.3
20100901 20100930    -0.2
20101001 20101031     2.4
20101101 20101130     4.0
20101201 20101231     4.6
20110101 20110131     5.5
20110201 20110228     5.2
20110301 20110331     4.3
20110401 20110430     3.4
20110501 20110531     2.0
20110601 20110630     2.8
20110701 20110731    -0.2
20110801 20110831     1.3
20110901 20110930     1.7
20111001 20111031     3.0
20111101 20111130     2.8
20111201 20111231     4.8
20120101 20120131     4.6
20120201 20120229     5.8
20120301 20120331     5.0
20120401 20120430     4.9
20120501 20120531     2.6
20120601 20120630     0.5
20120701 20120731     2.2
20120801 20120831     3.5
20120901 20120930     2.0
20121001 20121031     0.9
20121101 20121130     3.5
20121201 20121231     4.5
20130101 20130131     5.1
20130201 20130228     5.6
20130301 20130331     5.2
20130401 20130430     3.7
20130501 20130531     2.5
20130601 20130630     1.4
20130701 20130731     0.8
20130801 20130831     2.5
20130901 20130930     1.6
20131001 20131031     1.8
20131101 20131130     2.4
20131201 20131231     4.3
20140101 20140131     4.8
20140201 20140228     5.7
20140301 20140331     5.7
20140401 20140430     5.2
20140501 20140531     2.2
20140601 20140630     2.8
20140701 20140731     2.6
20140801 20140831     1.7
20140901 20140930     1.9
20141001 20141031     2.0
20141101 20141130     2.7
20141201 20141231     5.2
20150101 20150131     5.8
20150201 20150228     6.2
20150301 20150331     5.6
20150401 20150430     3.4
20150501 20150531     2.7
20150601 20150630     0.3
20150701 20150731     0.9
20150801 20150831     0.5
20150901 20150930     1.1
20151001 20151031     1.3
20151101 20151130     2.1
20151201 20151231     4.0
20160101 20160131     4.5
20160201 20160229     4.5
20160301 20160331     4.2
20160401 20160430     3.4
20160501 20160531     2.7
20160601 20160630     2.7
20160701 20160731     1.8
20160801 20160831     2.4
20160901 20160930     3.2
20161001 20161031     3.3
20161101 20161130     3.6
20161201 20161231     5.2
20170101 20170131     5.2
20170201 20170228     6.3
20170301 20170331     6.0
20170401 20170430     5.1
20170501 20170531     3.5
20170601 20170630     2.3
20170701 20170731     1.1
20170801 20170831     1.9
20170901 20170930     2.5
20171001 20171031     2.2
20171101 20171130     3.3
20171201 20171231     5.0
20180101 20180131     6.4
20180201 20180228     5.2
20180301 20180331     5.0
20180401 20180430     3.4
20180501 20180531     2.2
20180601 20180630     3.5
20180701 20180731     2.6
20180801 20180831     2.8
20180901 20180930     2.6
20181001 20181031     2.7
20181101 20181130     4.1
20181201 20181231     6.0
20190101 20190131     5.3
20190201 20190228     5.8
20190301 20190331     5.8
20190401 20190430     5.1
20190501 20190531     3.6
20190601 20190630     2.5
20190701 20190731     2.8
20190801 20190831     0.5
20190901 20190930     1.1
20191001 20191031     2.3
20191101 20191130     3.5
20191201 20191231     4.7
20200101 20200131     5.6
20200201 20200229     5.4
20200301 20200331     5.3
20200401 20200430     5.1
20200501 20200531     3.5
20200601 20200630     2.0
20200701 20200731     2.3
20200801 20200831     0.7
20200901 20200930     0.4
20201001 20201031     2.8
20201101 20201130     3.9
20201201 20201231     4.8
