MIN TEMP       200288 19440101 20201231 missing_value=99999.9 NORFOLK ISLAND AERO                       
19440101 19440131    19.8
19440201 19440229    20.4
19440301 19440331    18.9
19440401 19440430    17.9
19440501 19440531    16.2
19440601 19440630    13.8
19440701 19440731    14.2
19440801 19440831    13.3
19440901 19440930    13.1
19441001 19441031    14.6
19441101 19441130    16.0
19441201 19441231    18.2
19450101 19450131    19.7
19450201 19450228    19.7
19450301 19450331    19.0
19450401 19450430    18.1
19450501 19450531    15.2
19450601 19450630    14.6
19450701 19450731    13.6
19450801 19450831    13.8
19450901 19450930    13.7
19451001 19451031    14.0
19451101 19451130    16.3
19451201 19451231    17.3
19460101 19460131    19.5
19460201 19460228    20.8
19460301 19460331    19.6
19460401 19460430    18.6
19460501 19460531    16.1
19460601 19460630    15.0
19460701 19460731    13.4
19460801 19460831    12.9
19460901 19460930    13.8
19461001 19461031    13.6
19461101 19461130    15.5
19461201 19461231    17.3
19470101 19470131    18.4
19470201 19470228    18.9
19470301 19470331    18.6
19470401 19470430    17.3
19470501 19470531    15.9
19470601 19470630    14.6
19470701 19470731    12.7
19470801 19470831    12.6
19470901 19470930    13.8
19471001 19471031    14.4
19471101 19471130    15.9
19471201 19471231    17.5
19480101 19480131    20.3
19480201 19480229    19.5
19480301 19480331    19.9
19480401 19480430    18.2
19480501 19480531    15.9
19480601 19480630    14.1
19480701 19480731    13.0
19480801 19480831    13.1
19480901 19480930    14.8
19481001 19481031    14.3
19481101 19481130    15.6
19481201 19481231    17.6
19490101 19490131    18.9
19490201 19490228    20.8
19490301 19490331    20.5
19490401 19490430    16.7
19490501 19490531    15.6
19490601 19490630    14.8
19490701 19490731    14.5
19490801 19490831    12.5
19490901 19490930    13.5
19491001 19491031    15.5
19491101 19491130    15.3
19491201 19491231    17.8
19500101 19500131    19.9
19500201 19500228    20.5
19500301 19500331    19.0
19500401 19500430    17.9
19500501 19500531    17.6
19500601 19500630    16.3
19500701 19500731    14.4
19500801 19500831    13.8
19500901 19500930    13.9
19501001 19501031    14.8
19501101 19501130    16.8
19501201 19501231    19.3
19510101 19510131    20.1
19510201 19510228    19.6
19510301 19510331    19.2
19510401 19510430    17.8
19510501 19510531    15.0
19510601 19510630    14.1
19510701 19510731    13.0
19510801 19510831    12.8
19510901 19510930    12.9
19511001 19511031    15.1
19511101 19511130    16.1
19511201 19511231    17.7
19520101 19520131    19.0
19520201 19520229    19.8
19520301 19520331    19.2
19520401 19520430    18.3
19520501 19520531    16.5
19520601 19520630    15.4
19520701 19520731    13.4
19520801 19520831    12.9
19520901 19520930    12.4
19521001 19521031    15.5
19521101 19521130    15.7
19521201 19521231    16.6
19530101 19530131    17.5
19530201 19530228    19.8
19530301 19530331    18.9
19530401 19530430    17.2
19530501 19530531    16.6
19530601 19530630    13.5
19530701 19530731    12.1
19530801 19530831    13.6
19530901 19530930    13.4
19531001 19531031    14.2
19531101 19531130    16.8
19531201 19531231    17.2
19540101 19540131    20.5
19540201 19540228    20.4
19540301 19540331    19.2
19540401 19540430    17.7
19540501 19540531    16.4
19540601 19540630    15.0
19540701 19540731    14.3
19540801 19540831    12.6
19540901 19540930    13.9
19541001 19541031    14.5
19541101 19541130    17.0
19541201 19541231    17.4
19550101 19550131    18.8
19550201 19550228    21.3
19550301 19550331    20.4
19550401 19550430    19.2
19550501 19550531    18.0
19550601 19550630    14.9
19550701 19550731    12.9
19550801 19550831    13.6
19550901 19550930    14.7
19551001 19551031    15.6
19551101 19551130    16.4
19551201 19551231    19.3
19560101 19560131    20.0
19560201 19560229    20.7
19560301 19560331    19.9
19560401 19560430    18.7
19560501 19560531    16.7
19560601 19560630    15.5
19560701 19560731    12.9
19560801 19560831    12.5
19560901 19560930    13.6
19561001 19561031    14.3
19561101 19561130    15.6
19561201 19561231    18.6
19570101 19570131    19.2
19570201 19570228    20.1
19570301 19570331    18.3
19570401 19570430    17.3
19570501 19570531    14.8
19570601 19570630    13.0
19570701 19570731    12.9
19570801 19570831    13.4
19570901 19570930    12.4
19571001 19571031    13.7
19571101 19571130    16.1
19571201 19571231    16.9
19580101 19580131    19.2
19580201 19580228    20.7
19580301 19580331    20.5
19580401 19580430    17.1
19580501 19580531    15.8
19580601 19580630    15.5
19580701 19580731    13.2
19580801 19580831    13.6
19580901 19580930    13.5
19581001 19581031    14.4
19581101 19581130    15.2
19581201 19581231    17.9
19590101 19590131    20.4
19590201 19590228    19.4
19590301 19590331    18.3
19590401 19590430    17.2
19590501 19590531    14.4
19590601 19590630    14.0
19590701 19590731    13.6
19590801 19590831    13.4
19590901 19590930    14.2
19591001 19591031    14.1
19591101 19591130    17.1
19591201 19591231    19.2
19600101 19600131    19.1
19600201 19600229    19.6
19600301 19600331    18.5
19600401 19600430    16.6
19600501 19600531    17.0
19600601 19600630    14.1
19600701 19600731    13.3
19600801 19600831    12.7
19600901 19600930    14.0
19601001 19601031    14.4
19601101 19601130    15.4
19601201 19601231    16.7
19610101 19610131    18.0
19610201 19610228    19.1
19610301 19610331    18.7
19610401 19610430    18.0
19610501 19610531    15.1
19610601 19610630    14.8
19610701 19610731    13.5
19610801 19610831    12.6
19610901 19610930    13.0
19611001 19611031    15.4
19611101 19611130    17.0
19611201 19611231    18.5
19620101 19620131    20.6
19620201 19620228    20.2
19620301 19620331    19.4
19620401 19620430    18.2
19620501 19620531    17.1
19620601 19620630    14.8
19620701 19620731    13.7
19620801 19620831    13.2
19620901 19620930    13.8
19621001 19621031    15.3
19621101 19621130    15.6
19621201 19621231    17.7
19630101 19630131    19.5
19630201 19630228    20.4
19630301 19630331    19.8
19630401 19630430    17.5
19630501 19630531    16.6
19630601 19630630    14.6
19630701 19630731    13.8
19630801 19630831    13.0
19630901 19630930    13.6
19631001 19631031    14.5
19631101 19631130    15.4
19631201 19631231    17.2
19640101 19640131    19.2
19640201 19640229    19.6
19640301 19640331    19.6
19640401 19640430    18.5
19640501 19640531    15.7
19640601 19640630    15.4
19640701 19640731    14.4
19640801 19640831    13.7
19640901 19640930    13.3
19641001 19641031    14.3
19641101 19641130    15.4
19641201 19641231    17.1
19650101 19650131    18.4
19650201 19650228    18.6
19650301 19650331    17.8
19650401 19650430    17.7
19650501 19650531    14.8
19650601 19650630    14.1
19650701 19650731    12.7
19650801 19650831    12.6
19650901 19650930    13.6
19651001 19651031    14.3
19651101 19651130    15.8
19651201 19651231    17.0
19660101 19660131    18.7
19660201 19660228    20.6
19660301 19660331    19.4
19660401 19660430    17.4
19660501 19660531    14.8
19660601 19660630    14.3
19660701 19660731    13.1
19660801 19660831    12.8
19660901 19660930    13.6
19661001 19661031    14.0
19661101 19661130    15.4
19661201 19661231    17.2
19670101 19670131    18.4
19670201 19670228    19.7
19670301 19670331    19.8
19670401 19670430    18.2
19670501 19670531    16.4
19670601 19670630    15.4
19670701 19670731    14.4
19670801 19670831    14.2
19670901 19670930    13.5
19671001 19671031    15.2
19671101 19671130    16.3
19671201 19671231    17.7
19680101 19680131    19.2
19680201 19680229    19.1
19680301 19680331    20.2
19680401 19680430    18.0
19680501 19680531    16.7
19680601 19680630    13.9
19680701 19680731    12.8
19680801 19680831    13.2
19680901 19680930    12.5
19681001 19681031    14.4
19681101 19681130    16.3
19681201 19681231    16.8
19690101 19690131    18.3
19690201 19690228    19.0
19690301 19690331    18.2
19690401 19690430    17.1
19690501 19690531    16.2
19690601 19690630    14.7
19690701 19690731    12.7
19690801 19690831    13.1
19690901 19690930    13.8
19691001 19691031    13.8
19691101 19691130    16.3
19691201 19691231    18.0
19700101 19700131    20.2
19700201 19700228    19.4
19700301 19700331    19.5
19700401 19700430    17.9
19700501 19700531    15.8
19700601 19700630    14.8
19700701 19700731    13.5
19700801 19700831    14.2
19700901 19700930    14.1
19701001 19701031    15.5
19701101 19701130    16.7
19701201 19701231    18.0
19710101 19710131    20.0
19710201 19710228    20.3
19710301 19710331    19.0
19710401 19710430    17.3
19710501 19710531    16.3
19710601 19710630    14.9
19710701 19710731    13.4
19710801 19710831    14.0
19710901 19710930    14.5
19711001 19711031    15.8
19711101 19711130    16.0
19711201 19711231    17.5
19720101 19720131    18.5
19720201 19720229    19.1
19720301 19720331    20.8
19720401 19720430    17.9
19720501 19720531    15.8
19720601 19720630    14.0
19720701 19720731    13.7
19720801 19720831    12.9
19720901 19720930    13.8
19721001 19721031    14.8
19721101 19721130    17.6
19721201 19721231    17.3
19730101 19730131    19.6
19730201 19730228    19.4
19730301 19730331    19.2
19730401 19730430    17.7
19730501 19730531    17.0
19730601 19730630    16.3
19730701 19730731    14.5
19730801 19730831    14.5
19730901 19730930    14.7
19731001 19731031    15.9
19731101 19731130    18.7
19731201 19731231    18.6
19740101 19740131    19.7
19740201 19740228    21.1
19740301 19740331    19.7
19740401 19740430    18.3
19740501 19740531    16.7
19740601 19740630    15.3
19740701 19740731    14.3
19740801 19740831    13.2
19740901 19740930    13.7
19741001 19741031    14.7
19741101 19741130    16.5
19741201 19741231    17.9
19750101 19750131    18.8
19750201 19750228    20.3
19750301 19750331    20.6
19750401 19750430    18.7
19750501 19750531    16.4
19750601 19750630    14.9
19750701 19750731    13.5
19750801 19750831    14.0
19750901 19750930    14.3
19751001 19751031    15.5
19751101 19751130    16.6
19751201 19751231    18.9
19760101 19760131    20.1
19760201 19760229    18.7
19760301 19760331    19.8
19760401 19760430    17.7
19760501 19760531    15.4
19760601 19760630    14.2
19760701 19760731    13.0
19760801 19760831    13.5
19760901 19760930    12.9
19761001 19761031    14.4
19761101 19761130    15.6
19761201 19761231    17.6
19770101 19770131    17.8
19770201 19770228    19.1
19770301 19770331    19.2
19770401 19770430    17.1
19770501 19770531    16.0
19770601 19770630    13.8
19770701 19770731    13.3
19770801 19770831    13.2
19770901 19770930    12.1
19771001 19771031    14.2
19771101 19771130    16.8
19771201 19771231    17.0
19780101 19780131    18.8
19780201 19780228    19.1
19780301 19780331    19.2
19780401 19780430    18.0
19780501 19780531    15.9
19780601 19780630    15.0
19780701 19780731    13.6
19780801 19780831    13.4
19780901 19780930    13.6
19781001 19781031    13.8
19781101 19781130    16.4
19781201 19781231    17.4
19790101 19790131    19.2
19790201 19790228    18.7
19790301 19790331    19.6
19790401 19790430    17.8
19790501 19790531    16.2
19790601 19790630    15.5
19790701 19790731    13.6
19790801 19790831    12.7
19790901 19790930    13.6
19791001 19791031    14.3
19791101 19791130    16.8
19791201 19791231    18.3
19800101 19800131    19.8
19800201 19800229    19.8
19800301 19800331    17.6
19800401 19800430    17.2
19800501 19800531    16.2
19800601 19800630    14.9
19800701 19800731    13.6
19800801 19800831    12.7
19800901 19800930    13.8
19801001 19801031    14.9
19801101 19801130    15.1
19801201 19801231    16.8
19810101 19810131    18.9
19810201 19810228    21.0
19810301 19810331    20.4
19810401 19810430    18.0
19810501 19810531    16.5
19810601 19810630    15.2
19810701 19810731    13.6
19810801 19810831    12.7
19810901 19810930    12.8
19811001 19811031    14.0
19811101 19811130    15.2
19811201 19811231    19.2
19820101 19820131    19.4
19820201 19820228    19.7
19820301 19820331    18.9
19820401 19820430    16.6
19820501 19820531    15.3
19820601 19820630    13.7
19820701 19820731    12.8
19820801 19820831    12.1
19820901 19820930    13.4
19821001 19821031    13.8
19821101 19821130    15.8
19821201 19821231    17.1
19830101 19830131    18.1
19830201 19830228    18.4
19830301 19830331    19.5
19830401 19830430    19.0
19830501 19830531    16.8
19830601 19830630    15.2
19830701 19830731    12.9
19830801 19830831    13.3
19830901 19830930    14.5
19831001 19831031    15.4
19831101 19831130    16.3
19831201 19831231    17.6
19840101 19840131    18.2
19840201 19840229    18.7
19840301 19840331    19.4
19840401 19840430    17.3
19840501 19840531    16.5
19840601 19840630    15.4
19840701 19840731    14.5
19840801 19840831    14.4
19840901 19840930    14.0
19841001 19841031    14.5
19841101 19841130    17.9
19841201 19841231    18.9
19850101 19850131    19.5
19850201 19850228    19.8
19850301 19850331    19.2
19850401 19850430    18.9
19850501 19850531    15.9
19850601 19850630    15.0
19850701 19850731    13.6
19850801 19850831    13.1
19850901 19850930    14.3
19851001 19851031    15.0
19851101 19851130    16.2
19851201 19851231    18.4
19860101 19860131    20.6
19860201 19860228    19.5
19860301 19860331    19.2
19860401 19860430    18.2
19860501 19860531    17.1
19860601 19860630    14.3
19860701 19860731    13.6
19860801 19860831    13.3
19860901 19860930    12.8
19861001 19861031    15.2
19861101 19861130    16.6
19861201 19861231    17.0
19870101 19870131    18.7
19870201 19870228    19.1
19870301 19870331    18.1
19870401 19870430    17.6
19870501 19870531    16.9
19870601 19870630    14.5
19870701 19870731    13.2
19870801 19870831    14.2
19870901 19870930    14.1
19871001 19871031    15.6
19871101 19871130    15.9
19871201 19871231    17.5
19880101 19880131    19.0
19880201 19880229    19.3
19880301 19880331    19.1
19880401 19880430    18.3
19880501 19880531    17.2
19880601 19880630    16.0
19880701 19880731    14.5
19880801 19880831    13.9
19880901 19880930    15.0
19881001 19881031    16.9
19881101 19881130    17.8
19881201 19881231    18.9
19890101 19890131    19.9
19890201 19890228    19.9
19890301 19890331    19.3
19890401 19890430    18.9
19890501 19890531    16.2
19890601 19890630    15.8
19890701 19890731    13.9
19890801 19890831    13.2
19890901 19890930    13.9
19891001 19891031    15.4
19891101 19891130    16.7
19891201 19891231    17.5
19900101 19900131    19.7
19900201 19900228    20.8
19900301 19900331    20.5
19900401 19900430    18.5
19900501 19900531    16.7
19900601 19900630    14.6
19900701 19900731    13.9
19900801 19900831    13.9
19900901 19900930    13.3
19901001 19901031    15.2
19901101 19901130    16.6
19901201 19901231    18.8
19910101 19910131    19.8
19910201 19910228    19.7
19910301 19910331    18.6
19910401 19910430    17.0
19910501 19910531    15.2
19910601 19910630    14.4
19910701 19910731    14.1
19910801 19910831    13.5
19910901 19910930    14.2
19911001 19911031    14.8
19911101 19911130    14.8
19911201 19911231    17.6
19920101 19920131    19.2
19920201 19920229    20.2
19920301 19920331    18.9
19920401 19920430    17.0
19920501 19920531    15.7
19920601 19920630    14.7
19920701 19920731    13.4
19920801 19920831    13.0
19920901 19920930    13.6
19921001 19921031    13.7
19921101 19921130    16.2
19921201 19921231    17.8
19930101 19930131    18.8
19930201 19930228    18.4
19930301 19930331    18.6
19930401 19930430    16.4
19930501 19930531    15.8
19930601 19930630    14.1
19930701 19930731    14.9
19930801 19930831    13.6
19930901 19930930    13.9
19931001 19931031    15.0
19931101 19931130    15.5
19931201 19931231    17.0
19940101 19940131    20.5
19940201 19940228    19.3
19940301 19940331    18.3
19940401 19940430    17.2
19940501 19940531    16.0
19940601 19940630    14.3
19940701 19940731    12.7
19940801 19940831    12.9
19940901 19940930    13.2
19941001 19941031    14.5
19941101 19941130    16.7
19941201 19941231    17.8
19950101 19950131    19.7
19950201 19950228    19.6
19950301 19950331    19.3
19950401 19950430    18.6
19950501 19950531    16.8
19950601 19950630    14.1
19950701 19950731    13.5
19950801 19950831    12.5
19950901 19950930    14.8
19951001 19951031    15.3
19951101 19951130    17.8
19951201 19951231    18.8
19960101 19960131    20.0
19960201 19960229    21.7
19960301 19960331    19.4
19960401 19960430    18.9
19960501 19960531    16.8
19960601 19960630    14.5
19960701 19960731    14.4
19960801 19960831    14.5
19960901 19960930    15.3
19961001 19961031    15.7
19961101 19961130    16.1
19961201 19961231    18.8
19970101 19970131    18.6
19970201 19970228    19.1
19970301 19970331    18.7
19970401 19970430    16.5
19970501 19970531    16.4
19970601 19970630    14.4
19970701 19970731    13.2
19970801 19970831    12.2
19970901 19970930    14.2
19971001 19971031    14.5
19971101 19971130    16.7
19971201 19971231    20.1
19980101 19980131    19.7
19980201 19980228    21.3
19980301 19980331    20.8
19980401 19980430    18.8
19980501 19980531    17.7
19980601 19980630    16.1
19980701 19980731    15.3
19980801 19980831    14.5
19980901 19980930    15.2
19981001 19981031    16.4
19981101 19981130    17.1
19981201 19981231    18.2
19990101 19990131    20.6
19990201 19990228    21.5
19990301 19990331    20.7
19990401 19990430    18.4
19990501 19990531    18.1
19990601 19990630    15.0
19990701 19990731    14.8
19990801 19990831    13.1
19990901 19990930    14.5
19991001 19991031    16.4
19991101 19991130    16.1
19991201 19991231    17.2
20000101 20000131    18.8
20000201 20000229    19.3
20000301 20000331    18.5
20000401 20000430    17.8
20000501 20000531    16.7
20000601 20000630    14.3
20000701 20000731    14.6
20000801 20000831    13.3
20000901 20000930    14.0
20001001 20001031    15.2
20001101 20001130    15.9
20001201 20001231    17.9
20010101 20010131    19.0
20010201 20010228    19.9
20010301 20010331    20.4
20010401 20010430    18.6
20010501 20010531    16.3
20010601 20010630    14.0
20010701 20010731    14.0
20010801 20010831    13.5
20010901 20010930    14.6
20011001 20011031    16.1
20011101 20011130    17.1
20011201 20011231    18.9
20020101 20020131    19.9
20020201 20020228    20.0
20020301 20020331    19.3
20020401 20020430    17.7
20020501 20020531    16.1
20020601 20020630    14.9
20020701 20020731    13.4
20020801 20020831    13.1
20020901 20020930    14.0
20021001 20021031    14.7
20021101 20021130    15.3
20021201 20021231    17.6
20030101 20030131    18.7
20030201 20030228    19.5
20030301 20030331    19.0
20030401 20030430    18.0
20030501 20030531    16.6
20030601 20030630    15.6
20030701 20030731    13.7
20030801 20030831    12.2
20030901 20030930    13.9
20031001 20031031    14.9
20031101 20031130    15.8
20031201 20031231    18.5
20040101 20040131    19.7
20040201 20040229    20.5
20040301 20040331    19.3
20040401 20040430    16.7
20040501 20040531    16.6
20040601 20040630    15.1
20040701 20040731    13.5
20040801 20040831    12.5
20040901 20040930    13.5
20041001 20041031    15.5
20041101 20041130    16.2
20041201 20041231    18.1
20050101 20050131    19.4
20050201 20050228    19.9
20050301 20050331    19.1
20050401 20050430    17.9
20050501 20050531    16.8
20050601 20050630    14.8
20050701 20050731    14.2
20050801 20050831    13.3
20050901 20050930    14.1
20051001 20051031    15.5
20051101 20051130    16.0
20051201 20051231    18.7
20060101 20060131    19.4
20060201 20060228    19.6
20060301 20060331    19.1
20060401 20060430    18.4
20060501 20060531    15.9
20060601 20060630    13.7
20060701 20060731    13.2
20060801 20060831    12.9
20060901 20060930    13.7
20061001 20061031    14.4
20061101 20061130    16.7
20061201 20061231    16.3
20070101 20070131    18.1
20070201 20070228    19.2
20070301 20070331    19.7
20070401 20070430    17.5
20070501 20070531    16.8
20070601 20070630    15.8
20070701 20070731    14.1
20070801 20070831    14.1
20070901 20070930    14.4
20071001 20071031    15.5
20071101 20071130    16.4
20071201 20071231    18.3
20080101 20080131    20.0
20080201 20080229    19.9
20080301 20080331    19.7
20080401 20080430    18.2
20080501 20080531    15.1
20080601 20080630    14.8
20080701 20080731    14.4
20080801 20080831    13.3
20080901 20080930    14.2
20081001 20081031    14.7
20081101 20081130    16.5
20081201 20081231    17.7
20090101 20090131    19.2
20090201 20090228    21.3
20090301 20090331    19.9
20090401 20090430    18.4
20090501 20090531    15.6
20090601 20090630    15.1
20090701 20090731    13.7
20090801 20090831    14.3
20090901 20090930    15.1
20091001 20091031    14.6
20091101 20091130    16.2
20091201 20091231    18.0
20100101 20100131    19.2
20100201 20100228    19.9
20100301 20100331    19.2
20100401 20100430    18.3
20100501 20100531    16.9
20100601 20100630    15.0
20100701 20100731    13.7
20100801 20100831    14.7
20100901 20100930    15.2
20101001 20101031    15.7
20101101 20101130    16.4
20101201 20101231    19.5
20110101 20110131    20.6
20110201 20110228    20.2
20110301 20110331    20.4
20110401 20110430    18.3
20110501 20110531    16.6
20110601 20110630    16.0
20110701 20110731    13.6
20110801 20110831    13.8
20110901 20110930    13.7
20111001 20111031    15.6
20111101 20111130    16.3
20111201 20111231    18.9
20120101 20120131    19.2
20120201 20120229    20.4
20120301 20120331    19.4
20120401 20120430    18.5
20120501 20120531    16.0
20120601 20120630    14.8
20120701 20120731    14.5
20120801 20120831    13.3
20120901 20120930    14.1
20121001 20121031    15.2
20121101 20121130    15.7
20121201 20121231    18.8
20130101 20130131    19.2
20130201 20130228    19.3
20130301 20130331    19.2
20130401 20130430    17.9
20130501 20130531    16.0
20130601 20130630    14.5
20130701 20130731    14.1
20130801 20130831    13.7
20130901 20130930    14.5
20131001 20131031    15.2
20131101 20131130    16.6
20131201 20131231    17.6
20140101 20140131    19.4
20140201 20140228    19.4
20140301 20140331    18.3
20140401 20140430    17.7
20140501 20140531    15.9
20140601 20140630    15.5
20140701 20140731    13.5
20140801 20140831    13.8
20140901 20140930    14.6
20141001 20141031    15.0
20141101 20141130    16.1
20141201 20141231    19.3
20150101 20150131    20.2
20150201 20150228    20.5
20150301 20150331    19.5
20150401 20150430    18.8
20150501 20150531    16.8
20150601 20150630    14.9
20150701 20150731    13.6
20150801 20150831    13.6
20150901 20150930    14.4
20151001 20151031    15.3
20151101 20151130    16.8
20151201 20151231    18.3
20160101 20160131    20.1
20160201 20160229    22.2
20160301 20160331    20.7
20160401 20160430    19.3
20160501 20160531    17.9
20160601 20160630    16.1
20160701 20160731    14.9
20160801 20160831    13.5
20160901 20160930    15.2
20161001 20161031    15.0
20161101 20161130    16.6
20161201 20161231    17.7
20170101 20170131    19.3
20170201 20170228    20.8
20170301 20170331    20.1
20170401 20170430    18.9
20170501 20170531    17.2
20170601 20170630    15.2
20170701 20170731    13.5
20170801 20170831    14.4
20170901 20170930    14.2
20171001 20171031    15.5
20171101 20171130    17.0
20171201 20171231    18.6
20180101 20180131    20.2
20180201 20180228    21.0
20180301 20180331    20.6
20180401 20180430    18.9
20180501 20180531    16.4
20180601 20180630    15.0
20180701 20180731    14.1
20180801 20180831    13.5
20180901 20180930    13.6
20181001 20181031    16.0
20181101 20181130    16.8
20181201 20181231    18.5
20190101 20190131    20.0
20190201 20190228    21.3
20190301 20190331    20.5
20190401 20190430    18.1
20190501 20190531    17.3
20190601 20190630    15.3
20190701 20190731    14.3
20190801 20190831    13.7
20190901 20190930    14.6
20191001 20191031    14.6
20191101 20191130    16.3
20191201 20191231    18.3
20200101 20200131    19.1
20200201 20200229    21.6
20200301 20200331    19.4
20200401 20200430    18.0
20200501 20200531    16.7
20200601 20200630    14.8
20200701 20200731    14.9
20200801 20200831    14.2
20200901 20200930    14.0
20201001 20201031    16.7
20201101 20201130    17.1
20201201 20201231    18.6
