MIN TEMP       300001 19580101 20201231 missing_value=99999.9 MAWSON                                    
19580101 19580131    -2.9
19580201 19580228    -8.8
19580301 19580331   -12.9
19580401 19580430   -17.7
19580501 19580531   -18.9
19580601 19580630   -16.9
19580701 19580731   -18.4
19580801 19580831   -23.7
19580901 19580930   -21.7
19581001 19581031   -17.0
19581101 19581130    -9.6
19581201 19581231    -3.7
19590101 19590131    -4.4
19590201 19590228    -8.6
19590301 19590331    -9.5
19590401 19590430   -16.7
19590501 19590531   -19.2
19590601 19590630   -17.3
19590701 19590731   -19.7
19590801 19590831   -19.5
19590901 19590930   -23.5
19591001 19591031   -15.5
19591101 19591130   -10.3
19591201 19591231    -3.6
19600101 19600131    -3.1
19600201 19600229    -6.6
19600301 19600331   -15.9
19600401 19600430   -19.7
19600501 19600531   -22.3
19600601 19600630   -23.1
19600701 19600731   -24.7
19600801 19600831   -21.8
19600901 19600930   -21.9
19601001 19601031   -16.8
19601101 19601130    -9.1
19601201 19601231    -4.8
19610101 19610131    -3.9
19610201 19610228    -4.6
19610301 19610331   -12.3
19610401 19610430   -15.8
19610501 19610531   -17.0
19610601 19610630   -16.8
19610701 19610731   -17.9
19610801 19610831   -19.8
19610901 19610930   -16.5
19611001 19611031   -15.2
19611101 19611130    -8.2
19611201 19611231    -5.4
19620101 19620131    -6.4
19620201 19620228    -7.5
19620301 19620331   -14.3
19620401 19620430   -17.8
19620501 19620531   -23.4
19620601 19620630   -16.8
19620701 19620731   -24.4
19620801 19620831   -27.2
19620901 19620930   -22.5
19621001 19621031   -17.0
19621101 19621130    -8.9
19621201 19621231    -4.5
19630101 19630131    -2.7
19630201 19630228    -8.6
19630301 19630331   -14.1
19630401 19630430   -18.1
19630501 19630531   -20.5
19630601 19630630   -17.9
19630701 19630731   -19.0
19630801 19630831   -17.9
19630901 19630930   -17.3
19631001 19631031   -18.0
19631101 19631130    -9.3
19631201 19631231    -4.6
19640101 19640131    -3.3
19640201 19640229    -7.2
19640301 19640331   -13.9
19640401 19640430   -19.5
19640501 19640531   -23.0
19640601 19640630   -16.5
19640701 19640731   -18.2
19640801 19640831   -17.9
19640901 19640930   -24.6
19641001 19641031   -18.0
19641101 19641130    -7.1
19641201 19641231    -2.8
19650101 19650131    -3.0
19650201 19650228    -5.7
19650301 19650331   -13.7
19650401 19650430   -19.6
19650501 19650531   -16.6
19650601 19650630   -22.2
19650701 19650731   -24.4
19650801 19650831   -21.1
19650901 19650930   -23.7
19651001 19651031   -17.5
19651101 19651130   -11.1
19651201 19651231    -3.7
19660101 19660131    -3.8
19660201 19660228    -6.7
19660301 19660331   -10.8
19660401 19660430   -21.4
19660501 19660531   -17.1
19660601 19660630   -20.1
19660701 19660731   -17.1
19660801 19660831   -25.4
19660901 19660930   -19.0
19661001 19661031   -17.2
19661101 19661130    -8.9
19661201 19661231    -3.2
19670101 19670131    -1.3
19670201 19670228    -8.0
19670301 19670331   -11.9
19670401 19670430   -16.8
19670501 19670531   -19.3
19670601 19670630   -18.5
19670701 19670731   -19.1
19670801 19670831   -24.8
19670901 19670930   -20.5
19671001 19671031   -17.8
19671101 19671130    -7.6
19671201 19671231    -2.5
19680101 19680131    -3.5
19680201 19680229    -8.3
19680301 19680331   -13.0
19680401 19680430   -16.4
19680501 19680531   -18.7
19680601 19680630   -20.5
19680701 19680731   -22.9
19680801 19680831   -22.7
19680901 19680930   -22.7
19681001 19681031   -15.8
19681101 19681130    -8.8
19681201 19681231    -4.8
19690101 19690131    -2.3
19690201 19690228    -7.6
19690301 19690331   -13.5
19690401 19690430   -17.1
19690501 19690531   -20.8
19690601 19690630   -17.4
19690701 19690731   -22.6
19690801 19690831   -24.6
19690901 19690930   -23.2
19691001 19691031   -15.4
19691101 19691130    -9.6
19691201 19691231    -3.7
19700101 19700131    -3.7
19700201 19700228    -9.9
19700301 19700331   -11.1
19700401 19700430   -16.3
19700501 19700531   -19.4
19700601 19700630   -21.4
19700701 19700731   -19.3
19700801 19700831   -22.7
19700901 19700930   -19.8
19701001 19701031   -15.3
19701101 19701130    -9.1
19701201 19701231    -2.7
19710101 19710131    -1.7
19710201 19710228    -6.5
19710301 19710331   -13.9
19710401 19710430   -18.3
19710501 19710531   -19.4
19710601 19710630   -18.8
19710701 19710731   -20.4
19710801 19710831   -20.0
19710901 19710930   -19.6
19711001 19711031   -15.2
19711101 19711130    -9.9
19711201 19711231    -2.3
19720101 19720131    -1.4
19720201 19720229    -6.8
19720301 19720331   -12.8
19720401 19720430   -15.1
19720501 19720531   -23.0
19720601 19720630   -18.6
19720701 19720731   -19.4
19720801 19720831   -18.0
19720901 19720930   -19.7
19721001 19721031   -18.3
19721101 19721130    -9.2
19721201 19721231    -4.3
19730101 19730131    -2.9
19730201 19730228    -8.1
19730301 19730331   -15.0
19730401 19730430   -17.9
19730501 19730531   -17.4
19730601 19730630   -16.5
19730701 19730731   -23.5
19730801 19730831   -24.4
19730901 19730930   -16.5
19731001 19731031   -15.2
19731101 19731130    -7.5
19731201 19731231    -5.5
19740101 19740131    -3.0
19740201 19740228    -7.5
19740301 19740331   -14.2
19740401 19740430   -16.4
19740501 19740531   -22.1
19740601 19740630   -15.7
19740701 19740731   -20.0
19740801 19740831   -18.1
19740901 19740930   -22.1
19741001 19741031   -12.6
19741101 19741130    -6.7
19741201 19741231    -3.1
19750101 19750131    -2.0
19750201 19750228    -7.9
19750301 19750331   -14.2
19750401 19750430   -18.1
19750501 19750531   -17.4
19750601 19750630   -16.5
19750701 19750731   -22.6
19750801 19750831   -23.3
19750901 19750930   -22.0
19751001 19751031   -17.3
19751101 19751130    -6.9
19751201 19751231    -4.1
19760101 19760131    -2.1
19760201 19760229    -6.9
19760301 19760331   -14.3
19760401 19760430   -18.5
19760501 19760531   -23.8
19760601 19760630   -19.9
19760701 19760731   -18.9
19760801 19760831   -25.3
19760901 19760930   -24.5
19761001 19761031   -13.9
19761101 19761130    -8.5
19761201 19761231    -1.7
19770101 19770131    -1.1
19770201 19770228    -6.6
19770301 19770331   -14.6
19770401 19770430   -18.6
19770501 19770531   -17.8
19770601 19770630   -16.0
19770701 19770731   -16.9
19770801 19770831   -17.3
19770901 19770930   -22.8
19771001 19771031   -18.3
19771101 19771130   -11.0
19771201 19771231    -3.6
19780101 19780131    -4.5
19780201 19780228    -7.4
19780301 19780331   -11.6
19780401 19780430   -16.6
19780501 19780531   -18.4
19780601 19780630   -18.1
19780701 19780731   -17.6
19780801 19780831   -26.5
19780901 19780930   -21.1
19781001 19781031   -19.2
19781101 19781130    -7.7
19781201 19781231    -3.5
19790101 19790131    -4.1
19790201 19790228    -9.0
19790301 19790331   -14.8
19790401 19790430   -17.0
19790501 19790531   -21.8
19790601 19790630   -20.3
19790701 19790731   -24.9
19790801 19790831   -23.3
19790901 19790930   -19.5
19791001 19791031   -16.8
19791101 19791130    -8.5
19791201 19791231    -3.2
19800101 19800131    -3.5
19800201 19800229    -7.9
19800301 19800331   -11.1
19800401 19800430   -15.2
19800501 19800531   -23.9
19800601 19800630   -23.2
19800701 19800731   -17.2
19800801 19800831   -22.3
19800901 19800930   -17.3
19801001 19801031   -19.2
19801101 19801130    -6.7
19801201 19801231    -3.9
19810101 19810131    -4.2
19810201 19810228    -6.9
19810301 19810331   -11.0
19810401 19810430   -21.6
19810501 19810531   -20.8
19810601 19810630   -21.0
19810701 19810731   -20.8
19810801 19810831   -17.8
19810901 19810930   -21.2
19811001 19811031   -19.4
19811101 19811130    -9.0
19811201 19811231    -4.7
19820101 19820131    -4.5
19820201 19820228    -8.5
19820301 19820331   -16.0
19820401 19820430   -23.2
19820501 19820531   -22.2
19820601 19820630   -25.8
19820701 19820731   -21.2
19820801 19820831   -27.5
19820901 19820930   -27.1
19821001 19821031   -16.6
19821101 19821130    -7.9
19821201 19821231    -2.8
19830101 19830131    -2.5
19830201 19830228    -6.7
19830301 19830331   -15.0
19830401 19830430   -16.6
19830501 19830531   -18.4
19830601 19830630   -21.8
19830701 19830731   -23.9
19830801 19830831   -19.5
19830901 19830930   -18.2
19831001 19831031   -16.9
19831101 19831130   -12.6
19831201 19831231    -5.5
19840101 19840131    -2.4
19840201 19840229    -7.9
19840301 19840331   -14.4
19840401 19840430   -18.7
19840501 19840531   -17.7
19840601 19840630   -20.9
19840701 19840731   -23.3
19840801 19840831   -19.7
19840901 19840930   -19.2
19841001 19841031   -20.4
19841101 19841130    -9.1
19841201 19841231    -3.0
19850101 19850131    -2.7
19850201 19850228    -8.1
19850301 19850331   -13.1
19850401 19850430   -17.1
19850501 19850531   -20.8
19850601 19850630   -16.0
19850701 19850731   -26.8
19850801 19850831   -23.1
19850901 19850930   -21.7
19851001 19851031   -18.1
19851101 19851130   -11.4
19851201 19851231    -5.5
19860101 19860131    -4.8
19860201 19860228    -3.9
19860301 19860331   -11.3
19860401 19860430   -19.2
19860501 19860531   -17.4
19860601 19860630   -22.0
19860701 19860731   -22.4
19860801 19860831   -23.2
19860901 19860930   -19.5
19861001 19861031   -15.1
19861101 19861130    -9.6
19861201 19861231    -4.5
19870101 19870131    -2.3
19870201 19870228    -6.8
19870301 19870331   -12.6
19870401 19870430   -18.9
19870501 19870531   -21.5
19870601 19870630   -18.0
19870701 19870731   -17.9
19870801 19870831   -24.7
19870901 19870930   -23.2
19871001 19871031   -17.2
19871101 19871130    -9.2
19871201 19871231    -3.7
19880101 19880131    -2.4
19880201 19880229    -8.0
19880301 19880331    -9.5
19880401 19880430   -18.3
19880501 19880531   -17.8
19880601 19880630   -16.7
19880701 19880731   -19.2
19880801 19880831   -18.9
19880901 19880930   -18.1
19881001 19881031   -13.9
19881101 19881130   -10.0
19881201 19881231    -5.5
19890101 19890131    -3.6
19890201 19890228    -6.7
19890301 19890331   -13.9
19890401 19890430   -19.5
19890501 19890531   -25.0
19890601 19890630   -19.2
19890701 19890731   -21.3
19890801 19890831   -18.3
19890901 19890930   -17.9
19891001 19891031   -13.9
19891101 19891130   -10.2
19891201 19891231    -2.1
19900101 19900131    -2.5
19900201 19900228    -7.2
19900301 19900331   -12.7
19900401 19900430   -14.4
19900501 19900531   -17.4
19900601 19900630   -19.6
19900701 19900731   -19.1
19900801 19900831   -23.6
19900901 19900930   -22.6
19901001 19901031   -16.3
19901101 19901130    -8.5
19901201 19901231    -3.7
19910101 19910131    -4.2
19910201 19910228    -5.6
19910301 19910331   -10.4
19910401 19910430   -13.1
19910501 19910531   -18.6
19910601 19910630   -15.9
19910701 19910731   -15.7
19910801 19910831   -18.8
19910901 19910930   -21.0
19911001 19911031   -16.9
19911101 19911130    -9.0
19911201 19911231    -2.2
19920101 19920131    -1.4
19920201 19920229    -4.9
19920301 19920331   -13.0
19920401 19920430   -17.9
19920501 19920531   -19.2
19920601 19920630   -20.1
19920701 19920731   -22.0
19920801 19920831   -21.8
19920901 19920930   -24.9
19921001 19921031   -15.0
19921101 19921130    -8.5
19921201 19921231    -5.4
19930101 19930131    -1.7
19930201 19930228    -7.7
19930301 19930331   -14.6
19930401 19930430   -19.9
19930501 19930531   -22.8
19930601 19930630   -22.4
19930701 19930731   -25.2
19930801 19930831   -25.9
19930901 19930930   -23.4
19931001 19931031   -16.4
19931101 19931130   -10.5
19931201 19931231    -4.5
19940101 19940131    -3.6
19940201 19940228    -8.6
19940301 19940331   -14.6
19940401 19940430   -18.6
19940501 19940531   -23.8
19940601 19940630   -15.2
19940701 19940731   -18.6
19940801 19940831   -23.6
19940901 19940930   -18.0
19941001 19941031   -15.4
19941101 19941130    -9.6
19941201 19941231    -4.3
19950101 19950131    -5.2
19950201 19950228    -7.7
19950301 19950331   -13.1
19950401 19950430   -15.0
19950501 19950531   -19.8
19950601 19950630   -22.1
19950701 19950731   -11.4
19950801 19950831   -23.5
19950901 19950930   -21.0
19951001 19951031   -18.0
19951101 19951130    -9.7
19951201 19951231    -3.4
19960101 19960131    -2.9
19960201 19960229    -6.0
19960301 19960331   -13.5
19960401 19960430   -18.2
19960501 19960531   -24.4
19960601 19960630   -18.2
19960701 19960731   -21.5
19960801 19960831   -17.2
19960901 19960930   -17.2
19961001 19961031   -16.0
19961101 19961130    -8.3
19961201 19961231    -3.1
19970101 19970131    -3.8
19970201 19970228    -7.2
19970301 19970331   -11.5
19970401 19970430   -18.2
19970501 19970531   -21.7
19970601 19970630   -18.9
19970701 19970731   -22.3
19970801 19970831   -22.2
19970901 19970930   -23.2
19971001 19971031   -17.0
19971101 19971130    -8.9
19971201 19971231    -3.3
19980101 19980131    -3.4
19980201 19980228    -7.6
19980301 19980331   -14.7
19980401 19980430   -22.5
19980501 19980531   -22.0
19980601 19980630   -18.2
19980701 19980731   -22.0
19980801 19980831   -19.2
19980901 19980930   -21.0
19981001 19981031   -17.8
19981101 19981130    -7.9
19981201 19981231    -4.1
19990101 19990131    -4.0
19990201 19990228    -7.4
19990301 19990331   -12.7
19990401 19990430   -19.9
19990501 19990531   -21.5
19990601 19990630   -17.7
19990701 19990731   -22.3
19990801 19990831   -22.5
19990901 19990930   -21.1
19991001 19991031   -17.5
19991101 19991130    -9.8
19991201 19991231    -5.4
20000101 20000131    -3.6
20000201 20000229    -9.4
20000301 20000331   -13.8
20000401 20000430   -13.9
20000501 20000531   -21.4
20000601 20000630   -18.1
20000701 20000731   -21.3
20000801 20000831   -20.2
20000901 20000930   -18.6
20001001 20001031   -20.0
20001101 20001130    -7.5
20001201 20001231    -2.7
20010101 20010131    -2.5
20010201 20010228    -6.6
20010301 20010331   -13.4
20010401 20010430   -18.7
20010501 20010531   -17.9
20010601 20010630   -19.2
20010701 20010731   -19.6
20010801 20010831   -24.1
20010901 20010930   -21.9
20011001 20011031   -15.9
20011101 20011130    -8.1
20011201 20011231    -4.0
20020101 20020131    -3.5
20020201 20020228    -8.3
20020301 20020331   -11.8
20020401 20020430   -16.5
20020501 20020531   -14.1
20020601 20020630   -17.9
20020701 20020731   -19.7
20020801 20020831   -23.3
20020901 20020930   -18.9
20021001 20021031   -14.6
20021101 20021130    -9.2
20021201 20021231    -4.1
20030101 20030131    -2.0
20030201 20030228    -4.5
20030301 20030331   -12.0
20030401 20030430   -19.2
20030501 20030531   -21.0
20030601 20030630   -18.1
20030701 20030731   -21.6
20030801 20030831   -22.4
20030901 20030930   -18.9
20031001 20031031   -16.9
20031101 20031130   -10.1
20031201 20031231    -2.8
20040101 20040131    -2.1
20040201 20040229    -5.8
20040301 20040331   -13.6
20040401 20040430   -19.0
20040501 20040531   -18.6
20040601 20040630   -22.3
20040701 20040731   -23.9
20040801 20040831   -20.4
20040901 20040930   -24.0
20041001 20041031   -15.6
20041101 20041130    -8.0
20041201 20041231    -2.1
20050101 20050131    -2.1
20050201 20050228    -7.8
20050301 20050331   -10.8
20050401 20050430   -19.2
20050501 20050531   -21.5
20050601 20050630   -17.7
20050701 20050731   -21.3
20050801 20050831   -22.4
20050901 20050930   -19.5
20051001 20051031   -15.7
20051101 20051130   -10.7
20051201 20051231    -1.8
20060101 20060131    -3.2
20060201 20060228    -8.3
20060301 20060331   -13.0
20060401 20060430   -15.3
20060501 20060531   -21.3
20060601 20060630   -18.6
20060701 20060731   -23.7
20060801 20060831   -19.6
20060901 20060930   -18.8
20061001 20061031   -17.1
20061101 20061130    -8.7
20061201 20061231    -4.5
20070101 20070131    -2.7
20070201 20070228    -7.6
20070301 20070331   -13.4
20070401 20070430   -14.7
20070501 20070531   -12.7
20070601 20070630   -17.1
20070701 20070731   -16.5
20070801 20070831   -18.7
20070901 20070930   -21.6
20071001 20071031   -16.0
20071101 20071130    -7.6
20071201 20071231    -4.6
20080101 20080131    -4.8
20080201 20080229    -7.9
20080301 20080331   -13.7
20080401 20080430   -16.0
20080501 20080531   -17.0
20080601 20080630   -23.2
20080701 20080731   -18.8
20080801 20080831   -24.3
20080901 20080930   -22.7
20081001 20081031   -19.2
20081101 20081130    -9.0
20081201 20081231    -3.3
20090101 20090131    -3.9
20090201 20090228    -6.9
20090301 20090331   -12.4
20090401 20090430   -18.8
20090501 20090531   -17.3
20090601 20090630   -17.6
20090701 20090731   -18.2
20090801 20090831   -22.8
20090901 20090930   -18.0
20091001 20091031   -15.7
20091101 20091130    -9.0
20091201 20091231    -4.0
20100101 20100131    -2.1
20100201 20100228    -6.6
20100301 20100331   -12.4
20100401 20100430   -19.0
20100501 20100531   -19.7
20100601 20100630   -20.9
20100701 20100731   -24.2
20100801 20100831   -24.4
20100901 20100930   -17.0
20101001 20101031   -16.6
20101101 20101130   -10.4
20101201 20101231    -4.2
20110101 20110131    -2.8
20110201 20110228    -8.8
20110301 20110331   -12.7
20110401 20110430   -17.3
20110501 20110531   -19.4
20110601 20110630   -18.6
20110701 20110731   -17.1
20110801 20110831   -19.8
20110901 20110930   -19.3
20111001 20111031   -18.5
20111101 20111130    -8.0
20111201 20111231    -5.2
20120101 20120131    -4.2
20120201 20120229    -7.6
20120301 20120331   -14.8
20120401 20120430   -17.5
20120501 20120531   -21.5
20120601 20120630   -20.5
20120701 20120731   -24.3
20120801 20120831   -23.4
20120901 20120930   -22.2
20121001 20121031   -14.6
20121101 20121130    -7.9
20121201 20121231    -3.3
20130101 20130131    -2.5
20130201 20130228    -7.6
20130301 20130331   -15.1
20130401 20130430   -17.3
20130501 20130531   -22.9
20130601 20130630   -19.4
20130701 20130731   -20.4
20130801 20130831   -20.9
20130901 20130930   -16.0
20131001 20131031   -12.8
20131101 20131130    -7.6
20131201 20131231    -3.2
20140101 20140131    -2.1
20140201 20140228    -7.4
20140301 20140331   -15.4
20140401 20140430   -20.4
20140501 20140531   -16.4
20140601 20140630   -22.1
20140701 20140731   -23.5
20140801 20140831   -20.6
20140901 20140930   -16.7
20141001 20141031   -16.0
20141101 20141130    -7.2
20141201 20141231    -3.6
20150101 20150131    -3.6
20150201 20150228    -8.0
20150301 20150331   -13.6
20150401 20150430   -18.3
20150501 20150531   -25.3
20150601 20150630   -20.0
20150701 20150731   -27.0
20150801 20150831   -23.9
20150901 20150930   -21.0
20151001 20151031   -17.2
20151101 20151130    -8.3
20151201 20151231    -3.4
20160101 20160131    -3.5
20160201 20160229    -8.8
20160301 20160331   -15.4
20160401 20160430   -18.3
20160501 20160531   -19.1
20160601 20160630   -24.2
20160701 20160731   -22.6
20160801 20160831   -18.2
20160901 20160930   -23.5
20161001 20161031   -14.8
20161101 20161130    -6.2
20161201 20161231    -1.7
20170101 20170131    -2.4
20170201 20170228    -7.4
20170301 20170331   -13.0
20170401 20170430   -21.7
20170501 20170531   -17.1
20170601 20170630   -21.8
20170701 20170731   -19.7
20170801 20170831   -23.1
20170901 20170930   -22.1
20171001 20171031   -17.0
20171101 20171130    -7.8
20171201 20171231    -3.8
20180101 20180131    -3.1
20180201 20180228    -7.9
20180301 20180331   -14.8
20180401 20180430   -13.9
20180501 20180531   -18.1
20180601 20180630   -17.6
20180701 20180731   -19.7
20180801 20180831   -15.3
20180901 20180930   -20.7
20181001 20181031   -16.6
20181101 20181130   -10.7
20181201 20181231    -3.8
20190101 20190131    -2.8
20190201 20190228    -5.5
20190301 20190331   -12.8
20190401 20190430   -16.2
20190501 20190531   -20.3
20190601 20190630   -19.7
20190701 20190731   -21.6
20190801 20190831   -20.3
20190901 20190930   -20.2
20191001 20191031   -14.0
20191101 20191130    -6.9
20191201 20191231    -2.8
20200101 20200131    -2.4
20200201 20200229    -7.4
20200301 20200331   -15.5
20200401 20200430   -17.2
20200501 20200531   -16.4
20200601 20200630   -18.4
20200701 20200731   -19.2
20200801 20200831   -17.6
20200901 20200930   -17.8
20201001 20201031   -14.5
20201101 20201130    -7.5
20201201 20201231    -4.2
